
RTEMS Shell on /dev/console. Use 'help' to list commands.
SHLL [/] # nexus0: <RTEMS Nexus device>
info: lo0: link state changed to UP
=== Exp3inter-MT: Task Chain (n=3) MultiThreadedExecutor ===
Period: 200ms, Rounds: 500
[E3IMT-CSV] chain_len,round,e2e_ns,publish_ns,gc_trigger_ns,invoke_cb_ns,getnext_ns,take_data_ns,sched_ns,dispatch_ns
666666
CPP Msg not nullptr
CPP Msg not nullptr
CPP Msg not nullptr
CPP Msg not nullptr
C Msg not NULL
C Msg not NULL
CPP Srv not nullptr
CPP Srv not nullptr
CPP Srv not nullptr
CPP Srv not nullptr
CPP Srv not nullptr
CPP Srv not nullptr
CPP Msg not nullptr
CPP Msg not nullptr
CPP Msg not nullptr
CPP Msg not nullptr
CPP Msg not nullptr
CPP Msg not nullptr
C Msg not NULL
C Msg not NULL
CPP Srv not nullptr
CPP Srv not nullptr
CPP Srv not nullptr
CPP Srv not nullptr
CPP Srv not nullptr
CPP Srv not nullptr
CPP Msg not nullptr
CPP Msg not nullptr
CPP Msg not nullptr
CPP Msg not nullptr
CPP Msg not nullptr
CPP Msg not nullptr
CPP Msg not nullptr
CPP Msg not nullptr
C Msg not NULL
C Msg not NULL
CPP Srv not nullptr
CPP Srv not nullptr
CPP Srv not nullptr
CPP Srv not nullptr
CPP Srv not nullptr
CPP Srv not nullptr
CPP Msg not nullptr
CPP Msg not nullptr
CPP Msg not nullptr
CPP Msg not nullptr
CPP Msg not nullptr
CPP Msg not nullptr
[E3IMT-CSV] 3,0,13342960,1253260,0,0,94260,0,11824900,3768966138
[E3IMT-CSV] 3,1,4416020,1307970,0,0,101880,0,3073990,3889187588
[E3IMT-CSV] 3,2,6854850,3271840,0,0,70040,0,3493150,4297977188
[E3IMT-CSV] 3,3,7656340,3136250,0,0,74370,0,4429960,4699392788
[E3IMT-CSV] 3,4,14911500,4454740,0,0,316620,0,10362540,5108856668
[E3IMT-CSV] 3,5,14646800,4394640,0,0,327140,0,10161300,5508161658
[E3IMT-CSV] 3,6,14570550,4420430,0,0,308920,0,10053160,5908509628
[E3IMT-CSV] 3,7,14632180,4406150,0,0,322380,0,10131610,6308225968
[E3IMT-CSV] 3,8,13903950,5177650,0,0,658850,0,8186830,6716236928
[E3IMT-CSV] 3,9,14540400,4373960,0,0,311710,0,10069120,7108380308
[E3IMT-CSV] 3,10,14063790,4179070,0,0,309930,0,9793780,7507596168
[E3IMT-CSV] 3,11,14584880,4386940,0,0,314080,0,10101490,7908436968
[E3IMT-CSV] 3,12,14947080,4348560,0,0,323210,0,10504640,8308850238
[E3IMT-CSV] 3,13,14552640,4311070,0,0,316330,0,10148270,8708359428
[E3IMT-CSV] 3,14,14569010,4324280,0,0,320700,0,10150630,9108288008
[E3IMT-CSV] 3,15,15277040,4340540,0,0,421560,0,10844040,9509058148
[E3IMT-CSV] 3,16,14605580,4338080,0,0,316840,0,10175600,9908367388
[E3IMT-CSV] 3,17,14620310,4332530,0,0,312190,0,10195170,10308349348
[E3IMT-CSV] 3,18,14600970,4332140,0,0,320310,0,10176790,10708394698
[E3IMT-CSV] 3,19,14404570,4273670,0,0,451860,0,10038000,11108401178
[E3IMT-CSV] 3,20,8033220,2918810,0,0,73750,0,4862080,11500410018
[E3IMT-CSV] 3,21,14734720,4402400,0,0,466410,0,10228750,11908902268
[E3IMT-CSV] 3,22,14586220,4341000,0,0,484820,0,10143810,12308525048
[E3IMT-CSV] 3,23,14739850,4326650,0,0,464690,0,10312060,12708626598
[E3IMT-CSV] 3,24,14829740,4283190,0,0,481470,0,10450260,13108973198
[E3IMT-CSV] 3,25,14856630,4363110,0,0,317310,0,10400930,13508673848
[E3IMT-CSV] 3,26,14567540,4425980,0,0,329300,0,10050580,13908183168
[E3IMT-CSV] 3,27,14575620,4287760,0,0,321160,0,10195390,14308193918
[E3IMT-CSV] 3,28,16985780,4459660,0,0,543230,0,12425360,14711359878
[E3IMT-CSV] 3,29,7193450,3039910,0,0,69960,0,4069220,15098535758
[E3IMT-CSV] 3,30,7421390,2861390,0,0,72360,0,4318830,15499170848
[E3IMT-CSV] 3,31,15307450,4848140,0,0,310240,0,10355360,15909973788
[E3IMT-CSV] 3,32,14990350,4344720,0,0,339180,0,10548260,16308639518
[E3IMT-CSV] 3,33,14540560,4316330,0,0,316350,0,10131320,16708342238
[E3IMT-CSV] 3,34,14875980,4522580,0,0,477710,0,10259450,17108832708
[E3IMT-CSV] 3,35,14552370,4323040,0,0,325540,0,10134470,17508275788
[E3IMT-CSV] 3,36,14740550,4359150,0,0,312520,0,10286920,17908562248
[E3IMT-CSV] 3,37,14771830,4366740,0,0,458950,0,10311790,18308642278
[E3IMT-CSV] 3,38,14161990,4181230,0,0,328730,0,9888240,18707795598
[E3IMT-CSV] 3,39,14772740,4409490,0,0,321780,0,10269630,19108484568
[E3IMT-CSV] 3,40,14567630,4318190,0,0,325160,0,10153780,19508182398
[E3IMT-CSV] 3,41,14747620,4345400,0,0,322370,0,10306490,19908517098
[E3IMT-CSV] 3,42,8605950,2959570,0,0,74310,0,5549900,20300900748
[E3IMT-CSV] 3,43,15668300,4720830,0,0,463950,0,10840830,20710056878
[E3IMT-CSV] 3,44,14501650,4335510,0,0,322400,0,10072500,21107868148
[E3IMT-CSV] 3,45,15355390,4774290,0,0,331400,0,10488040,21510358688
[E3IMT-CSV] 3,46,15419230,4462550,0,0,609270,0,10688580,21909241368
[E3IMT-CSV] 3,47,14545900,4312580,0,0,328920,0,10134070,22308096878
[E3IMT-CSV] 3,48,14837610,4403910,0,0,348980,0,10339690,22708430618
[E3IMT-CSV] 3,49,14651900,4329450,0,0,462480,0,10222480,23108836978
[E3IMT-CSV] 3,50,7625830,2951700,0,0,106130,0,4578530,23498951338
[E3IMT-CSV] 3,51,14457540,4266200,0,0,332860,0,10097730,23908085028
[E3IMT-CSV] 3,52,16838490,4860050,0,0,554930,0,11781630,24310467978
[E3IMT-CSV] 3,53,14771560,4366890,0,0,315950,0,10308790,24708408708
[E3IMT-CSV] 3,54,7980460,2865000,0,0,71020,0,5030510,25100678738
[E3IMT-CSV] 3,55,15575210,4869230,0,0,327740,0,10607260,25509991988
[E3IMT-CSV] 3,56,7101510,2824840,0,0,72020,0,4192660,25898844548
[E3IMT-CSV] 3,57,16972280,4540410,0,0,552850,0,12336940,26311036898
[E3IMT-CSV] 3,58,14885980,4465110,0,0,322270,0,10315810,26708372138
[E3IMT-CSV] 3,59,14928120,4406840,0,0,329850,0,10424850,27108523858
[E3IMT-CSV] 3,60,14665360,4355920,0,0,331460,0,10215320,27508123868
[E3IMT-CSV] 3,61,14564720,4311540,0,0,325410,0,10161080,27908023308
[E3IMT-CSV] 3,62,8693160,3022890,0,0,73130,0,5580410,28300796108
[E3IMT-CSV] 3,63,16419120,4605990,0,0,757240,0,11714450,28710462268
[E3IMT-CSV] 3,64,16207250,4661150,0,0,543810,0,11445550,29110295478
[E3IMT-CSV] 3,65,14950550,4495550,0,0,322160,0,10356990,29508385138
[E3IMT-CSV] 3,66,7888650,4164490,0,0,70120,0,3639470,29899228548
[E3IMT-CSV] 3,67,14590860,4357310,0,0,327980,0,10137580,30308028818
[E3IMT-CSV] 3,68,15135900,4633340,0,0,471200,0,10403300,30708833998
[E3IMT-CSV] 3,69,14893950,4609740,0,0,315390,0,10183660,31108550688
[E3IMT-CSV] 3,70,14841180,4444920,0,0,315570,0,10302950,31508209568
[E3IMT-CSV] 3,71,14872920,4421580,0,0,326960,0,10357010,31908505998
[E3IMT-CSV] 3,72,14947070,4493940,0,0,312000,0,10359440,32308586368
[E3IMT-CSV] 3,73,14896220,4401760,0,0,460570,0,10394500,32708839088
[E3IMT-CSV] 3,74,14993330,4432400,0,0,462890,0,10460980,33108905898
[E3IMT-CSV] 3,75,16951520,4833530,0,0,559710,0,12014720,33510528758
[E3IMT-CSV] 3,76,15089470,4746810,0,0,331510,0,10243920,33908725908
[E3IMT-CSV] 3,77,14811450,4355660,0,0,329960,0,10361770,34308215288
[E3IMT-CSV] 3,78,14942510,4417410,0,0,337390,0,10425960,34708353938
[E3IMT-CSV] 3,79,14801660,4533110,0,0,469990,0,10168730,35108556108
[E3IMT-CSV] 3,80,14844980,4435170,0,0,323640,0,10315240,35508137788
[E3IMT-CSV] 3,81,14888200,4413560,0,0,332570,0,10377890,35908262648
[E3IMT-CSV] 3,82,15101660,4496000,0,0,491260,0,10504570,36309110068
[E3IMT-CSV] 3,83,14935830,4572230,0,0,328030,0,10267360,36708508808
[E3IMT-CSV] 3,84,14911470,4562410,0,0,333430,0,10253350,37108498258
[E3IMT-CSV] 3,85,14403940,4139910,0,0,446380,0,9996900,37508142358
[E3IMT-CSV] 3,86,14849020,4433560,0,0,311920,0,10318350,37908146918
[E3IMT-CSV] 3,87,15099850,4462600,0,0,472150,0,10365000,38308804228
[E3IMT-CSV] 3,88,14952630,4415150,0,0,330850,0,10428850,38708421868
[E3IMT-CSV] 3,89,14630310,4325620,0,0,327850,0,10211130,39108124238
[E3IMT-CSV] 3,90,14955040,4454260,0,0,320750,0,10404180,39508279078
[E3IMT-CSV] 3,91,14857540,4414020,0,0,324500,0,10348340,39908267178
[E3IMT-CSV] 3,92,15024340,4471440,0,0,477640,0,10452030,40309012028
[E3IMT-CSV] 3,93,15224010,4627640,0,0,339220,0,10499630,40708750338
[E3IMT-CSV] 3,94,14429330,4278630,0,0,312410,0,10056610,41107957508
[E3IMT-CSV] 3,95,17167270,4590360,0,0,387680,0,12480960,41511198038
[E3IMT-CSV] 3,96,17090040,5204300,0,0,381220,0,11783730,41911321928
[E3IMT-CSV] 3,97,14977390,4437170,0,0,343890,0,10443810,42308334578
[E3IMT-CSV] 3,98,14978400,4624200,0,0,456890,0,10261350,42708600658
[E3IMT-CSV] 3,99,15436550,4414250,0,0,313820,0,10929670,43108544208
[E3IMT-CSV] 3,100,16925680,4532280,0,0,536140,0,12294620,43510849548
[E3IMT-CSV] 3,101,15071250,4479910,0,0,322010,0,10487950,43908409548
[E3IMT-CSV] 3,102,15810970,4623350,0,0,505060,0,11089980,44309408348
[E3IMT-CSV] 3,103,6842650,2883380,0,0,74220,0,3876060,44698432848
[E3IMT-CSV] 3,104,7193010,2843710,0,0,74110,0,4266870,45098888858
[E3IMT-CSV] 3,105,14872400,4387340,0,0,327620,0,10390820,45508102778
[E3IMT-CSV] 3,106,14865620,4406820,0,0,318810,0,10365200,45908003588
[E3IMT-CSV] 3,107,14972130,4654230,0,0,318720,0,10220200,46308443508
[E3IMT-CSV] 3,108,6912700,2648590,0,0,71840,0,4182370,46696630048
[E3IMT-CSV] 3,109,16921430,4905960,0,0,528960,0,11914820,47112884168
[E3IMT-CSV] 3,110,15006180,4467660,0,0,323430,0,10443000,47508397848
[E3IMT-CSV] 3,111,8752540,2754690,0,0,116600,0,5908440,47900538898
[E3IMT-CSV] 3,112,14813610,4319720,0,0,474440,0,10221310,48308415778
[E3IMT-CSV] 3,113,14651100,4332750,0,0,320410,0,10225010,48708021838
[E3IMT-CSV] 3,114,14627060,4318350,0,0,336710,0,10214930,49108024648
[E3IMT-CSV] 3,115,14600100,4331010,0,0,325780,0,10166010,49508044418
[E3IMT-CSV] 3,116,14601690,4315340,0,0,319300,0,10193700,49907886758
[E3IMT-CSV] 3,117,14823160,4343710,0,0,334100,0,10386020,50308248988
[E3IMT-CSV] 3,118,14946340,4429580,0,0,335710,0,10412630,50708329028
[E3IMT-CSV] 3,119,15034910,4463350,0,0,331600,0,10476440,51108345128
[E3IMT-CSV] 3,120,14885680,4434240,0,0,324910,0,10354370,51508251288
[E3IMT-CSV] 3,121,14903030,4544060,0,0,317330,0,10263710,51908351788
[E3IMT-CSV] 3,122,14564420,4368060,0,0,488940,0,10098370,52308082488
[E3IMT-CSV] 3,123,14937410,4586000,0,0,321020,0,10253150,52708369488
[E3IMT-CSV] 3,124,15037380,4375060,0,0,481430,0,10394130,53108652178
[E3IMT-CSV] 3,125,15098070,4442560,0,0,469830,0,10550580,53508940078
[E3IMT-CSV] 3,126,15042000,4445900,0,0,327080,0,10501800,53908338998
[E3IMT-CSV] 3,127,15897210,4729050,0,0,328830,0,11071310,54309198958
[E3IMT-CSV] 3,128,14999570,4441890,0,0,322340,0,10449080,54708381608
[E3IMT-CSV] 3,129,14708790,4406140,0,0,321270,0,10202050,55107802398
[E3IMT-CSV] 3,130,14862260,4380950,0,0,322200,0,10385210,55508054488
[E3IMT-CSV] 3,131,16376940,5148770,0,0,487270,0,11121520,55910557108
[E3IMT-CSV] 3,132,15060910,4457250,0,0,331570,0,10506000,56308365668
[E3IMT-CSV] 3,133,14947650,4452900,0,0,325180,0,10400090,56708283868
[E3IMT-CSV] 3,134,15010020,4446110,0,0,322780,0,10465750,57108262938
[E3IMT-CSV] 3,135,16448270,4645550,0,0,553060,0,11703270,57510210568
[E3IMT-CSV] 3,136,15016550,4465450,0,0,310870,0,10454630,57908267038
[E3IMT-CSV] 3,137,15179920,4426110,0,0,498270,0,10653150,58308878068
[E3IMT-CSV] 3,138,6991930,2690880,0,0,75570,0,4218080,58696725328
[E3IMT-CSV] 3,139,15028040,4611940,0,0,473330,0,10318120,59108499378
[E3IMT-CSV] 3,140,14356800,4262490,0,0,310560,0,9999330,59507613668
[E3IMT-CSV] 3,141,16023130,4420780,0,0,381280,0,11508500,59909165698
[E3IMT-CSV] 3,142,15062330,4893830,0,0,325800,0,10059800,60310405138
[E3IMT-CSV] 3,143,14965870,4580760,0,0,466380,0,10279840,60708425398
[E3IMT-CSV] 3,144,17161540,4591630,0,0,633940,0,12476640,61110937238
[E3IMT-CSV] 3,145,17017800,4547870,0,0,385800,0,12373050,61510898058
[E3IMT-CSV] 3,146,14933330,4452800,0,0,321290,0,10384290,61908021488
[E3IMT-CSV] 3,147,6807450,3002300,0,0,74320,0,3722240,62296802688
[E3IMT-CSV] 3,148,16992300,4567320,0,0,566960,0,12327540,62710646498
[E3IMT-CSV] 3,149,22196630,8415160,0,0,704860,0,13609230,63126763228
[E3IMT-CSV] 3,150,15507830,5876190,0,0,307340,0,9536110,63511733068
[E3IMT-CSV] 3,151,15025700,4418810,0,0,324540,0,10512020,63908162068
[E3IMT-CSV] 3,152,14974300,4405850,0,0,322280,0,10470660,64308135398
[E3IMT-CSV] 3,153,14973710,4498570,0,0,321460,0,10379720,64708119978
[E3IMT-CSV] 3,154,14970700,4379840,0,0,468280,0,10482420,65108415138
[E3IMT-CSV] 3,155,7532540,2982290,0,0,120110,0,4465420,65498360978
[E3IMT-CSV] 3,156,14951150,4605780,0,0,311470,0,10247540,65908187578
[E3IMT-CSV] 3,157,14171460,4226200,0,0,458170,0,9849400,66307756758
[E3IMT-CSV] 3,158,14986010,4456530,0,0,323080,0,10433240,66708231358
[E3IMT-CSV] 3,159,16120810,4753120,0,0,500640,0,11098560,67109443898
[E3IMT-CSV] 3,160,15087910,4660190,0,0,311790,0,10330680,67508291948
[E3IMT-CSV] 3,161,14981520,4435750,0,0,320910,0,10450160,67907897608
[E3IMT-CSV] 3,162,14996780,4457530,0,0,329870,0,10442870,68308170478
[E3IMT-CSV] 3,163,15088610,4635620,0,0,321790,0,10357150,68708375038
[E3IMT-CSV] 3,164,14992170,4421060,0,0,320710,0,10476920,69107964148
[E3IMT-CSV] 3,165,13634340,4639700,0,0,245250,0,8895010,69507528178
[E3IMT-CSV] 3,166,14895140,4308600,0,0,480280,0,10488720,69908596158
[E3IMT-CSV] 3,167,14974920,4630110,0,0,313160,0,10246910,70308163568
[E3IMT-CSV] 3,168,14575760,4348370,0,0,311930,0,10131480,70707625508
[E3IMT-CSV] 3,169,14879970,4414650,0,0,315850,0,10372390,71108078648
[E3IMT-CSV] 3,170,14977950,4416120,0,0,314490,0,10465900,71507985308
[E3IMT-CSV] 3,171,14822580,4415470,0,0,311170,0,10310160,71908063988
[E3IMT-CSV] 3,172,6817440,2664170,0,0,119160,0,4063750,72296271918
[E3IMT-CSV] 3,173,17033300,4695200,0,0,722400,0,12238790,72710821488
[E3IMT-CSV] 3,174,15077780,4451250,0,0,315260,0,10525180,73108124388
[E3IMT-CSV] 3,175,6896790,2712630,0,0,75060,0,4099150,73496380948
[E3IMT-CSV] 3,176,14912100,4397710,0,0,323460,0,10418980,73907887438
[E3IMT-CSV] 3,177,14944690,4479160,0,0,321470,0,10370380,74308036478
[E3IMT-CSV] 3,178,15554040,4449230,0,0,309580,0,11009500,74708523768
[E3IMT-CSV] 3,179,15122690,4448950,0,0,325450,0,10577570,75108149488
[E3IMT-CSV] 3,180,15000140,4473010,0,0,331090,0,10433480,75507928328
[E3IMT-CSV] 3,181,14928090,4505290,0,0,472640,0,10327720,75908475948
[E3IMT-CSV] 3,182,15003780,4263940,0,0,308770,0,10645120,76308610888
[E3IMT-CSV] 3,183,18231060,4901900,0,0,408640,0,13231390,76713158768
[E3IMT-CSV] 3,184,15101140,4437740,0,0,481720,0,10567120,77108672648
[E3IMT-CSV] 3,185,14878560,4401540,0,0,313780,0,10378840,77508030738
[E3IMT-CSV] 3,186,15607820,4474310,0,0,340220,0,11039050,77908741098
[E3IMT-CSV] 3,187,14245560,4250890,0,0,303770,0,9898480,78307152168
[E3IMT-CSV] 3,188,15010720,4460910,0,0,323400,0,10452460,78708007458
[E3IMT-CSV] 3,189,15475350,4416610,0,0,483990,0,10961350,79108516078
[E3IMT-CSV] 3,190,14961310,4439510,0,0,331000,0,10424210,79507953898
[E3IMT-CSV] 3,191,14131500,4464990,0,0,461230,0,9565200,79909539708
[E3IMT-CSV] 3,192,7161530,2625990,0,0,69350,0,4454550,80297150028
[E3IMT-CSV] 3,193,8450080,3124280,0,0,70200,0,5239500,80699849448
[E3IMT-CSV] 3,194,14559880,4348440,0,0,318580,0,10114250,81107478848
[E3IMT-CSV] 3,195,18121340,7279680,0,0,258400,0,10728640,81512281048
[E3IMT-CSV] 3,196,16111750,3687230,0,0,414560,0,12318810,81913319668
[E3IMT-CSV] 3,197,10032560,4546700,0,0,298090,0,5387730,82301091188
[E3IMT-CSV] 3,198,14877360,4443040,0,0,315070,0,10338450,82707864288
[E3IMT-CSV] 3,199,14997290,4431460,0,0,483340,0,10294150,83108302468
[E3IMT-CSV] 3,200,14824860,4400720,0,0,319740,0,10324780,83507657788
[E3IMT-CSV] 3,201,14619510,4404420,0,0,315030,0,10118030,83907559498
[E3IMT-CSV] 3,202,14937650,4384990,0,0,332450,0,10456010,84307823138
[E3IMT-CSV] 3,203,14907170,4580090,0,0,479250,0,10224060,84708089368
[E3IMT-CSV] 3,204,14823100,4380880,0,0,315320,0,10343990,85107817048
[E3IMT-CSV] 3,205,15083400,4466700,0,0,307150,0,10517440,85508836388
[E3IMT-CSV] 3,206,13508210,4531530,0,0,237310,0,8881940,85906979598
[E3IMT-CSV] 3,207,14990550,4447990,0,0,319130,0,10445380,86307802008
[E3IMT-CSV] 3,208,14900010,4439020,0,0,324940,0,10365960,86707829858
[E3IMT-CSV] 3,209,15041790,4599570,0,0,320490,0,10346700,87108105488
[E3IMT-CSV] 3,210,14929110,4421700,0,0,331500,0,10408620,87507804838
[E3IMT-CSV] 3,211,15577520,4432580,0,0,304730,0,11047370,87908443298
[E3IMT-CSV] 3,212,16616340,4793730,0,0,557340,0,11724630,88309718708
[E3IMT-CSV] 3,213,13253000,4360050,0,0,254930,0,8789730,88706358118
[E3IMT-CSV] 3,214,14898070,4431140,0,0,311600,0,10371450,89107967308
[E3IMT-CSV] 3,215,14870830,4443420,0,0,319610,0,10329910,89507650168
[E3IMT-CSV] 3,216,15020870,4435700,0,0,323760,0,10488340,89907970238
[E3IMT-CSV] 3,217,15000080,4448140,0,0,320380,0,10453840,90307988778
[E3IMT-CSV] 3,218,14898590,4419670,0,0,323160,0,10384980,90707680218
[E3IMT-CSV] 3,219,14930760,4398920,0,0,326710,0,10440220,91107796228
[E3IMT-CSV] 3,220,15036020,4470050,0,0,327200,0,10472080,91507865478
[E3IMT-CSV] 3,221,8369290,3019600,0,0,70730,0,5259260,91899847008
[E3IMT-CSV] 3,222,14914490,4432190,0,0,319130,0,10388720,92307775098
[E3IMT-CSV] 3,223,15119240,4524910,0,0,488590,0,10493400,92708510698
[E3IMT-CSV] 3,224,15078240,4602950,0,0,318020,0,10382210,93108025218
[E3IMT-CSV] 3,225,14896640,4390750,0,0,321860,0,10408740,93507654388
[E3IMT-CSV] 3,226,15042240,4581980,0,0,472480,0,10359630,93908087368
[E3IMT-CSV] 3,227,15127930,4611280,0,0,321770,0,10414290,94308228958
[E3IMT-CSV] 3,228,14844990,4465860,0,0,317350,0,10280570,94707726838
[E3IMT-CSV] 3,229,15274410,4350030,0,0,466970,0,10831850,95108377048
[E3IMT-CSV] 3,230,14231090,4247390,0,0,299770,0,9889060,95506952008
[E3IMT-CSV] 3,231,14601500,4383960,0,0,315230,0,10120620,95907303728
[E3IMT-CSV] 3,232,9234210,3354550,0,0,70710,0,5794320,96300956208
[E3IMT-CSV] 3,233,16228420,4740000,0,0,518700,0,11389590,96709547648
[E3IMT-CSV] 3,234,13199820,4731780,0,0,231280,0,8372270,97106150378
[E3IMT-CSV] 3,235,14690970,4412170,0,0,311760,0,10182850,97507430898
[E3IMT-CSV] 3,236,14959600,4454530,0,0,320630,0,10408570,97907624698
[E3IMT-CSV] 3,237,15081460,4440850,0,0,342020,0,10543760,98307959018
[E3IMT-CSV] 3,238,10412800,3298470,0,0,390990,0,7029980,98703059458
[E3IMT-CSV] 3,239,15477220,4271030,0,0,314540,0,11112370,99109182248
[E3IMT-CSV] 3,240,14909690,4444080,0,0,324260,0,10370070,99507614378
[E3IMT-CSV] 3,241,15005950,4457620,0,0,324730,0,10451080,99907719528
[E3IMT-CSV] 3,242,14998960,4594590,0,0,321930,0,10308680,100307961268
[E3IMT-CSV] 3,243,14197970,4370850,0,0,456940,0,9727090,100707675798
[E3IMT-CSV] 3,244,15129530,4374300,0,0,445380,0,10660830,101108919848
[E3IMT-CSV] 3,245,14300030,4189050,0,0,437390,0,10016050,101507175238
[E3IMT-CSV] 3,246,15003170,4924920,0,0,303160,0,9975840,101910688788
[E3IMT-CSV] 3,247,14987110,4366360,0,0,316720,0,10523920,102308479908
[E3IMT-CSV] 3,248,15021170,4378590,0,0,505430,0,10537270,102708400148
[E3IMT-CSV] 3,249,8299640,3112280,0,0,69810,0,5098850,103099357238
[E3IMT-CSV] 3,250,14878410,4436840,0,0,315620,0,10346960,103507438888
[E3IMT-CSV] 3,251,15088930,4444000,0,0,336920,0,10544590,103908735278
[E3IMT-CSV] 3,252,14809360,4276390,0,0,511730,0,10437300,104308156818
[E3IMT-CSV] 3,253,15091360,4348090,0,0,507980,0,10645710,104708436188
[E3IMT-CSV] 3,254,13560690,4638570,0,0,237330,0,8824020,105107122728
[E3IMT-CSV] 3,255,14886500,4390610,0,0,323580,0,10403120,105507535108
[E3IMT-CSV] 3,256,14971720,4431230,0,0,322550,0,10440400,105907654728
[E3IMT-CSV] 3,257,14868470,4352840,0,0,327290,0,10418400,106307645768
[E3IMT-CSV] 3,258,14869710,4297750,0,0,311110,0,10475440,106708292418
[E3IMT-CSV] 3,259,14893990,4364740,0,0,308750,0,10435450,107108555168
[E3IMT-CSV] 3,260,14942000,4361680,0,0,503480,0,10484410,107508272958
[E3IMT-CSV] 3,261,15200590,4401290,0,0,415870,0,10699370,107908605668
[E3IMT-CSV] 3,262,14574180,4320600,0,0,316380,0,10157940,108307359938
[E3IMT-CSV] 3,263,15022220,4606710,0,0,471400,0,10320170,108707978328
[E3IMT-CSV] 3,264,15014330,4422950,0,0,307970,0,10492720,109108410208
[E3IMT-CSV] 3,265,14878080,4292990,0,0,306050,0,10489340,109508272738
[E3IMT-CSV] 3,266,14980310,4327920,0,0,313450,0,10552900,109908413208
[E3IMT-CSV] 3,267,15434130,4250610,0,0,305050,0,11080380,110309760648
[E3IMT-CSV] 3,268,15088370,4336770,0,0,314160,0,10655090,110708452338
[E3IMT-CSV] 3,269,15015830,4346720,0,0,322200,0,10551510,111108381588
[E3IMT-CSV] 3,270,13793170,4407110,0,0,422470,0,9282410,111506909138
[E3IMT-CSV] 3,271,14931210,4454560,0,0,319590,0,10379640,111907500978
[E3IMT-CSV] 3,272,15054200,4455020,0,0,323100,0,10504270,112307783648
[E3IMT-CSV] 3,273,15127410,4735350,0,0,475850,0,10293900,112708014868
[E3IMT-CSV] 3,274,14995050,4376490,0,0,471320,0,10523860,113108234688
[E3IMT-CSV] 3,275,14981240,4418600,0,0,318140,0,10465570,113507723238
[E3IMT-CSV] 3,276,7854820,2689870,0,0,77430,0,5074610,113898284098
[E3IMT-CSV] 3,277,15175540,4629970,0,0,311650,0,10450100,114307914588
[E3IMT-CSV] 3,278,14966090,4494860,0,0,334840,0,10377880,114707435778
[E3IMT-CSV] 3,279,14934570,4420860,0,0,318840,0,10416790,115107480488
[E3IMT-CSV] 3,280,14977530,4443880,0,0,326830,0,10434160,115507565388
[E3IMT-CSV] 3,281,14942410,4452510,0,0,313890,0,10389520,115907564618
[E3IMT-CSV] 3,282,15044550,4440590,0,0,323420,0,10505630,116307595258
[E3IMT-CSV] 3,283,14967640,4453330,0,0,329110,0,10413380,116707668478
[E3IMT-CSV] 3,284,15084790,4465680,0,0,314150,0,10520760,117107659818
[E3IMT-CSV] 3,285,15216620,4469580,0,0,337430,0,10652970,117507788338
[E3IMT-CSV] 3,286,17275230,4980450,0,0,391100,0,12194850,117912437638
[E3IMT-CSV] 3,287,14866950,4574190,0,0,506200,0,10193690,118310078328
[E3IMT-CSV] 3,288,14949470,4322030,0,0,309970,0,10531670,118708349048
[E3IMT-CSV] 3,289,14983920,4367310,0,0,306740,0,10521600,119108596158
[E3IMT-CSV] 3,290,13627350,4369810,0,0,420300,0,9162170,119506665808
[E3IMT-CSV] 3,291,14785530,4385880,0,0,322070,0,10302460,119907322248
[E3IMT-CSV] 3,292,15019590,4457570,0,0,327650,0,10464640,120307625168
[E3IMT-CSV] 3,293,15106090,4611760,0,0,321940,0,10394080,120707812698
[E3IMT-CSV] 3,294,14941900,4446630,0,0,325070,0,10400860,121107290838
[E3IMT-CSV] 3,295,15459380,4235410,0,0,316850,0,11130720,121508989098
[E3IMT-CSV] 3,296,14995310,4395000,0,0,329670,0,10500230,121907558678
[E3IMT-CSV] 3,297,14928500,4407720,0,0,323890,0,10420120,122307437658
[E3IMT-CSV] 3,298,15065160,4681880,0,0,304830,0,10284800,122707790808
[E3IMT-CSV] 3,299,15078440,4643850,0,0,321010,0,10336030,123107743048
[E3IMT-CSV] 3,300,14695570,4398970,0,0,322460,0,10202700,123506892898
[E3IMT-CSV] 3,301,15059500,4455640,0,0,304020,0,10506120,123907753308
[E3IMT-CSV] 3,302,15923800,4445210,0,0,377510,0,11380740,124308567858
[E3IMT-CSV] 3,303,17233010,4595730,0,0,386910,0,12539740,124710583948
[E3IMT-CSV] 3,304,14963910,4376650,0,0,303980,0,10491740,125108447538
[E3IMT-CSV] 3,305,14947420,4325670,0,0,497350,0,10517820,125507930468
[E3IMT-CSV] 3,306,14589500,4282060,0,0,498610,0,10204010,125907734738
[E3IMT-CSV] 3,307,14954840,4336690,0,0,330290,0,10512210,126308193088
[E3IMT-CSV] 3,308,14817520,4286010,0,0,335040,0,10428480,126708037948
[E3IMT-CSV] 3,309,14895220,4306560,0,0,317410,0,10486010,127108090448
[E3IMT-CSV] 3,310,14953790,4319260,0,0,523820,0,10530430,127508114168
[E3IMT-CSV] 3,311,15007840,4307030,0,0,342450,0,10602310,127908328958
[E3IMT-CSV] 3,312,15093710,4655720,0,0,462510,0,10336550,128307798218
[E3IMT-CSV] 3,313,14920630,4535670,0,0,321210,0,10283920,128707623838
[E3IMT-CSV] 3,314,14832770,4378370,0,0,323710,0,10351940,129107304258
[E3IMT-CSV] 3,315,14868220,4431600,0,0,317240,0,10338630,129507235238
[E3IMT-CSV] 3,316,14893820,4414870,0,0,324440,0,10380160,129907384698
[E3IMT-CSV] 3,317,14784160,4351930,0,0,319950,0,10330840,130307282218
[E3IMT-CSV] 3,318,14616990,4325130,0,0,325460,0,10198380,130707037468
[E3IMT-CSV] 3,319,14883680,4371260,0,0,319110,0,10412100,131107586908
[E3IMT-CSV] 3,320,15023350,4426370,0,0,328530,0,10496750,131507371388
[E3IMT-CSV] 3,321,14967340,4412700,0,0,320130,0,10455710,131907509058
[E3IMT-CSV] 3,322,14876700,4411530,0,0,314880,0,10365180,132307411898
[E3IMT-CSV] 3,323,15467440,5818610,0,0,297780,0,9548360,132709934308
[E3IMT-CSV] 3,324,15063420,4444860,0,0,323630,0,10514980,133108228448
[E3IMT-CSV] 3,325,15539820,4389480,0,0,637000,0,11051440,133508442808
[E3IMT-CSV] 3,326,15043570,4799740,0,0,313720,0,10139950,133910351328
[E3IMT-CSV] 3,327,12330430,3713790,0,0,234760,0,8514670,134305637528
[E3IMT-CSV] 3,328,15057860,4543410,0,0,325530,0,10421140,134707347598
[E3IMT-CSV] 3,329,15030360,4662920,0,0,317680,0,10270080,135107644538
[E3IMT-CSV] 3,330,14933260,4321610,0,0,502790,0,10509950,135508043328
[E3IMT-CSV] 3,331,14804630,4332050,0,0,486570,0,10375130,135907901518
[E3IMT-CSV] 3,332,14987130,4377600,0,0,321630,0,10510000,136308121228
[E3IMT-CSV] 3,333,14908900,4316060,0,0,327120,0,10494670,136708081178
[E3IMT-CSV] 3,334,14900080,4347760,0,0,313910,0,10457700,137108278518
[E3IMT-CSV] 3,335,15033930,4658610,0,0,316430,0,10277230,137507585708
[E3IMT-CSV] 3,336,14835690,4395370,0,0,323450,0,10344740,137907213788
[E3IMT-CSV] 3,337,14903210,4394250,0,0,330180,0,10412370,138307309828
[E3IMT-CSV] 3,338,14942500,4452770,0,0,326590,0,10386980,138707209708
[E3IMT-CSV] 3,339,14906330,4414300,0,0,321490,0,10393270,139107378578
[E3IMT-CSV] 3,340,14914370,4441090,0,0,322480,0,10369340,139507170258
[E3IMT-CSV] 3,341,14899830,4405950,0,0,322020,0,10395320,139907484428
[E3IMT-CSV] 3,342,8540640,2828990,0,0,72220,0,5606010,140298984698
[E3IMT-CSV] 3,343,15000800,4619070,0,0,316930,0,10284580,140707550018
[E3IMT-CSV] 3,344,14908180,4417040,0,0,325100,0,10391450,141107307308
[E3IMT-CSV] 3,345,14944520,4419150,0,0,331500,0,10426540,141507239708
[E3IMT-CSV] 3,346,14796310,4361930,0,0,330320,0,10339650,141907159528
[E3IMT-CSV] 3,347,14946550,4417160,0,0,328440,0,10430170,142307290938
[E3IMT-CSV] 3,348,14885240,4421070,0,0,328220,0,10361160,142707075088
[E3IMT-CSV] 3,349,15364760,4390080,0,0,478480,0,10877630,143107996558
[E3IMT-CSV] 3,350,14921950,4565340,0,0,510520,0,10261010,143509872618
[E3IMT-CSV] 3,351,14244000,3992240,0,0,489160,0,10154430,143907167918
[E3IMT-CSV] 3,352,14841720,4283490,0,0,322780,0,10459140,144307897618
[E3IMT-CSV] 3,353,14953410,4346600,0,0,329440,0,10501730,144708026708
[E3IMT-CSV] 3,354,14962220,4328270,0,0,500880,0,10509970,145107926558
[E3IMT-CSV] 3,355,14876470,4373360,0,0,496400,0,10405260,145507820568
[E3IMT-CSV] 3,356,6706910,2986940,0,0,75500,0,3635210,145895825578
[E3IMT-CSV] 3,357,14985200,4400300,0,0,320090,0,10487410,146308129028
[E3IMT-CSV] 3,358,14833650,4311050,0,0,504480,0,10427860,146707760248
[E3IMT-CSV] 3,359,15012480,4336590,0,0,321590,0,10579070,147108102618
[E3IMT-CSV] 3,360,15004520,4399780,0,0,501930,0,10498160,147507983178
[E3IMT-CSV] 3,361,14849420,4294780,0,0,503340,0,10459310,147907754148
[E3IMT-CSV] 3,362,14901950,4842370,0,0,319460,0,9961000,148309399508
[E3IMT-CSV] 3,363,14985950,4580850,0,0,456090,0,10304420,148707495568
[E3IMT-CSV] 3,364,15013180,4557160,0,0,320700,0,10364060,149107514988
[E3IMT-CSV] 3,365,15379200,4371280,0,0,335400,0,10899270,149507670198
[E3IMT-CSV] 3,366,7735830,2926490,0,0,72500,0,4726220,149897845248
[E3IMT-CSV] 3,367,14885060,4382870,0,0,321470,0,10396930,150307215878
[E3IMT-CSV] 3,368,14986230,4422450,0,0,327590,0,10455060,150707283048
[E3IMT-CSV] 3,369,14837320,4505440,0,0,325430,0,10226660,151109040798
[E3IMT-CSV] 3,370,14924270,4406550,0,0,317330,0,10415090,151507183988
[E3IMT-CSV] 3,371,10656030,2918190,0,0,380670,0,7647340,151903012478
[E3IMT-CSV] 3,372,15024430,4427820,0,0,331150,0,10490420,152307223768
[E3IMT-CSV] 3,373,7610690,2951040,0,0,108740,0,4577420,152699695848
[E3IMT-CSV] 3,374,14699260,4456990,0,0,323610,0,10148550,153106819758
[E3IMT-CSV] 3,375,14819260,4365060,0,0,321440,0,10351540,153506948378
[E3IMT-CSV] 3,376,14900190,4426520,0,0,321110,0,10378680,153907064128
[E3IMT-CSV] 3,377,15091170,4779600,0,0,472330,0,10206640,154309547368
[E3IMT-CSV] 3,378,14858830,4484740,0,0,330130,0,10268620,154709192578
[E3IMT-CSV] 3,379,14361950,4344830,0,0,295860,0,9921330,155106862308
[E3IMT-CSV] 3,380,15073050,4433060,0,0,327850,0,10533200,155507281178
[E3IMT-CSV] 3,381,16333410,4981240,0,0,390360,0,11251840,155911578208
[E3IMT-CSV] 3,382,14873570,4393700,0,0,317310,0,10378460,156307154408
[E3IMT-CSV] 3,383,14687890,4700430,0,0,320410,0,9888470,156709645768
[E3IMT-CSV] 3,384,15413730,4314970,0,0,487090,0,10986280,157108159018
[E3IMT-CSV] 3,385,14973800,4444700,0,0,468580,0,10424830,157507714928
[E3IMT-CSV] 3,386,16139300,4817090,0,0,506680,0,11211230,157910956018
[E3IMT-CSV] 3,387,15024890,4592650,0,0,318790,0,10329920,158307403518
[E3IMT-CSV] 3,388,7063120,2958230,0,0,73110,0,4020720,158698159778
[E3IMT-CSV] 3,389,14954510,4407000,0,0,323710,0,10438430,159107875928
[E3IMT-CSV] 3,390,15026750,4354770,0,0,327500,0,10565000,159508064228
[E3IMT-CSV] 3,391,14934110,4311160,0,0,323260,0,10505720,159907849238
[E3IMT-CSV] 3,392,14869590,4126300,0,0,494930,0,10650840,160305881428
[E3IMT-CSV] 3,393,15205330,4839960,0,0,477780,0,10263040,160708140388
[E3IMT-CSV] 3,394,14761850,4386980,0,0,310870,0,10269880,161106994548
[E3IMT-CSV] 3,395,14855730,4420050,0,0,315690,0,10340790,161506988928
[E3IMT-CSV] 3,396,15156560,4955730,0,0,435200,0,10096910,161910318408
[E3IMT-CSV] 3,397,14959740,4830530,0,0,479820,0,10020890,162309598978
[E3IMT-CSV] 3,398,14655950,4531770,0,0,325550,0,10019960,162708787258
[E3IMT-CSV] 3,399,14686260,4410840,0,0,329890,0,10185050,163106597178
[E3IMT-CSV] 3,400,15016720,4582800,0,0,326370,0,10328600,163509176508
[E3IMT-CSV] 3,401,14955690,4577230,0,0,323340,0,10282340,163909059288
[E3IMT-CSV] 3,402,15158070,4903180,0,0,445090,0,10150940,164310359978
[E3IMT-CSV] 3,403,14903980,4773720,0,0,482600,0,10025120,164709711108
[E3IMT-CSV] 3,404,14961160,4411150,0,0,477850,0,10430930,165107713898
[E3IMT-CSV] 3,405,15277650,4416310,0,0,469830,0,10575800,165507699248
[E3IMT-CSV] 3,406,14836800,4543620,0,0,481610,0,10185700,165909586748
[E3IMT-CSV] 3,407,9493140,3373580,0,0,69620,0,5872730,166306832018
[E3IMT-CSV] 3,408,17052060,4937390,0,0,569310,0,12016410,166709143748
[E3IMT-CSV] 3,409,14811670,4287080,0,0,315960,0,10431330,167107798908
[E3IMT-CSV] 3,410,7042650,3060030,0,0,73500,0,3893520,167496343238
[E3IMT-CSV] 3,411,14884250,4460380,0,0,340260,0,10331130,167906730768
[E3IMT-CSV] 3,412,14532460,4480530,0,0,326270,0,9955420,168308759408
[E3IMT-CSV] 3,413,7646200,2717680,0,0,71310,0,4842000,168697248158
[E3IMT-CSV] 3,414,14858950,4437180,0,0,329550,0,10325610,169106759448
[E3IMT-CSV] 3,415,14632920,4533640,0,0,314020,0,10006150,169508529148
[E3IMT-CSV] 3,416,14913300,4572420,0,0,337930,0,10250510,169908681138
[E3IMT-CSV] 3,417,15567580,4548850,0,0,322380,0,10920560,170309610608
[E3IMT-CSV] 3,418,14977580,4617400,0,0,320550,0,10265190,170709114988
[E3IMT-CSV] 3,419,14925400,4568730,0,0,326350,0,10261360,171108846198
[E3IMT-CSV] 3,420,14889960,4582510,0,0,337770,0,10214090,171508799768
[E3IMT-CSV] 3,421,15287320,4601980,0,0,336340,0,10584170,171909281108
[E3IMT-CSV] 3,422,14574240,4468540,0,0,317550,0,10008430,172308547338
[E3IMT-CSV] 3,423,14510310,5231610,0,0,236510,0,9173370,172709519638
[E3IMT-CSV] 3,424,14845080,4339240,0,0,464250,0,10407030,173107527228
[E3IMT-CSV] 3,425,16400750,5248140,0,0,396390,0,11048960,173510595818
[E3IMT-CSV] 3,426,14999950,4316380,0,0,321800,0,10576430,173907788508
[E3IMT-CSV] 3,427,14508720,4344390,0,0,301580,0,10066290,174306671508
[E3IMT-CSV] 3,428,14997460,4558570,0,0,317250,0,10343060,174709112518
[E3IMT-CSV] 3,429,16071520,4610680,0,0,561800,0,11365230,175110056038
[E3IMT-CSV] 3,430,14857960,4807000,0,0,485590,0,9940540,175509507148
[E3IMT-CSV] 3,431,14909920,4552210,0,0,320500,0,10258900,175908924208
[E3IMT-CSV] 3,432,15036060,4578420,0,0,325520,0,10361820,176308956668
[E3IMT-CSV] 3,433,14712250,4697110,0,0,326810,0,9908840,176709640338
[E3IMT-CSV] 3,434,14789520,4530240,0,0,480580,0,10155850,177109455358
[E3IMT-CSV] 3,435,14557920,4564030,0,0,303810,0,9894450,177508749938
[E3IMT-CSV] 3,436,14649160,4533070,0,0,331480,0,10025480,177908394508
[E3IMT-CSV] 3,437,14938660,4812000,0,0,335630,0,10020230,178309777208
[E3IMT-CSV] 3,438,14954560,4853280,0,0,456570,0,9832160,178709247558
[E3IMT-CSV] 3,439,14721340,4486360,0,0,323870,0,10131690,179108907638
[E3IMT-CSV] 3,440,14339320,4380050,0,0,315290,0,9863060,179508371908
[E3IMT-CSV] 3,441,16836730,5247390,0,0,361520,0,11493440,179911672568
[E3IMT-CSV] 3,442,14878560,4517630,0,0,503520,0,10265930,180309459088
[E3IMT-CSV] 3,443,14757680,4757280,0,0,316840,0,9885340,180709539458
[E3IMT-CSV] 3,444,14864250,4614090,0,0,488090,0,10154760,181109422688
[E3IMT-CSV] 3,445,15325700,5415660,0,0,472060,0,9807780,181509911828
[E3IMT-CSV] 3,446,14825010,4741280,0,0,319310,0,9983370,181909459268
[E3IMT-CSV] 3,447,14951800,4628260,0,0,491020,0,10227720,182309470288
[E3IMT-CSV] 3,448,14767190,4784870,0,0,484430,0,9881360,182709323288
[E3IMT-CSV] 3,449,14992460,4618630,0,0,483130,0,10272170,183109492008
[E3IMT-CSV] 3,450,14339570,4420000,0,0,427020,0,9819570,183508339098
[E3IMT-CSV] 3,451,15012120,4598600,0,0,334190,0,10317410,183908977938
[E3IMT-CSV] 3,452,14873630,4569310,0,0,324250,0,10209750,184308678768
[E3IMT-CSV] 3,453,14906800,4843750,0,0,323320,0,9946730,184709749048
[E3IMT-CSV] 3,454,14945460,4736050,0,0,319380,0,10097830,185109850688
[E3IMT-CSV] 3,455,14863120,4562970,0,0,489440,0,10203380,185509275618
[E3IMT-CSV] 3,456,14964940,4656600,0,0,486900,0,10211490,185909576398
[E3IMT-CSV] 3,457,14949800,4604180,0,0,314810,0,10246590,186308989198
[E3IMT-CSV] 3,458,14807460,4753340,0,0,327230,0,9944020,186709576238
[E3IMT-CSV] 3,459,14982510,4569550,0,0,524290,0,10318310,187109580368
[E3IMT-CSV] 3,460,15037650,4703850,0,0,513140,0,10235700,187509626808
[E3IMT-CSV] 3,461,14832110,4557550,0,0,515820,0,10178040,187909403908
[E3IMT-CSV] 3,462,14919650,4588020,0,0,489400,0,10229080,188309472548
[E3IMT-CSV] 3,463,14748900,4783400,0,0,317630,0,9859360,188709562508
[E3IMT-CSV] 3,464,15795000,5702800,0,0,372820,0,9954200,189118656568
[E3IMT-CSV] 3,465,14881680,4554450,0,0,313460,0,10232830,189506967308
[E3IMT-CSV] 3,466,14596820,4460440,0,0,335630,0,10042300,189908493338
[E3IMT-CSV] 3,467,6764580,2862860,0,0,72000,0,3656510,190298163778
[E3IMT-CSV] 3,468,7701080,3043380,0,0,73260,0,4571420,190699221538
[E3IMT-CSV] 3,469,14800040,4379840,0,0,346790,0,10321790,191106635438
[E3IMT-CSV] 3,470,14855750,4595360,0,0,327340,0,10164490,191508551398
[E3IMT-CSV] 3,471,14872150,4563030,0,0,322740,0,10213080,191908703358
[E3IMT-CSV] 3,472,14904700,4559060,0,0,331930,0,10244010,192308665368
[E3IMT-CSV] 3,473,15593700,4619590,0,0,316210,0,10875490,192709536558
[E3IMT-CSV] 3,474,6364210,3080360,0,0,79030,0,3198190,193096252078
[E3IMT-CSV] 3,475,14968920,4506100,0,0,467590,0,10362740,193507330038
[E3IMT-CSV] 3,476,14981990,4641170,0,0,338300,0,10248390,193908803918
[E3IMT-CSV] 3,477,17349440,5009840,0,0,563870,0,12240320,194311740508
[E3IMT-CSV] 3,478,15101020,4920610,0,0,458670,0,10084960,194709172988
[E3IMT-CSV] 3,479,14866300,4510320,0,0,333550,0,10254070,195108714638
[E3IMT-CSV] 3,480,14946750,4654260,0,0,334800,0,10199370,195508404688
[E3IMT-CSV] 3,481,6907370,2834670,0,0,76340,0,3988640,195897178738
[E3IMT-CSV] 3,482,14953810,4412250,0,0,328310,0,10449170,196306742658
[E3IMT-CSV] 3,483,14855550,4775550,0,0,481400,0,9978300,196708942068
[E3IMT-CSV] 3,484,14994410,4796830,0,0,461420,0,10104810,197109097698
[E3IMT-CSV] 3,485,15434780,4575620,0,0,360320,0,10765170,197509122618
[E3IMT-CSV] 3,486,14968040,4595200,0,0,327030,0,10275900,197908875098
[E3IMT-CSV] 3,487,14933540,4580480,0,0,329590,0,10257270,198308797318
[E3IMT-CSV] 3,488,6995720,2954480,0,0,69940,0,3951190,198697884408
[E3IMT-CSV] 3,489,14702430,4440890,0,0,319230,0,10167320,199106365528
[E3IMT-CSV] 3,490,14806950,4569170,0,0,329720,0,10136080,199508403718
[E3IMT-CSV] 3,491,14931780,4541220,0,0,343440,0,10295100,199908714478
[E3IMT-CSV] 3,492,15042690,4568600,0,0,345300,0,10378250,200308832448
[E3IMT-CSV] 3,493,12113150,3784180,0,0,391680,0,8209890,200713876698
[E3IMT-CSV] 3,494,14937870,4559470,0,0,339190,0,10278970,201108637648
[E3IMT-CSV] 3,495,14933870,4609840,0,0,338630,0,10231670,201508542558
[E3IMT-CSV] 3,496,14453320,4410150,0,0,316830,0,9943450,201908255458
[E3IMT-CSV] 3,497,8017000,2760680,0,0,106390,0,5177710,202299162378
[E3IMT-CSV] 3,498,6422400,2837800,0,0,71220,0,3504870,202696075648
[E3IMT-CSV] 3,499,6891180,2958440,0,0,70250,0,3842120,203097985508
[E3IMT-SUMMARY] chain_len=3 e2e_avg=14349499 publish_avg=4361446 gc_trigger_avg=0 invoke_cb_avg=0 getnext_avg=345336 take_data_avg=0 sched_avg=9884733 dispatch_avg=103308148209

*** FATAL ***
fatal source: 9 (RTEMS_FATAL_SOURCE_EXCEPTION)

R0   = 0x015969e0 R8  = 0x00000000
R1   = 0x00000000 R9  = 0x00000000
R2   = 0x00000010 R10 = 0x00000000
R3   = 0x01596ae0 R11 = 0x00000000
R4   = 0x00c00c88 R12 = 0x01596ae0
R5   = 0x0030e0e9 SP  = 0x015969d0
R6   = 0x00000000 LR  = 0x00000000
R7   = 0x015969d0 PC  = 0x0030e170
CPSR = 0x600d0173 VEC = 0x00000001
FPEXC = 0x40000000
FPSCR = 0x20000010
D00 = 0x0000000000000000
D01 = 0x0000000000000001
D02 = 0x0000000000000000
D03 = 0x0000000000000000
D04 = 0x0000000000000000
D05 = 0x0000000000000000
D06 = 0x00abe0dc00abe0dc
D07 = 0x000186a00061a800
D08 = 0x0000000000000000
D09 = 0x0000000000000000
D10 = 0x0000000000000000
D11 = 0x0000000000000000
D12 = 0x0000000000000000
D13 = 0x0000000000000000
D14 = 0x0000000000000000
D15 = 0x0000000000000000
D16 = 0x0000000000000000
D17 = 0x0000000000000000
D18 = 0x0000000000000000
D19 = 0x0000000000000000
D20 = 0x00abe33400abe320
D21 = 0x00abe36400abe348
D22 = 0x00abe27c00abe26c
D23 = 0x00abe29c00abe28c
D24 = 0x00abe23c00abe22c
D25 = 0x00abe25c00abe24c
D26 = 0x00abe1c800abe1a0
D27 = 0x00abe20800abe1ec
D28 = 0x00abe14800abe118
D29 = 0x00abe18000abe164
D30 = 0x00abe60000abe600
D31 = 0x00abe10c00abe100
RTEMS version: 6.1.0.not-released
RTEMS tools: 13.3.0 20240521 (RTEMS 6, RSB no-repo, Newlib 1b3dcfd)
executing thread ID: 0x0a010001
executing thread name: UI1 
