
RTEMS Shell on /dev/console. Use 'help' to list commands.
SHLL [/] # nexus0: <RTEMS Nexus device>
info: lo0: link state changed to UP
=== Exp3inter-MT: Task Chain (n=2) MultiThreadedExecutor ===
Period: 200ms, Rounds: 500
[E3IMT-CSV] chain_len,round,e2e_ns,publish_ns,gc_trigger_ns,invoke_cb_ns,getnext_ns,take_data_ns,sched_ns,dispatch_ns
666666
CPP Msg not nullptr
CPP Msg not nullptr
CPP Msg not nullptr
CPP Msg not nullptr
C Msg not NULL
C Msg not NULL
CPP Srv not nullptr
CPP Srv not nullptr
CPP Srv not nullptr
CPP Srv not nullptr
CPP Srv not nullptr
CPP Srv not nullptr
CPP Msg not nullptr
CPP Msg not nullptr
CPP Msg not nullptr
CPP Msg not nullptr
CPP Msg not nullptr
CPP Msg not nullptr
C Msg not NULL
C Msg not NULL
CPP Srv not nullptr
CPP Srv not nullptr
CPP Srv not nullptr
CPP Srv not nullptr
CPP Srv not nullptr
CPP Srv not nullptr
CPP Msg not nullptr
CPP Msg not nullptr
CPP Msg not nullptr
CPP Msg not nullptr
CPP Msg not nullptr
CPP Msg not nullptr
[E3IMT-CSV] 2,0,17179350,14397270,0,0,34050,0,1798620,1756324399
[E3IMT-CSV] 2,1,9995790,4468670,0,0,180630,0,5387920,1946633209
[E3IMT-CSV] 2,2,7642650,2544170,0,0,187460,0,5025970,2142262869
[E3IMT-CSV] 2,3,7889130,2581330,0,0,193930,0,5221240,2342561449
[E3IMT-CSV] 2,4,7700800,2572900,0,0,184520,0,5052340,2542215489
[E3IMT-CSV] 2,5,7591180,2497690,0,0,341530,0,5009550,2742072079
[E3IMT-CSV] 2,6,7715740,2574940,0,0,185670,0,5065420,2942233049
[E3IMT-CSV] 2,7,7657170,2518770,0,0,345610,0,5061930,3142152009
[E3IMT-CSV] 2,8,7633910,2546480,0,0,342710,0,5008490,3342108059
[E3IMT-CSV] 2,9,7690860,2562470,0,0,184080,0,5053740,3542212689
[E3IMT-CSV] 2,10,7380080,2504700,0,0,355700,0,4802240,3741840329
[E3IMT-CSV] 2,11,7624390,2529690,0,0,339670,0,5020040,3942108439
[E3IMT-CSV] 2,12,7639480,2545240,0,0,352060,0,5021680,4142090519
[E3IMT-CSV] 2,13,7568430,2488410,0,0,346070,0,5005310,4342036539
[E3IMT-CSV] 2,14,7691880,2591620,0,0,187090,0,5023760,4542168759
[E3IMT-CSV] 2,15,7668940,2556080,0,0,191220,0,5037800,4742144729
[E3IMT-CSV] 2,16,7668840,2556860,0,0,190190,0,5036620,4942165709
[E3IMT-CSV] 2,17,7652960,2545680,0,0,342730,0,5033450,5142109679
[E3IMT-CSV] 2,18,7738820,2583660,0,0,181060,0,5075650,5342359049
[E3IMT-CSV] 2,19,7699840,2566860,0,0,184710,0,5056690,5542252809
[E3IMT-CSV] 2,20,7902520,2683280,0,0,185610,0,5146210,5742323049
[E3IMT-CSV] 2,21,7714040,2522090,0,0,191440,0,5120660,5942153139
[E3IMT-CSV] 2,22,7623860,2499640,0,0,350560,0,5052280,6142038939
[E3IMT-CSV] 2,23,7660900,2512340,0,0,355980,0,5074600,6342123479
[E3IMT-CSV] 2,24,7592630,2551840,0,0,358180,0,4969150,6542011009
[E3IMT-CSV] 2,25,7385780,2498150,0,0,347380,0,4814670,6741800539
[E3IMT-CSV] 2,26,7619240,2523550,0,0,346710,0,5021380,6942081119
[E3IMT-CSV] 2,27,5949300,2506080,0,0,36940,0,3368340,7140381769
[E3IMT-CSV] 2,28,7550890,2528960,0,0,356500,0,4950130,7341980279
[E3IMT-CSV] 2,29,7669800,2542420,0,0,197570,0,5051900,7542148129
[E3IMT-CSV] 2,30,7373270,2333730,0,0,349270,0,4968140,7741774139
[E3IMT-CSV] 2,31,7292450,2479670,0,0,203120,0,4740800,7941709639
[E3IMT-CSV] 2,32,6221580,2526330,0,0,36540,0,3618620,8140626159
[E3IMT-CSV] 2,33,7644340,2530710,0,0,187230,0,5038230,8342156929
[E3IMT-CSV] 2,34,7366480,2500130,0,0,354910,0,4794160,8541774729
[E3IMT-CSV] 2,35,7282220,2311800,0,0,197720,0,4896460,8741679459
[E3IMT-CSV] 2,36,7922990,2545920,0,0,184140,0,5298550,8942442229
[E3IMT-CSV] 2,37,7691170,2571080,0,0,185020,0,5045380,9142133189
[E3IMT-CSV] 2,38,6833530,2589110,0,0,35240,0,4153100,9341472029
[E3IMT-CSV] 2,39,7643370,2531730,0,0,340110,0,5036820,9542071189
[E3IMT-CSV] 2,40,5819940,2492300,0,0,36690,0,3251680,9740248429
[E3IMT-CSV] 2,41,7901710,2480660,0,0,218310,0,5348450,9942314849
[E3IMT-CSV] 2,42,7702490,2569590,0,0,198440,0,5057300,10142116119
[E3IMT-CSV] 2,43,7905410,2538710,0,0,187040,0,5294870,10342271179
[E3IMT-CSV] 2,44,7631370,2531630,0,0,333640,0,5023790,10542068699
[E3IMT-CSV] 2,45,7634030,2509770,0,0,358800,0,5046730,10742028579
[E3IMT-CSV] 2,46,7880380,2744270,0,0,188840,0,5060400,10942282399
[E3IMT-CSV] 2,47,5953540,2591570,0,0,35340,0,3287060,11140367279
[E3IMT-CSV] 2,48,7697200,2582460,0,0,183410,0,5037750,11342220669
[E3IMT-CSV] 2,49,7569060,2500790,0,0,350580,0,4995760,11541959319
[E3IMT-CSV] 2,50,7631480,2540990,0,0,336010,0,5015730,11742042279
[E3IMT-CSV] 2,51,7639180,2508680,0,0,351470,0,5055980,11942025329
[E3IMT-CSV] 2,52,7659390,2556190,0,0,337130,0,5021720,12142043349
[E3IMT-CSV] 2,53,7586890,2523920,0,0,355070,0,4988590,12341963019
[E3IMT-CSV] 2,54,7588850,2524190,0,0,344540,0,4990420,12541982519
[E3IMT-CSV] 2,55,7332110,2496760,0,0,197240,0,4762890,12741668679
[E3IMT-CSV] 2,56,7651380,2550110,0,0,338670,0,5026710,12942046049
[E3IMT-CSV] 2,57,7708490,2583810,0,0,185740,0,5048030,13142108079
[E3IMT-CSV] 2,58,7592240,2523210,0,0,358720,0,4994410,13341959049
[E3IMT-CSV] 2,59,7619700,2527400,0,0,355970,0,5017230,13541989469
[E3IMT-CSV] 2,60,7685600,2537050,0,0,338240,0,5072730,13742055579
[E3IMT-CSV] 2,61,7616390,2523730,0,0,375940,0,5017910,13941999229
[E3IMT-CSV] 2,62,7705660,2568430,0,0,189440,0,5054870,14142102449
[E3IMT-CSV] 2,63,7824540,2419840,0,0,192510,0,5157280,14342505999
[E3IMT-CSV] 2,64,7632760,2533880,0,0,342650,0,5023190,14542028939
[E3IMT-CSV] 2,65,7714520,2534520,0,0,191900,0,5104620,14742083539
[E3IMT-CSV] 2,66,7682660,2545290,0,0,198060,0,5061370,14943047329
[E3IMT-CSV] 2,67,7753030,2584040,0,0,186690,0,5091270,15142192099
[E3IMT-CSV] 2,68,7730840,2590590,0,0,183790,0,5063480,15342114689
[E3IMT-CSV] 2,69,7749500,2557630,0,0,186070,0,5114250,15542234679
[E3IMT-CSV] 2,70,7748260,2629550,0,0,191740,0,5041360,15742079889
[E3IMT-CSV] 2,71,7730730,2602640,0,0,184610,0,5052450,15942081599
[E3IMT-CSV] 2,72,7799790,2621300,0,0,182290,0,5099950,16142321099
[E3IMT-CSV] 2,73,7980960,2826240,0,0,181890,0,5078370,16342583279
[E3IMT-CSV] 2,74,7618000,2533190,0,0,352600,0,5010000,16541979479
[E3IMT-CSV] 2,75,5893610,2509940,0,0,37590,0,3310500,16740201409
[E3IMT-CSV] 2,76,7377020,2499540,0,0,339500,0,4804980,16941695379
[E3IMT-CSV] 2,77,5553140,2481690,0,0,34300,0,2996430,17141156569
[E3IMT-CSV] 2,78,7587140,2485370,0,0,342070,0,5021740,17341986019
[E3IMT-CSV] 2,79,7255040,2323030,0,0,188760,0,4861670,17541567159
[E3IMT-CSV] 2,80,7341640,2529100,0,0,335180,0,4740380,17741647819
[E3IMT-CSV] 2,81,7361680,2326920,0,0,345290,0,4961980,17941660249
[E3IMT-CSV] 2,82,7597890,2507180,0,0,354920,0,5011990,18141942189
[E3IMT-CSV] 2,83,7558880,2511900,0,0,355870,0,4974230,18341879529
[E3IMT-CSV] 2,84,7627820,2552150,0,0,361480,0,5000020,18541975339
[E3IMT-CSV] 2,85,7887100,2750390,0,0,183980,0,5064840,18742181129
[E3IMT-CSV] 2,86,6473410,2599010,0,0,37470,0,3799940,18941087879
[E3IMT-CSV] 2,87,7699290,2549360,0,0,186490,0,5068240,19142080699
[E3IMT-CSV] 2,88,7651160,2526540,0,0,190820,0,5048610,19342001529
[E3IMT-CSV] 2,89,7313900,2494670,0,0,343190,0,4748330,19541625139
[E3IMT-CSV] 2,90,7638750,2547750,0,0,355270,0,5014220,19741950349
[E3IMT-CSV] 2,91,7360420,2492250,0,0,347440,0,4793640,19941663559
[E3IMT-CSV] 2,92,7646180,2524030,0,0,361200,0,5041050,20141969379
[E3IMT-CSV] 2,93,7629000,2498060,0,0,189390,0,5056330,20342031709
[E3IMT-CSV] 2,94,7326390,2303880,0,0,345020,0,4945760,20541622299
[E3IMT-CSV] 2,95,6099850,2545300,0,0,35440,0,3478950,20740438679
[E3IMT-CSV] 2,96,7707550,2561140,0,0,186050,0,5062490,20942013459
[E3IMT-CSV] 2,97,7624230,2536980,0,0,192560,0,5012100,21141951919
[E3IMT-CSV] 2,98,7642630,2538920,0,0,350710,0,5028980,21341968939
[E3IMT-CSV] 2,99,5809460,2497190,0,0,37890,0,3239950,21540068749
[E3IMT-CSV] 2,100,6151140,2529140,0,0,37040,0,3549570,21740442699
[E3IMT-CSV] 2,101,7396770,2511350,0,0,353560,0,4805910,21941649759
[E3IMT-CSV] 2,102,7572810,2554290,0,0,169120,0,4938580,22141927639
[E3IMT-CSV] 2,103,7334870,2329660,0,0,183910,0,4933630,22341582149
[E3IMT-CSV] 2,104,7315070,2330570,0,0,190620,0,4914600,22541538139
[E3IMT-CSV] 2,105,7395740,2511030,0,0,345320,0,4810410,22741656069
[E3IMT-CSV] 2,106,5784170,2336420,0,0,36840,0,3374650,22940008349
[E3IMT-CSV] 2,107,7684050,2580220,0,0,183210,0,5025820,23142252929
[E3IMT-CSV] 2,108,7622260,2512060,0,0,188130,0,5036040,23342010249
[E3IMT-CSV] 2,109,7987760,2845800,0,0,179190,0,5070340,23542231809
[E3IMT-CSV] 2,110,6047330,2555170,0,0,35920,0,3412990,23740347619
[E3IMT-CSV] 2,111,7390850,2525430,0,0,352760,0,4793090,23941615289
[E3IMT-CSV] 2,112,7374760,2514750,0,0,353510,0,4787600,24141633629
[E3IMT-CSV] 2,113,7324010,2502090,0,0,336440,0,4744530,24341569409
[E3IMT-CSV] 2,114,7306000,2313480,0,0,188400,0,4920680,24541555129
[E3IMT-CSV] 2,115,7656190,2549180,0,0,192470,0,5029610,24741948289
[E3IMT-CSV] 2,116,7943850,2540620,0,0,184730,0,5328410,24942202089
[E3IMT-CSV] 2,117,8933630,2586130,0,0,189640,0,6270370,25143193419
[E3IMT-CSV] 2,118,7361100,2350940,0,0,341530,0,4937460,25341568589
[E3IMT-CSV] 2,119,7358650,2342640,0,0,355960,0,4943710,25541567439
[E3IMT-CSV] 2,120,7669230,2567170,0,0,187980,0,5024580,25742022669
[E3IMT-CSV] 2,121,7739580,2618500,0,0,188470,0,5040330,25941960979
[E3IMT-CSV] 2,122,7667700,2520640,0,0,354460,0,5072210,26141882459
[E3IMT-CSV] 2,123,7738370,2522740,0,0,187860,0,5140190,26342084529
[E3IMT-CSV] 2,124,7336680,2523650,0,0,186230,0,4740940,26541540869
[E3IMT-CSV] 2,125,7922980,2773590,0,0,186750,0,5076730,26742159449
[E3IMT-CSV] 2,126,7327750,2515980,0,0,342060,0,4737480,26941553589
[E3IMT-CSV] 2,127,7588860,2532020,0,0,344500,0,4981140,27142851869
[E3IMT-CSV] 2,128,7581860,2539490,0,0,349090,0,4966670,27342834369
[E3IMT-CSV] 2,129,5871990,2494480,0,0,36790,0,3303440,27540072889
[E3IMT-CSV] 2,130,7554190,2508720,0,0,354780,0,4969800,27741797859
[E3IMT-CSV] 2,131,7662860,2537720,0,0,354380,0,5049390,27941894649
[E3IMT-CSV] 2,132,5993790,2557190,0,0,36840,0,3361070,28140220749
[E3IMT-CSV] 2,133,7346680,2498490,0,0,355050,0,4774440,28341573809
[E3IMT-CSV] 2,134,7357500,2499820,0,0,351880,0,4784130,28541554199
[E3IMT-CSV] 2,135,7349290,2510020,0,0,348900,0,4765880,28741557729
[E3IMT-CSV] 2,136,7620280,2544700,0,0,362060,0,4999280,28941846209
[E3IMT-CSV] 2,137,7684840,2586400,0,0,186280,0,5021580,29141943039
[E3IMT-CSV] 2,138,7681420,2544680,0,0,186090,0,5059010,29342028229
[E3IMT-CSV] 2,139,7624600,2550660,0,0,357950,0,4998140,29541846189
[E3IMT-CSV] 2,140,7700800,2595070,0,0,184550,0,5029470,29741939259
[E3IMT-CSV] 2,141,7368980,2491010,0,0,345210,0,4803580,29941578719
[E3IMT-CSV] 2,142,7623250,2537800,0,0,350790,0,5003890,30141824169
[E3IMT-CSV] 2,143,7355980,2511740,0,0,347660,0,4770230,30341567789
[E3IMT-CSV] 2,144,7305760,2345080,0,0,188060,0,4887790,30541465959
[E3IMT-CSV] 2,145,7709970,2560360,0,0,187190,0,5074150,30741930519
[E3IMT-CSV] 2,146,7656270,2498600,0,0,362420,0,5082770,30941864789
[E3IMT-CSV] 2,147,5731340,2524200,0,0,36560,0,3132890,31139928039
[E3IMT-CSV] 2,148,7671420,2557080,0,0,188710,0,5037430,31341928169
[E3IMT-CSV] 2,149,7337640,2520040,0,0,342410,0,4743830,31541518459
[E3IMT-CSV] 2,150,7690610,2545480,0,0,188880,0,5063390,31741889599
[E3IMT-CSV] 2,151,7527130,2498290,0,0,345010,0,4953730,31941726659
[E3IMT-CSV] 2,152,7345330,2489040,0,0,345170,0,4771280,32141533279
[E3IMT-CSV] 2,153,7627750,2525970,0,0,190010,0,5026210,32341916159
[E3IMT-CSV] 2,154,7349870,2508120,0,0,352730,0,4767700,32541536729
[E3IMT-CSV] 2,155,7322070,2488890,0,0,340950,0,4761630,32741486149
[E3IMT-CSV] 2,156,7322100,2463340,0,0,343090,0,4779470,32941488309
[E3IMT-CSV] 2,157,6014150,2535460,0,0,36130,0,3402090,33140196879
[E3IMT-CSV] 2,158,7684530,2571620,0,0,186610,0,5035780,33341913999
[E3IMT-CSV] 2,159,7609570,2523800,0,0,357050,0,5008220,33541773649
[E3IMT-CSV] 2,160,7562860,2535670,0,0,350160,0,4953570,33741709249
[E3IMT-CSV] 2,161,7655860,2531540,0,0,201860,0,5045570,33941855789
[E3IMT-CSV] 2,162,7334940,2492530,0,0,340320,0,4769400,34141481489
[E3IMT-CSV] 2,163,7581490,2530070,0,0,359640,0,4979120,34341739389
[E3IMT-CSV] 2,164,7622460,2532170,0,0,356100,0,5012380,34541802289
[E3IMT-CSV] 2,165,5961550,2578320,0,0,35500,0,3306010,34740329499
[E3IMT-CSV] 2,166,5898100,2556880,0,0,35790,0,3265200,34940089469
[E3IMT-CSV] 2,167,7642280,2538770,0,0,355120,0,5027450,35141818839
[E3IMT-CSV] 2,168,7769590,2617020,0,0,182240,0,5075160,35342091979
[E3IMT-CSV] 2,169,7687420,2557160,0,0,352830,0,5053930,35541837559
[E3IMT-CSV] 2,170,7653330,2540360,0,0,196360,0,5037950,35741866749
[E3IMT-CSV] 2,171,7713310,2594370,0,0,200570,0,5046900,35941867889
[E3IMT-CSV] 2,172,7670410,2335620,0,0,360810,0,5264090,36141789109
[E3IMT-CSV] 2,173,7713130,2517070,0,0,193680,0,5120590,36341865049
[E3IMT-CSV] 2,174,7635790,2484230,0,0,434480,0,5080450,36541764619
[E3IMT-CSV] 2,175,7373660,2507730,0,0,340400,0,4793620,36741489949
[E3IMT-CSV] 2,176,7563070,2503450,0,0,350190,0,4986450,36941694759
[E3IMT-CSV] 2,177,5744900,2525400,0,0,35220,0,3143690,37141110019
[E3IMT-CSV] 2,178,7758160,2609370,0,0,187020,0,5072190,37341909189
[E3IMT-CSV] 2,179,7558700,2498120,0,0,354450,0,4987130,37541694819
[E3IMT-CSV] 2,180,7706640,2566860,0,0,196720,0,5063710,37741852579
[E3IMT-CSV] 2,181,7678270,2523500,0,0,197050,0,5081240,37941847489
[E3IMT-CSV] 2,182,7654280,2543110,0,0,365310,0,5036510,38141787859
[E3IMT-CSV] 2,183,7596500,2520840,0,0,189150,0,5001730,38342824909
[E3IMT-CSV] 2,184,7604090,2508950,0,0,358540,0,5023050,38541747449
[E3IMT-CSV] 2,185,7660390,2551850,0,0,350930,0,5032400,38741776519
[E3IMT-CSV] 2,186,7546440,2510310,0,0,353020,0,4962730,38941660159
[E3IMT-CSV] 2,187,7648910,2538390,0,0,180350,0,5033440,39143040389
[E3IMT-CSV] 2,188,7637630,2559730,0,0,203910,0,5001930,39342786959
[E3IMT-CSV] 2,189,7380350,2502670,0,0,343900,0,4795940,39542490029
[E3IMT-CSV] 2,190,7590820,2493470,0,0,355850,0,5020850,39741713949
[E3IMT-CSV] 2,191,7540810,2499930,0,0,349180,0,4965980,39942669859
[E3IMT-CSV] 2,192,7664140,2566180,0,0,180700,0,5021440,40143043319
[E3IMT-CSV] 2,193,7626100,2557450,0,0,338980,0,4992100,40342748049
[E3IMT-CSV] 2,194,7692980,2565580,0,0,195170,0,5050530,40541825999
[E3IMT-CSV] 2,195,7380100,2497610,0,0,337580,0,4801020,40741466639
[E3IMT-CSV] 2,196,7583950,2527280,0,0,354310,0,4980480,40942704599
[E3IMT-CSV] 2,197,7530870,2491720,0,0,339860,0,4961860,41142639849
[E3IMT-CSV] 2,198,7940660,2641980,0,0,190760,0,5220660,41342161959
[E3IMT-CSV] 2,199,7572930,2498380,0,0,353470,0,5001150,41541669089
[E3IMT-CSV] 2,200,7623740,2527690,0,0,355300,0,5022500,41741702109
[E3IMT-CSV] 2,201,7591880,2500800,0,0,354960,0,5014120,41941686839
[E3IMT-CSV] 2,202,7605620,2495060,0,0,368490,0,5033100,42141727329
[E3IMT-CSV] 2,203,7585080,2502860,0,0,349760,0,5004820,42342689229
[E3IMT-CSV] 2,204,7617140,2545330,0,0,359420,0,4999440,42541698639
[E3IMT-CSV] 2,205,7919990,2770740,0,0,182830,0,5076240,42741945359
[E3IMT-CSV] 2,206,7690130,2539370,0,0,199790,0,5071210,42941768199
[E3IMT-CSV] 2,207,7721210,2564290,0,0,195270,0,5080470,43141827849
[E3IMT-CSV] 2,208,7718140,2582080,0,0,200610,0,5059300,43341808339
[E3IMT-CSV] 2,209,7382890,2299780,0,0,346240,0,5010810,43541433239
[E3IMT-CSV] 2,210,7297290,2331060,0,0,179790,0,4895650,43742337669
[E3IMT-CSV] 2,211,7643090,2504300,0,0,355370,0,5057170,43942666349
[E3IMT-CSV] 2,212,7590530,2518380,0,0,349990,0,4999000,44142698049
[E3IMT-CSV] 2,213,7672340,2506270,0,0,195930,0,5092140,44341829669
[E3IMT-CSV] 2,214,7576170,2496100,0,0,352760,0,5006430,44541641639
[E3IMT-CSV] 2,215,7362280,2338370,0,0,337870,0,4953130,44742393229
[E3IMT-CSV] 2,216,7344620,2461100,0,0,334880,0,4810530,44942398309
[E3IMT-CSV] 2,217,7676850,2574900,0,0,197010,0,5026210,45142767029
[E3IMT-CSV] 2,218,7585420,2528150,0,0,333890,0,4981240,45342645969
[E3IMT-CSV] 2,219,7635390,2531080,0,0,197050,0,5029320,45541714619
[E3IMT-CSV] 2,220,7333990,2325260,0,0,324910,0,4928680,45742352189
[E3IMT-CSV] 2,221,7635520,2554710,0,0,189380,0,5004030,45942768469
[E3IMT-CSV] 2,222,7768570,2629450,0,0,184600,0,5062010,46141856249
[E3IMT-CSV] 2,223,7699360,2522580,0,0,198360,0,5104600,46341733489
[E3IMT-CSV] 2,224,5926360,2526800,0,0,36120,0,3323710,46539987169
[E3IMT-CSV] 2,225,7796980,2534590,0,0,201200,0,5186210,46741838519
[E3IMT-CSV] 2,226,7366370,2335750,0,0,343710,0,4959560,46941369799
[E3IMT-CSV] 2,227,7649820,2525270,0,0,194600,0,5049870,47141747899
[E3IMT-CSV] 2,228,7627440,2542320,0,0,197950,0,5012460,47342754829
[E3IMT-CSV] 2,229,7378030,2516510,0,0,334490,0,4786730,47542398719
[E3IMT-CSV] 2,230,7665520,2533270,0,0,193010,0,5057190,47741844419
[E3IMT-CSV] 2,231,7587710,2533930,0,0,341470,0,4978870,47942625289
[E3IMT-CSV] 2,232,7535250,2483110,0,0,341770,0,4974260,48142586519
[E3IMT-CSV] 2,233,7376720,2501200,0,0,337550,0,4802070,48342384009
[E3IMT-CSV] 2,234,7288180,2308220,0,0,178740,0,4908040,48542287699
[E3IMT-CSV] 2,235,7296430,2306980,0,0,177430,0,4917920,48742312329
[E3IMT-CSV] 2,236,7366740,2312800,0,0,331770,0,4981110,48942351949
[E3IMT-CSV] 2,237,7575220,2515980,0,0,341290,0,4985860,49142601339
[E3IMT-CSV] 2,238,7343690,2323250,0,0,327240,0,4947190,49342325189
[E3IMT-CSV] 2,239,5829130,2519680,0,0,36280,0,3235650,49540833759
[E3IMT-CSV] 2,240,7589420,2506450,0,0,356760,0,5008900,49741609589
[E3IMT-CSV] 2,241,7372560,2341560,0,0,324760,0,4959570,49942332829
[E3IMT-CSV] 2,242,7580930,2517070,0,0,348030,0,4990130,50142600309
[E3IMT-CSV] 2,243,7753270,2529540,0,0,199650,0,5149190,50341835439
[E3IMT-CSV] 2,244,7601000,2524930,0,0,336080,0,4996510,50542617769
[E3IMT-CSV] 2,245,7343980,2479600,0,0,334520,0,4791640,50742330559
[E3IMT-CSV] 2,246,7380760,2346590,0,0,335560,0,4962370,50942337439
[E3IMT-CSV] 2,247,7608900,2543100,0,0,194940,0,4989460,51142658939
[E3IMT-CSV] 2,248,7627740,2509940,0,0,336150,0,5039240,51342646449
[E3IMT-CSV] 2,249,7402710,2353710,0,0,329090,0,4970180,51542321009
[E3IMT-CSV] 2,250,7353430,2476110,0,0,336480,0,4804290,51742338139
[E3IMT-CSV] 2,251,7380040,2486820,0,0,333230,0,4815210,51942337229
[E3IMT-CSV] 2,252,7741010,2501180,0,0,344300,0,5164580,52142747369
[E3IMT-CSV] 2,253,7431110,2519990,0,0,338430,0,4835760,52342427169
[E3IMT-CSV] 2,254,6183610,2515220,0,0,35390,0,3585990,52541140169
[E3IMT-CSV] 2,255,7394830,2499210,0,0,342080,0,4822640,52741352719
[E3IMT-CSV] 2,256,7351150,2337310,0,0,328770,0,4942110,52942296879
[E3IMT-CSV] 2,257,7343940,2499700,0,0,338780,0,4769980,53142313489
[E3IMT-CSV] 2,258,7613360,2509040,0,0,194990,0,5029810,53342687089
[E3IMT-CSV] 2,259,5919390,2551630,0,0,34460,0,3290500,53541184519
[E3IMT-CSV] 2,260,7559720,2500850,0,0,351280,0,4983920,53741531719
[E3IMT-CSV] 2,261,7356200,2493770,0,0,336600,0,4790420,53942329189
[E3IMT-CSV] 2,262,7324370,2489610,0,0,327090,0,4763020,54142278299
[E3IMT-CSV] 2,263,7567400,2517950,0,0,338340,0,4973030,54342557519
[E3IMT-CSV] 2,264,7639650,2548180,0,0,188470,0,5013910,54542640819
[E3IMT-CSV] 2,265,7681540,2560280,0,0,181830,0,5038760,54742665099
[E3IMT-CSV] 2,266,7321160,2479050,0,0,320110,0,4761830,54942252239
[E3IMT-CSV] 2,267,5887320,2547060,0,0,34660,0,3264800,55141056779
[E3IMT-CSV] 2,268,7707630,2556230,0,0,200980,0,5073840,55341699849
[E3IMT-CSV] 2,269,7332450,2503770,0,0,179880,0,4756310,55542257959
[E3IMT-CSV] 2,270,7353920,2492070,0,0,331040,0,4788360,55742305369
[E3IMT-CSV] 2,271,7501840,2492860,0,0,341630,0,4933270,55942525219
[E3IMT-CSV] 2,272,6624750,2615680,0,0,35910,0,3932760,56141842349
[E3IMT-CSV] 2,273,7760720,2528580,0,0,189140,0,5158260,56341788059
[E3IMT-CSV] 2,274,7416620,2492440,0,0,329210,0,4853350,56542317599
[E3IMT-CSV] 2,275,7621860,2484430,0,0,415200,0,5063760,56742553039
[E3IMT-CSV] 2,276,7322600,2327880,0,0,179890,0,4924400,56942211139
[E3IMT-CSV] 2,277,7355280,2505100,0,0,334300,0,4778190,57142270149
[E3IMT-CSV] 2,278,7366740,2498440,0,0,333450,0,4794740,57342308869
[E3IMT-CSV] 2,279,7374010,2520290,0,0,332480,0,4779830,57542300499
[E3IMT-CSV] 2,280,7564110,2504480,0,0,341930,0,4985340,57742509919
[E3IMT-CSV] 2,281,7614290,2523690,0,0,348200,0,5018830,57942527119
[E3IMT-CSV] 2,282,7577790,2530880,0,0,338530,0,4971970,58142526119
[E3IMT-CSV] 2,283,5769060,2368380,0,0,34800,0,3170290,58340008959
[E3IMT-CSV] 2,284,6208100,2530150,0,0,34550,0,3595680,58540402929
[E3IMT-CSV] 2,285,7582730,2503580,0,0,346010,0,5004210,58741497559
[E3IMT-CSV] 2,286,7602600,2528350,0,0,333390,0,4999630,58942552949
[E3IMT-CSV] 2,287,7575750,2510930,0,0,341530,0,4991710,59142497599
[E3IMT-CSV] 2,288,7600140,2510240,0,0,185280,0,5017430,59342639829
[E3IMT-CSV] 2,289,7644570,2554420,0,0,184390,0,5014020,59542572319
[E3IMT-CSV] 2,290,7581830,2515180,0,0,343610,0,4991200,59742476359
[E3IMT-CSV] 2,291,7568080,2490830,0,0,336090,0,5003810,59942499609
[E3IMT-CSV] 2,292,7537580,2508280,0,0,335450,0,4956650,60142490269
[E3IMT-CSV] 2,293,7312430,2476620,0,0,327060,0,4762030,60342236139
[E3IMT-CSV] 2,294,7637320,2534850,0,0,178950,0,5024850,60542618469
[E3IMT-CSV] 2,295,8711680,3576500,0,0,191320,0,5014060,60745525689
[E3IMT-CSV] 2,296,8124710,2547430,0,0,194830,0,5501630,60942101069
[E3IMT-CSV] 2,297,7689900,2550940,0,0,193680,0,5062650,61141632059
[E3IMT-CSV] 2,298,7579480,2537890,0,0,338840,0,4959650,61342514239
[E3IMT-CSV] 2,299,7374310,2491700,0,0,332770,0,4810820,61542245929
[E3IMT-CSV] 2,300,7736590,2502510,0,0,340370,0,5159660,61742631019
[E3IMT-CSV] 2,301,8009040,2867840,0,0,181130,0,5062520,61942975579
[E3IMT-CSV] 2,302,7625790,2523510,0,0,332100,0,5027700,62142513419
[E3IMT-CSV] 2,303,7654570,2512610,0,0,180760,0,5068230,62342643929
[E3IMT-CSV] 2,304,7562710,2506320,0,0,341990,0,4981410,62542455509
[E3IMT-CSV] 2,305,7360890,2482860,0,0,332100,0,4797940,62742222859
[E3IMT-CSV] 2,306,7538360,2498520,0,0,340720,0,4965140,62942427779
[E3IMT-CSV] 2,307,7668160,2563540,0,0,340510,0,5031370,63142545799
[E3IMT-CSV] 2,308,7609090,2517200,0,0,341870,0,5019290,63342488099
[E3IMT-CSV] 2,309,7711900,2574320,0,0,178730,0,5062130,63542599939
[E3IMT-CSV] 2,310,7596570,2528070,0,0,338690,0,4993210,63742483389
[E3IMT-CSV] 2,311,7633290,2521220,0,0,342990,0,5030890,63942509949
[E3IMT-CSV] 2,312,7650080,2554170,0,0,185390,0,5020000,64142567799
[E3IMT-CSV] 2,313,7577220,2509120,0,0,337450,0,4994110,64342436719
[E3IMT-CSV] 2,314,7577630,2506590,0,0,336760,0,4996990,64542472189
[E3IMT-CSV] 2,315,7370860,2492700,0,0,332660,0,4803630,64742221949
[E3IMT-CSV] 2,316,7362200,2504090,0,0,340690,0,4786320,64942218249
[E3IMT-CSV] 2,317,7044390,2548180,0,0,330830,0,4421130,65141920359
[E3IMT-CSV] 2,318,7662310,2530330,0,0,181360,0,5053010,65341623999
[E3IMT-CSV] 2,319,7603430,2526850,0,0,333030,0,5001410,65542491709
[E3IMT-CSV] 2,320,7579870,2513310,0,0,340760,0,4991920,65742419729
[E3IMT-CSV] 2,321,7569470,2527020,0,0,338150,0,4969670,65942439039
[E3IMT-CSV] 2,322,6034540,2539250,0,0,35120,0,3420250,66140981709
[E3IMT-CSV] 2,323,7887840,2679410,0,0,193040,0,5131470,66341756629
[E3IMT-CSV] 2,324,7818630,2547610,0,0,191690,0,5195460,66542698969
[E3IMT-CSV] 2,325,7448520,2581700,0,0,182530,0,4789080,66742503929
[E3IMT-CSV] 2,326,7637530,2512700,0,0,344210,0,5049240,66941495219
[E3IMT-CSV] 2,327,7649530,2555970,0,0,187140,0,5018490,67142493409
[E3IMT-CSV] 2,328,7362010,2500440,0,0,336330,0,4786610,67342200899
[E3IMT-CSV] 2,329,7679270,2542820,0,0,192620,0,5061100,67542785579
[E3IMT-CSV] 2,330,8011560,2536840,0,0,193890,0,5400020,67742844539
[E3IMT-CSV] 2,331,7637020,2516370,0,0,351710,0,5044720,67941477309
[E3IMT-CSV] 2,332,7609560,2548520,0,0,338290,0,4978330,68142453479
[E3IMT-CSV] 2,333,7574600,2506620,0,0,183740,0,4996430,68342487169
[E3IMT-CSV] 2,334,7366490,2489330,0,0,333750,0,4804980,68542178499
[E3IMT-CSV] 2,335,7632540,2543250,0,0,337840,0,5014860,68742460429
[E3IMT-CSV] 2,336,7619960,2529130,0,0,344340,0,4999380,68942449479
[E3IMT-CSV] 2,337,7603220,2521840,0,0,340610,0,5004820,69142456299
[E3IMT-CSV] 2,338,7863060,2520270,0,0,191190,0,5266790,69342691729
[E3IMT-CSV] 2,339,7766700,2492610,0,0,184650,0,5199550,69541607649
[E3IMT-CSV] 2,340,7683950,2573440,0,0,196150,0,5034820,69741698919
[E3IMT-CSV] 2,341,7377850,2495420,0,0,333210,0,4807350,69942156799
[E3IMT-CSV] 2,342,7642490,2537790,0,0,183280,0,5029330,70143486449
[E3IMT-CSV] 2,343,7340960,2466070,0,0,338770,0,4798240,70342154669
[E3IMT-CSV] 2,344,7575000,2518380,0,0,343770,0,4980280,70542414649
[E3IMT-CSV] 2,345,7372440,2490860,0,0,333590,0,4809570,70742169669
[E3IMT-CSV] 2,346,7292210,2307630,0,0,183670,0,4914350,70942070479
[E3IMT-CSV] 2,347,7636550,2531340,0,0,186680,0,5029830,71142484759
[E3IMT-CSV] 2,348,7679100,2542900,0,0,183200,0,5059070,71342587669
[E3IMT-CSV] 2,349,7356600,2487490,0,0,332970,0,4795860,71542169359
[E3IMT-CSV] 2,350,7311160,2318300,0,0,179660,0,4917270,71742077419
[E3IMT-CSV] 2,351,7564690,2518290,0,0,340120,0,4971690,71942356519
[E3IMT-CSV] 2,352,7964520,2533540,0,0,200190,0,5354530,72142770599
[E3IMT-CSV] 2,353,7329270,2294610,0,0,343370,0,4958640,72341118109
[E3IMT-CSV] 2,354,7557560,2485560,0,0,337420,0,4995900,72542358889
[E3IMT-CSV] 2,355,7346550,2324230,0,0,334040,0,4949460,72742107979
[E3IMT-CSV] 2,356,7567820,2499180,0,0,336300,0,4993680,72942337809
[E3IMT-CSV] 2,357,7610640,2506300,0,0,333570,0,5028930,73142431999
[E3IMT-CSV] 2,358,7358960,2493110,0,0,333140,0,4793800,73342116239
[E3IMT-CSV] 2,359,7935520,2757200,0,0,189620,0,5095870,73542734769
[E3IMT-CSV] 2,360,7367140,2493760,0,0,337040,0,4791930,73742118829
[E3IMT-CSV] 2,361,6644120,2533630,0,0,35360,0,4033090,73941694429
[E3IMT-CSV] 2,362,7667090,2533380,0,0,185520,0,5057250,74141490449
[E3IMT-CSV] 2,363,7581080,2508640,0,0,186900,0,4999200,74342444859
[E3IMT-CSV] 2,364,7369430,2478890,0,0,333190,0,4799180,74542129259
[E3IMT-CSV] 2,365,6748110,2538890,0,0,36660,0,4131050,74741739399
[E3IMT-CSV] 2,366,7608820,2519070,0,0,349190,0,5015200,74941363079
[E3IMT-CSV] 2,367,7646210,2536810,0,0,184130,0,5036780,75142426509
[E3IMT-CSV] 2,368,7539400,2500660,0,0,337530,0,4948520,75342293569
[E3IMT-CSV] 2,369,7565950,2498650,0,0,339310,0,4989910,75542346759
[E3IMT-CSV] 2,370,7588490,2500400,0,0,341100,0,5011660,75742376709
[E3IMT-CSV] 2,371,7318150,2304870,0,0,177920,0,4935320,75942030419
[E3IMT-CSV] 2,372,7705070,2557640,0,0,184540,0,5069290,76142592459
[E3IMT-CSV] 2,373,7693650,2754720,0,0,189100,0,4751050,76342464169
[E3IMT-CSV] 2,374,6081060,2518420,0,0,34510,0,3485540,76540077109
[E3IMT-CSV] 2,375,7751030,2525010,0,0,191130,0,5150310,76741531349
[E3IMT-CSV] 2,376,7660460,2501120,0,0,423600,0,5084110,76942395579
[E3IMT-CSV] 2,377,7588120,2518530,0,0,344040,0,4988620,77142348829
[E3IMT-CSV] 2,378,7607910,2526950,0,0,184470,0,5008020,77342446329
[E3IMT-CSV] 2,379,7586110,2514330,0,0,339290,0,4989270,77542290859
[E3IMT-CSV] 2,380,7883830,2548720,0,0,183090,0,5259890,77742641279
[E3IMT-CSV] 2,381,6096110,2405290,0,0,34150,0,3437780,77942167599
[E3IMT-CSV] 2,382,7686620,2533990,0,0,187930,0,5071180,78141435799
[E3IMT-CSV] 2,383,7417200,2557320,0,0,190040,0,4781160,78342448199
[E3IMT-CSV] 2,384,7602260,2507650,0,0,346770,0,5020340,78541335649
[E3IMT-CSV] 2,385,7611850,2515730,0,0,186320,0,5019580,78742370769
[E3IMT-CSV] 2,386,7608420,2514350,0,0,344930,0,5008140,78942321519
[E3IMT-CSV] 2,387,7612820,2523440,0,0,182830,0,5011900,79142377709
[E3IMT-CSV] 2,388,7557440,2492930,0,0,338580,0,4970400,79342282849
[E3IMT-CSV] 2,389,7332690,2304430,0,0,324170,0,4946580,79542025359
[E3IMT-CSV] 2,390,7647120,2553130,0,0,183140,0,5017000,79742399759
[E3IMT-CSV] 2,391,7604220,2512020,0,0,346990,0,5007790,79942301289
[E3IMT-CSV] 2,392,7704490,2552410,0,0,182040,0,5036340,80142449479
[E3IMT-CSV] 2,393,7574070,2491390,0,0,185820,0,5007540,80342369919
[E3IMT-CSV] 2,394,7590730,2495580,0,0,344120,0,5010890,80542293329
[E3IMT-CSV] 2,395,7365070,2484310,0,0,334430,0,4793860,80742037799
[E3IMT-CSV] 2,396,7642350,2537340,0,0,182050,0,5028330,80942374769
[E3IMT-CSV] 2,397,7683850,2525950,0,0,190030,0,5075500,81142396589
[E3IMT-CSV] 2,398,7577700,2526050,0,0,335640,0,4974650,81342308879
[E3IMT-CSV] 2,399,7347300,2467500,0,0,330630,0,4796010,81542017179
[E3IMT-CSV] 2,400,7711790,2557320,0,0,186340,0,5076430,81742455359
[E3IMT-CSV] 2,401,7659500,2554120,0,0,179420,0,5019100,81943350329
[E3IMT-CSV] 2,402,5917460,1559500,0,0,179660,0,4191340,82139958189
[E3IMT-CSV] 2,403,7355890,2478120,0,0,333080,0,4797170,82342045859
[E3IMT-CSV] 2,404,7340100,2488530,0,0,330880,0,4770440,82542007289
[E3IMT-CSV] 2,405,7614140,2519370,0,0,343630,0,5011140,82742302829
[E3IMT-CSV] 2,406,7708510,2568170,0,0,183240,0,5059000,82942393399
[E3IMT-CSV] 2,407,7622820,2528260,0,0,346710,0,5011300,83142294979
[E3IMT-CSV] 2,408,7657010,2516970,0,0,185230,0,5065460,83342447729
[E3IMT-CSV] 2,409,7398520,2503790,0,0,338280,0,4815700,83542015669
[E3IMT-CSV] 2,410,7569310,2499880,0,0,336890,0,4989400,83742267479
[E3IMT-CSV] 2,411,7337010,2509120,0,0,328090,0,4745200,83941992129
[E3IMT-CSV] 2,412,7327170,2497070,0,0,325060,0,4759380,84141967539
[E3IMT-CSV] 2,413,7565450,2480730,0,0,343280,0,5001300,84342238849
[E3IMT-CSV] 2,414,7375510,2478290,0,0,330260,0,4810300,84542015209
[E3IMT-CSV] 2,415,7585270,2502060,0,0,337750,0,4999590,84742250019
[E3IMT-CSV] 2,416,7366360,2511340,0,0,331450,0,4782260,84942001169
[E3IMT-CSV] 2,417,7695230,2556090,0,0,181990,0,5052840,85142363609
[E3IMT-CSV] 2,418,7594790,2520110,0,0,345700,0,4988520,85342276499
[E3IMT-CSV] 2,419,7372260,2479810,0,0,336350,0,4818700,85542003999
[E3IMT-CSV] 2,420,7363660,2527370,0,0,331280,0,4766480,85741998139
[E3IMT-CSV] 2,421,7368700,2331410,0,0,338960,0,4966310,85941976259
[E3IMT-CSV] 2,422,7342610,2333070,0,0,323280,0,4937280,86141952199
[E3IMT-CSV] 2,423,6077910,2511470,0,0,35000,0,3485960,86340937549
[E3IMT-CSV] 2,424,7593350,2323690,0,0,348400,0,5198590,86541202589
[E3IMT-CSV] 2,425,7626090,2343550,0,0,339230,0,5210120,86742224839
[E3IMT-CSV] 2,426,7671970,2661490,0,0,183120,0,4928890,86944327939
[E3IMT-CSV] 2,427,7691300,2525150,0,0,340970,0,5091570,87142329549
[E3IMT-CSV] 2,428,7623370,2545730,0,0,182520,0,4976630,87342290949
[E3IMT-CSV] 2,429,7282570,2300730,0,0,176040,0,4909330,87541874579
[E3IMT-CSV] 2,430,7649230,2558850,0,0,190660,0,5015070,87742287549
[E3IMT-CSV] 2,431,7650410,2389330,0,0,177520,0,5013720,87942604999
[E3IMT-CSV] 2,432,7612230,2536030,0,0,340370,0,5001170,88142245509
[E3IMT-CSV] 2,433,7615490,2525810,0,0,339850,0,5015120,88342253359
[E3IMT-CSV] 2,434,7578740,2517920,0,0,335900,0,4985780,88542199719
[E3IMT-CSV] 2,435,7847890,2704930,0,0,183050,0,5071930,88742425589
[E3IMT-CSV] 2,436,7780820,2686480,0,0,186750,0,5019420,88942414719
[E3IMT-CSV] 2,437,7889480,2715020,0,0,186260,0,5098140,89141500369
[E3IMT-CSV] 2,438,7946100,2390090,0,0,181660,0,5329720,89341930929
[E3IMT-CSV] 2,439,7636800,2553090,0,0,334330,0,5009560,89542243719
[E3IMT-CSV] 2,440,7778480,2619880,0,0,184890,0,5081640,89742397789
[E3IMT-CSV] 2,441,7576450,2522580,0,0,337110,0,4979340,89942201159
[E3IMT-CSV] 2,442,7379740,2498110,0,0,335020,0,4808960,90141978859
[E3IMT-CSV] 2,443,7349920,2490930,0,0,334270,0,4786290,90341943609
[E3IMT-CSV] 2,444,7397600,2529350,0,0,330380,0,4796270,90541965309
[E3IMT-CSV] 2,445,7620330,2554690,0,0,336890,0,4989150,90742222669
[E3IMT-CSV] 2,446,7561540,2509920,0,0,337900,0,4976730,90942172799
[E3IMT-CSV] 2,447,7685120,2546760,0,0,187820,0,5061200,91142301319
[E3IMT-CSV] 2,448,8838780,2575680,0,0,184640,0,6185930,91343453809
[E3IMT-CSV] 2,449,7653810,2578360,0,0,182170,0,4996430,91542507499
[E3IMT-CSV] 2,450,8049080,2591050,0,0,214190,0,5382010,91742675649
[E3IMT-CSV] 2,451,7592880,2528380,0,0,338210,0,4989900,91941219299
[E3IMT-CSV] 2,452,7362550,2494570,0,0,332820,0,4788580,92141925419
[E3IMT-CSV] 2,453,7585470,2504460,0,0,184490,0,4999770,92342290219
[E3IMT-CSV] 2,454,7287830,2474740,0,0,326050,0,4734500,92541886129
[E3IMT-CSV] 2,455,6365350,2490600,0,0,35400,0,3799670,92741004479
[E3IMT-CSV] 2,456,7676440,2589890,0,0,186550,0,5010750,92941274539
[E3IMT-CSV] 2,457,7328030,2488850,0,0,331040,0,4767400,93141910569
[E3IMT-CSV] 2,458,7641740,2576530,0,0,334190,0,4981640,93342223039
[E3IMT-CSV] 2,459,7582890,2527190,0,0,337640,0,4981890,93542167769
[E3IMT-CSV] 2,460,7311440,2338580,0,0,177050,0,4892100,93741841029
[E3IMT-CSV] 2,461,7562990,2518130,0,0,336560,0,4969460,93942169889
[E3IMT-CSV] 2,462,7578280,2515680,0,0,337330,0,4987630,94142141719
[E3IMT-CSV] 2,463,7341790,2489080,0,0,331870,0,4780330,94341888479
[E3IMT-CSV] 2,464,7595130,2550850,0,0,333820,0,4969690,94542195829
[E3IMT-CSV] 2,465,7369200,2486570,0,0,332770,0,4806840,94741922229
[E3IMT-CSV] 2,466,7574070,2519030,0,0,342800,0,4981120,94943128059
[E3IMT-CSV] 2,467,7653230,2559070,0,0,192070,0,5017130,95142243459
[E3IMT-CSV] 2,468,7568950,2496750,0,0,346390,0,4975000,95342194239
[E3IMT-CSV] 2,469,7601810,2537750,0,0,336150,0,4982750,95542165239
[E3IMT-CSV] 2,470,7784270,2696380,0,0,180840,0,5012310,95742340139
[E3IMT-CSV] 2,471,7632920,2559680,0,0,337500,0,4992020,95942201619
[E3IMT-CSV] 2,472,7605780,2534650,0,0,339110,0,4994310,96142157109
[E3IMT-CSV] 2,473,7652810,2551860,0,0,179350,0,5012350,96343305969
[E3IMT-CSV] 2,474,7655930,2582480,0,0,337240,0,4993760,96542190589
[E3IMT-CSV] 2,475,7646600,2524210,0,0,346420,0,5040310,96742160529
[E3IMT-CSV] 2,476,8035440,2586120,0,0,183220,0,5372570,96942602729
[E3IMT-CSV] 2,477,7682550,2536400,0,0,348180,0,5072260,97142256929
[E3IMT-CSV] 2,478,7630770,2539970,0,0,340480,0,5014830,97342199609
[E3IMT-CSV] 2,479,7613460,2552090,0,0,181340,0,4977510,97542408729
[E3IMT-CSV] 2,480,7592240,2557560,0,0,337070,0,4960820,97742107199
[E3IMT-CSV] 2,481,7575120,2523830,0,0,340420,0,4975950,97942122299
[E3IMT-CSV] 2,482,7837850,2502680,0,0,181760,0,5256640,98142393379
[E3IMT-CSV] 2,483,7614720,2537160,0,0,182220,0,5001630,98342244729
[E3IMT-CSV] 2,484,7586320,2566960,0,0,339760,0,4944700,98542124279
[E3IMT-CSV] 2,485,7603680,2538030,0,0,182090,0,4987400,98742351099
[E3IMT-CSV] 2,486,7612290,2539190,0,0,342940,0,4997390,98942140679
[E3IMT-CSV] 2,487,7353120,2495780,0,0,334060,0,4776020,99141877709
[E3IMT-CSV] 2,488,7315270,2477810,0,0,331380,0,4765420,99341811009
[E3IMT-CSV] 2,489,7344280,2486740,0,0,337760,0,4784760,99541851079
[E3IMT-CSV] 2,490,7310530,2483450,0,0,342610,0,4748750,99741827149
[E3IMT-CSV] 2,491,7593440,2509710,0,0,338370,0,5008140,99942105889
[E3IMT-CSV] 2,492,7615750,2557990,0,0,337820,0,4983020,100142131949
[E3IMT-CSV] 2,493,7366460,2513400,0,0,336540,0,4771190,100341841559
[E3IMT-CSV] 2,494,7560580,2518140,0,0,343600,0,4968960,100542076289
[E3IMT-CSV] 2,495,7325760,2328170,0,0,189200,0,4925940,100741767409
[E3IMT-CSV] 2,496,7598770,2541160,0,0,340200,0,4982000,100942112879
[E3IMT-CSV] 2,497,7338890,2494920,0,0,336850,0,4770910,101141844409
[E3IMT-CSV] 2,498,7660690,2538300,0,0,181740,0,5044360,101342268559
[E3IMT-CSV] 2,499,7574780,2522680,0,0,339800,0,4977530,101542060909
[E3IMT-SUMMARY] chain_len=2 e2e_avg=7497894 publish_avg=2544879 gc_trigger_avg=0 invoke_cb_avg=0 getnext_avg=262931 take_data_avg=0 sched_avg=4872761 dispatch_avg=51642080188

*** FATAL ***
fatal source: 9 (RTEMS_FATAL_SOURCE_EXCEPTION)

R0   = 0x01596b88 R8  = 0x00000000
R1   = 0x00000000 R9  = 0x00000000
R2   = 0x00000010 R10 = 0x00000000
R3   = 0x01596c88 R11 = 0x00000000
R4   = 0x00c00c88 R12 = 0x01596c88
R5   = 0x0030e0e9 SP  = 0x01596b78
R6   = 0x00000000 LR  = 0x00000000
R7   = 0x01596b78 PC  = 0x0030e170
CPSR = 0x600d0173 VEC = 0x00000001
FPEXC = 0x40000000
FPSCR = 0x20000010
D00 = 0x0000000000000000
D01 = 0x0000000000000001
D02 = 0x0000000000000000
D03 = 0x0000000000000000
D04 = 0x0000000000000000
D05 = 0x0000000000000000
D06 = 0x00abe0dc00abe0dc
D07 = 0x000186a00061a800
D08 = 0x0000000000000000
D09 = 0x0000000000000000
D10 = 0x0000000000000000
D11 = 0x0000000000000000
D12 = 0x0000000000000000
D13 = 0x0000000000000000
D14 = 0x0000000000000000
D15 = 0x0000000000000000
D16 = 0x0000000000000000
D17 = 0x0000000000000000
D18 = 0x0000000000000000
D19 = 0x0000000000000000
D20 = 0x00abe33400abe320
D21 = 0x00abe36400abe348
D22 = 0x00abe27c00abe26c
D23 = 0x00abe29c00abe28c
D24 = 0x00abe23c00abe22c
D25 = 0x00abe25c00abe24c
D26 = 0x00abe1c800abe1a0
D27 = 0x00abe20800abe1ec
D28 = 0x00abe14800abe118
D29 = 0x00abe18000abe164
D30 = 0x00abe60000abe600
D31 = 0x00abe10c00abe100
RTEMS version: 6.1.0.not-released
RTEMS tools: 13.3.0 20240521 (RTEMS 6, RSB no-repo, Newlib 1b3dcfd)
executing thread ID: 0x0a010001
executing thread name: UI1 
