
RTEMS Shell on /dev/console. Use 'help' to list commands.
SHLL [/] # nexus0: <RTEMS Nexus device>
info: lo0: link state changed to UP
=== Exp3inter-Picas: Task Chain (n=3) SingleThreadedExecutor+PiCAS ===
Period: 200ms, Rounds: 500
[E3IP-CSV] chain_len,round,e2e_ns,publish_ns,gc_trigger_ns,invoke_cb_ns,getnext_ns,take_data_ns,sched_ns,dispatch_ns
666666
CPP Msg not nullptr
CPP Msg not nullptr
CPP Msg not nullptr
CPP Msg not nullptr
C Msg not NULL
C Msg not NULL
CPP Srv not nullptr
CPP Srv not nullptr
CPP Srv not nullptr
CPP Srv not nullptr
CPP Srv not nullptr
CPP Srv not nullptr
CPP Msg not nullptr
CPP Msg not nullptr
CPP Msg not nullptr
CPP Msg not nullptr
CPP Msg not nullptr
CPP Msg not nullptr
C Msg not NULL
C Msg not NULL
CPP Srv not nullptr
CPP Srv not nullptr
CPP Srv not nullptr
CPP Srv not nullptr
CPP Srv not nullptr
CPP Srv not nullptr
CPP Msg not nullptr
CPP Msg not nullptr
CPP Msg not nullptr
CPP Msg not nullptr
CPP Msg not nullptr
CPP Msg not nullptr
CPP Msg not nullptr
CPP Msg not nullptr
C Msg not NULL
C Msg not NULL
CPP Srv not nullptr
CPP Srv not nullptr
CPP Srv not nullptr
CPP Srv not nullptr
CPP Srv not nullptr
CPP Srv not nullptr
CPP Msg not nullptr
CPP Msg not nullptr
CPP Msg not nullptr
CPP Msg not nullptr
CPP Msg not nullptr
CPP Msg not nullptr
[0m[INFO] [0567993600.712008089] [rclcpp]: Singlethreadedexecutor spin: in Thread ID 167837697[0m
[E3IP-CSV] 3,0,20891880,11745730,0,0,0,0,8907860,0
[E3IP-CSV] 3,1,6616410,2150310,0,0,0,0,4407810,0
[E3IP-CSV] 3,2,15203920,4175570,0,0,0,0,10937650,0
[E3IP-CSV] 3,3,15449480,4257060,0,0,0,0,11103740,0
[E3IP-CSV] 3,4,16111440,4401820,0,0,0,0,11620430,0
[E3IP-CSV] 3,5,15588170,4234650,0,0,0,0,11262210,0
[E3IP-CSV] 3,6,15977250,4351750,0,0,0,0,11524530,0
[E3IP-CSV] 3,7,18027100,4828200,0,0,0,0,13094960,0
[E3IP-CSV] 3,8,7136880,2751900,0,0,0,0,4300350,0
[E3IP-CSV] 3,9,7897590,2877570,0,0,0,0,4927850,0
[E3IP-CSV] 3,10,14906130,4064010,0,0,0,0,10744690,0
[E3IP-CSV] 3,11,15907680,4366530,0,0,0,0,11451900,0
[E3IP-CSV] 3,12,15891770,4327280,0,0,0,0,11465860,0
[E3IP-CSV] 3,13,15996450,4377920,0,0,0,0,11524000,0
[E3IP-CSV] 3,14,15942990,4334440,0,0,0,0,11509090,0
[E3IP-CSV] 3,15,15916210,4303820,0,0,0,0,11518180,0
[E3IP-CSV] 3,16,16050110,4357310,0,0,0,0,11590530,0
[E3IP-CSV] 3,17,15931170,4345540,0,0,0,0,11497820,0
[E3IP-CSV] 3,18,15753160,4378420,0,0,0,0,11286400,0
[E3IP-CSV] 3,19,14847750,4544650,0,0,0,0,10208160,0
[E3IP-CSV] 3,20,15922710,4318810,0,0,0,0,11505440,0
[E3IP-CSV] 3,21,7046870,2694810,0,0,0,0,4264210,0
[E3IP-CSV] 3,22,15938760,4601170,0,0,0,0,11244970,0
[E3IP-CSV] 3,23,16038970,4361830,0,0,0,0,11582290,0
[E3IP-CSV] 3,24,15852030,4304120,0,0,0,0,11458280,0
[E3IP-CSV] 3,25,16067030,4348070,0,0,0,0,11634000,0
[E3IP-CSV] 3,26,16139120,4581590,0,0,0,0,11463100,0
[E3IP-CSV] 3,27,6903880,2694530,0,0,0,0,4128420,0
[E3IP-CSV] 3,28,16538050,4375840,0,0,0,0,12070960,0
[E3IP-CSV] 3,29,7408290,2696860,0,0,0,0,4630900,0
[E3IP-CSV] 3,30,6965580,2640730,0,0,0,0,4249140,0
[E3IP-CSV] 3,31,15960670,4407560,0,0,0,0,11452720,0
[E3IP-CSV] 3,32,7474740,2635810,0,0,0,0,4761870,0
[E3IP-CSV] 3,33,12942140,4238890,0,0,0,0,8606410,0
[E3IP-CSV] 3,34,15759700,4321630,0,0,0,0,11348550,0
[E3IP-CSV] 3,35,7783560,2874060,0,0,0,0,4829860,0
[E3IP-CSV] 3,36,15980460,4384420,0,0,0,0,11504330,0
[E3IP-CSV] 3,37,15981240,4368030,0,0,0,0,11516180,0
[E3IP-CSV] 3,38,15375440,4229570,0,0,0,0,11050500,0
[E3IP-CSV] 3,39,7522040,2845060,0,0,0,0,4595870,0
[E3IP-CSV] 3,40,16158290,4430650,0,0,0,0,11637070,0
[E3IP-CSV] 3,41,15935150,4333310,0,0,0,0,11510030,0
[E3IP-CSV] 3,42,15957370,4333240,0,0,0,0,11531990,0
[E3IP-CSV] 3,43,16631920,4040050,0,0,0,0,12497400,0
[E3IP-CSV] 3,44,15955470,4343290,0,0,0,0,11517900,0
[E3IP-CSV] 3,45,15933100,4328140,0,0,0,0,11515170,0
[E3IP-CSV] 3,46,15959110,4317180,0,0,0,0,11541100,0
[E3IP-CSV] 3,47,15912160,4303170,0,0,0,0,11512580,0
[E3IP-CSV] 3,48,15321020,4172570,0,0,0,0,11055760,0
[E3IP-CSV] 3,49,7045270,2713830,0,0,0,0,4251150,0
[E3IP-CSV] 3,50,18131460,4352810,0,0,0,0,13688450,0
[E3IP-CSV] 3,51,16077930,4403950,0,0,0,0,11583560,0
[E3IP-CSV] 3,52,16102570,4381410,0,0,0,0,11624390,0
[E3IP-CSV] 3,53,16023750,4436520,0,0,0,0,11497760,0
[E3IP-CSV] 3,54,15921800,4509950,0,0,0,0,11311900,0
[E3IP-CSV] 3,55,16002110,4361710,0,0,0,0,11547250,0
[E3IP-CSV] 3,56,15816310,4316300,0,0,0,0,11406280,0
[E3IP-CSV] 3,57,15719460,4321930,0,0,0,0,11303850,0
[E3IP-CSV] 3,58,16013380,4352790,0,0,0,0,11563110,0
[E3IP-CSV] 3,59,15751590,4294180,0,0,0,0,11358730,0
[E3IP-CSV] 3,60,15958050,4370300,0,0,0,0,11498040,0
[E3IP-CSV] 3,61,15634370,4302020,0,0,0,0,11242390,0
[E3IP-CSV] 3,62,15919150,4338740,0,0,0,0,11490680,0
[E3IP-CSV] 3,63,15301790,4222090,0,0,0,0,10978770,0
[E3IP-CSV] 3,64,7829360,2689470,0,0,0,0,5060040,0
[E3IP-CSV] 3,65,16013810,4369580,0,0,0,0,11547960,0
[E3IP-CSV] 3,66,15229640,4328390,0,0,0,0,10808920,0
[E3IP-CSV] 3,67,16836320,4639720,0,0,0,0,12103470,0
[E3IP-CSV] 3,68,16046630,4491720,0,0,0,0,11462710,0
[E3IP-CSV] 3,69,16154830,4389680,0,0,0,0,11674580,0
[E3IP-CSV] 3,70,15918280,4335530,0,0,0,0,11490020,0
[E3IP-CSV] 3,71,16445000,4458840,0,0,0,0,11894140,0
[E3IP-CSV] 3,72,16211550,4347580,0,0,0,0,11772730,0
[E3IP-CSV] 3,73,16129720,4586160,0,0,0,0,11439480,0
[E3IP-CSV] 3,74,16073260,4349940,0,0,0,0,11630870,0
[E3IP-CSV] 3,75,15917810,4344510,0,0,0,0,11479650,0
[E3IP-CSV] 3,76,16101710,4401860,0,0,0,0,11605460,0
[E3IP-CSV] 3,77,16137960,4400110,0,0,0,0,11637120,0
[E3IP-CSV] 3,78,15412280,4206450,0,0,0,0,11118460,0
[E3IP-CSV] 3,79,15935190,4404990,0,0,0,0,11436800,0
[E3IP-CSV] 3,80,15951710,4350870,0,0,0,0,11501820,0
[E3IP-CSV] 3,81,16051440,4350130,0,0,0,0,11607530,0
[E3IP-CSV] 3,82,15946170,4334990,0,0,0,0,11515970,0
[E3IP-CSV] 3,83,16104270,4373200,0,0,0,0,11641670,0
[E3IP-CSV] 3,84,15755150,4317430,0,0,0,0,11345430,0
[E3IP-CSV] 3,85,16154800,4370710,0,0,0,0,11687800,0
[E3IP-CSV] 3,86,12046670,2904540,0,0,0,0,9062460,0
[E3IP-CSV] 3,87,16794550,4675690,0,0,0,0,12025450,0
[E3IP-CSV] 3,88,15988330,4365380,0,0,0,0,11531720,0
[E3IP-CSV] 3,89,15699760,4275310,0,0,0,0,11329530,0
[E3IP-CSV] 3,90,16035710,4417820,0,0,0,0,11527790,0
[E3IP-CSV] 3,91,16111490,4402430,0,0,0,0,11611810,0
[E3IP-CSV] 3,92,15964660,4387430,0,0,0,0,11485120,0
[E3IP-CSV] 3,93,15719830,4269630,0,0,0,0,11360280,0
[E3IP-CSV] 3,94,15420290,4206860,0,0,0,0,11117180,0
[E3IP-CSV] 3,95,15967610,4373060,0,0,0,0,11497440,0
[E3IP-CSV] 3,96,15507810,4237370,0,0,0,0,11178590,0
[E3IP-CSV] 3,97,16091920,4405880,0,0,0,0,11587840,0
[E3IP-CSV] 3,98,16013290,4378450,0,0,0,0,11545700,0
[E3IP-CSV] 3,99,7812890,2665240,0,0,0,0,5067510,0
[E3IP-CSV] 3,100,16001240,4399230,0,0,0,0,11512650,0
[E3IP-CSV] 3,101,7081820,2692880,0,0,0,0,4304270,0
[E3IP-CSV] 3,102,8018390,2804590,0,0,0,0,5131830,0
[E3IP-CSV] 3,103,15973190,4376380,0,0,0,0,11504830,0
[E3IP-CSV] 3,104,16029500,4382750,0,0,0,0,11555680,0
[E3IP-CSV] 3,105,15959000,4376130,0,0,0,0,11487510,0
[E3IP-CSV] 3,106,15980180,4362990,0,0,0,0,11528320,0
[E3IP-CSV] 3,107,15367320,4192160,0,0,0,0,11083160,0
[E3IP-CSV] 3,108,15071960,4059500,0,0,0,0,10923850,0
[E3IP-CSV] 3,109,15805580,4263890,0,0,0,0,11451980,0
[E3IP-CSV] 3,110,15599560,4293340,0,0,0,0,11215090,0
[E3IP-CSV] 3,111,7039390,2682500,0,0,0,0,4279710,0
[E3IP-CSV] 3,112,16010480,4373090,0,0,0,0,11546580,0
[E3IP-CSV] 3,113,16138200,4363700,0,0,0,0,11685110,0
[E3IP-CSV] 3,114,16078870,4405180,0,0,0,0,11581000,0
[E3IP-CSV] 3,115,7060540,2733450,0,0,0,0,4247540,0
[E3IP-CSV] 3,116,15929870,4308600,0,0,0,0,11537310,0
[E3IP-CSV] 3,117,15816530,4363270,0,0,0,0,11359640,0
[E3IP-CSV] 3,118,16091930,4403860,0,0,0,0,11597890,0
[E3IP-CSV] 3,119,7323910,2701710,0,0,0,0,4542200,0
[E3IP-CSV] 3,120,16046360,4393850,0,0,0,0,11562390,0
[E3IP-CSV] 3,121,16187600,4607010,0,0,0,0,11491670,0
[E3IP-CSV] 3,122,5913350,2840210,0,0,0,0,2991240,0
[E3IP-CSV] 3,123,15311410,4236330,0,0,0,0,10986070,0
[E3IP-CSV] 3,124,16126340,4477110,0,0,0,0,11559490,0
[E3IP-CSV] 3,125,16064380,4381420,0,0,0,0,11593980,0
[E3IP-CSV] 3,126,16029380,4370240,0,0,0,0,11568470,0
[E3IP-CSV] 3,127,20611700,4514910,0,0,0,0,16005350,0
[E3IP-CSV] 3,128,16068620,4568500,0,0,0,0,11410290,0
[E3IP-CSV] 3,129,16784670,4610480,0,0,0,0,12084030,0
[E3IP-CSV] 3,130,15966130,4582880,0,0,0,0,11284710,0
[E3IP-CSV] 3,131,16136880,4438810,0,0,0,0,11605660,0
[E3IP-CSV] 3,132,16232280,4389650,0,0,0,0,11753420,0
[E3IP-CSV] 3,133,6831810,2706410,0,0,0,0,4036960,0
[E3IP-CSV] 3,134,16062140,4401540,0,0,0,0,11563230,0
[E3IP-CSV] 3,135,15808120,4347270,0,0,0,0,11364730,0
[E3IP-CSV] 3,136,15561110,4208500,0,0,0,0,11262090,0
[E3IP-CSV] 3,137,16086160,4394430,0,0,0,0,11598410,0
[E3IP-CSV] 3,138,15307820,4181270,0,0,0,0,11037390,0
[E3IP-CSV] 3,139,16176380,4394420,0,0,0,0,11685370,0
[E3IP-CSV] 3,140,15912960,4361190,0,0,0,0,11458630,0
[E3IP-CSV] 3,141,16111460,4416030,0,0,0,0,11598570,0
[E3IP-CSV] 3,142,16067930,4402000,0,0,0,0,11576050,0
[E3IP-CSV] 3,143,7435810,2659690,0,0,0,0,4692590,0
[E3IP-CSV] 3,144,16068000,4385010,0,0,0,0,11594320,0
[E3IP-CSV] 3,145,15412080,4225240,0,0,0,0,11096460,0
[E3IP-CSV] 3,146,15814600,4304640,0,0,0,0,11419690,0
[E3IP-CSV] 3,147,14955970,4059970,0,0,0,0,10806620,0
[E3IP-CSV] 3,148,16867830,4679760,0,0,0,0,12094360,0
[E3IP-CSV] 3,149,14933600,4075570,0,0,0,0,10767040,0
[E3IP-CSV] 3,150,16698710,4038080,0,0,0,0,12569490,0
[E3IP-CSV] 3,151,16033460,4400390,0,0,0,0,11542200,0
[E3IP-CSV] 3,152,15938600,4400870,0,0,0,0,11447500,0
[E3IP-CSV] 3,153,15346730,4211260,0,0,0,0,11036920,0
[E3IP-CSV] 3,154,16055880,4392390,0,0,0,0,11572860,0
[E3IP-CSV] 3,155,15978190,4374570,0,0,0,0,11510600,0
[E3IP-CSV] 3,156,14779940,4041610,0,0,0,0,10649980,0
[E3IP-CSV] 3,157,15255200,4202630,0,0,0,0,10962570,0
[E3IP-CSV] 3,158,15925520,4370200,0,0,0,0,11458290,0
[E3IP-CSV] 3,159,8903390,2778740,0,0,0,0,6042810,0
[E3IP-CSV] 3,160,15990190,4359740,0,0,0,0,11541490,0
[E3IP-CSV] 3,161,14801650,4021710,0,0,0,0,10690010,0
[E3IP-CSV] 3,162,7236960,2788990,0,0,0,0,4357780,0
[E3IP-CSV] 3,163,15959700,4384990,0,0,0,0,11477000,0
[E3IP-CSV] 3,164,15445110,4262010,0,0,0,0,11093110,0
[E3IP-CSV] 3,165,7070950,2649830,0,0,0,0,4341390,0
[E3IP-CSV] 3,166,16240070,4509300,0,0,0,0,11639180,0
[E3IP-CSV] 3,167,16009090,4423650,0,0,0,0,11494130,0
[E3IP-CSV] 3,168,15022810,4116800,0,0,0,0,10812030,0
[E3IP-CSV] 3,169,6904010,2720870,0,0,0,0,4103850,0
[E3IP-CSV] 3,170,19231520,4512000,0,0,0,0,14628460,0
[E3IP-CSV] 3,171,15794640,4305120,0,0,0,0,11391720,0
[E3IP-CSV] 3,172,7099470,2694160,0,0,0,0,4326670,0
[E3IP-CSV] 3,173,15354470,4186080,0,0,0,0,11075050,0
[E3IP-CSV] 3,174,16083230,4420170,0,0,0,0,11570620,0
[E3IP-CSV] 3,175,8435540,2809350,0,0,0,0,5545330,0
[E3IP-CSV] 3,176,16042510,4344070,0,0,0,0,11599200,0
[E3IP-CSV] 3,177,15947580,4376620,0,0,0,0,11473160,0
[E3IP-CSV] 3,178,10796630,2741520,0,0,0,0,7972000,0
[E3IP-CSV] 3,179,13127420,4579720,0,0,0,0,8457240,0
[E3IP-CSV] 3,180,15937550,4321180,0,0,0,0,11529150,0
[E3IP-CSV] 3,181,15915090,4359710,0,0,0,0,11456860,0
[E3IP-CSV] 3,182,15878730,4348440,0,0,0,0,11439400,0
[E3IP-CSV] 3,183,6821520,2875840,0,0,0,0,3856040,0
[E3IP-CSV] 3,184,7263960,2644560,0,0,0,0,4539880,0
[E3IP-CSV] 3,185,14942390,4091500,0,0,0,0,10755110,0
[E3IP-CSV] 3,186,17201660,4681930,0,0,0,0,12420730,0
[E3IP-CSV] 3,187,16010770,4350750,0,0,0,0,11569460,0
[E3IP-CSV] 3,188,15538030,4337150,0,0,0,0,11109160,0
[E3IP-CSV] 3,189,16095360,4416530,0,0,0,0,11588640,0
[E3IP-CSV] 3,190,15640030,4381280,0,0,0,0,11165450,0
[E3IP-CSV] 3,191,15940340,4396920,0,0,0,0,11451760,0
[E3IP-CSV] 3,192,6966600,2813800,0,0,0,0,4073290,0
[E3IP-CSV] 3,193,7637230,2679900,0,0,0,0,4876270,0
[E3IP-CSV] 3,194,16034730,4366180,0,0,0,0,11572190,0
[E3IP-CSV] 3,195,6926770,2657510,0,0,0,0,4193720,0
[E3IP-CSV] 3,196,15642580,4253120,0,0,0,0,11293720,0
[E3IP-CSV] 3,197,16002000,4366810,0,0,0,0,11543480,0
[E3IP-CSV] 3,198,15184600,4168680,0,0,0,0,10926530,0
[E3IP-CSV] 3,199,15960000,4345510,0,0,0,0,11520480,0
[E3IP-CSV] 3,200,16116350,4424530,0,0,0,0,11599730,0
[E3IP-CSV] 3,201,14935910,4183730,0,0,0,0,10660640,0
[E3IP-CSV] 3,202,15951900,4357780,0,0,0,0,11504570,0
[E3IP-CSV] 3,203,12947220,4149700,0,0,0,0,8703560,0
[E3IP-CSV] 3,204,10343140,2844900,0,0,0,0,7417460,0
[E3IP-CSV] 3,205,16126540,4396300,0,0,0,0,11639290,0
[E3IP-CSV] 3,206,6937660,2626350,0,0,0,0,4229820,0
[E3IP-CSV] 3,207,9963820,2873010,0,0,0,0,7009540,0
[E3IP-CSV] 3,208,14714380,3999530,0,0,0,0,10626200,0
[E3IP-CSV] 3,209,15962110,4371270,0,0,0,0,11500450,0
[E3IP-CSV] 3,210,16032650,4374070,0,0,0,0,11568290,0
[E3IP-CSV] 3,211,6889370,2634150,0,0,0,0,4176460,0
[E3IP-CSV] 3,212,15865480,4362760,0,0,0,0,11405500,0
[E3IP-CSV] 3,213,15637350,4415480,0,0,0,0,11127500,0
[E3IP-CSV] 3,214,15962240,4369830,0,0,0,0,11499930,0
[E3IP-CSV] 3,215,8860070,2759570,0,0,0,0,6019330,0
[E3IP-CSV] 3,216,16002140,4412460,0,0,0,0,11499050,0
[E3IP-CSV] 3,217,16015740,4374020,0,0,0,0,11549130,0
[E3IP-CSV] 3,218,14839680,4058930,0,0,0,0,10690330,0
[E3IP-CSV] 3,219,15620540,4305240,0,0,0,0,11223630,0
[E3IP-CSV] 3,220,16111920,4464980,0,0,0,0,11554760,0
[E3IP-CSV] 3,221,16020540,4387650,0,0,0,0,11541890,0
[E3IP-CSV] 3,222,3348720,795510,0,0,0,0,2527350,0
[E3IP-CSV] 3,223,14491700,4019290,0,0,0,0,10379470,0
[E3IP-CSV] 3,224,15460350,4323470,0,0,0,0,11044520,0
[E3IP-CSV] 3,225,16197110,4434930,0,0,0,0,11673140,0
[E3IP-CSV] 3,226,15249950,4152540,0,0,0,0,11006320,0
[E3IP-CSV] 3,227,6994550,2683680,0,0,0,0,4230030,0
[E3IP-CSV] 3,228,15053010,4133240,0,0,0,0,10832970,0
[E3IP-CSV] 3,229,16481430,3935200,0,0,0,0,12456220,0
[E3IP-CSV] 3,230,16128640,4433640,0,0,0,0,11606170,0
[E3IP-CSV] 3,231,15981300,4362330,0,0,0,0,11527840,0
[E3IP-CSV] 3,232,17524200,4835810,0,0,0,0,12598100,0
[E3IP-CSV] 3,233,16276700,4623900,0,0,0,0,11556940,0
[E3IP-CSV] 3,234,16016340,4414400,0,0,0,0,11512120,0
[E3IP-CSV] 3,235,15896070,4346930,0,0,0,0,11451980,0
[E3IP-CSV] 3,236,16036170,4372780,0,0,0,0,11565870,0
[E3IP-CSV] 3,237,15818710,4305050,0,0,0,0,11423770,0
[E3IP-CSV] 3,238,7105210,2655510,0,0,0,0,4364070,0
[E3IP-CSV] 3,239,15934340,4373600,0,0,0,0,11468640,0
[E3IP-CSV] 3,240,16054130,4427540,0,0,0,0,11534000,0
[E3IP-CSV] 3,241,15977880,4383040,0,0,0,0,11503510,0
[E3IP-CSV] 3,242,15993480,4348900,0,0,0,0,11553230,0
[E3IP-CSV] 3,243,15170000,4156340,0,0,0,0,10925280,0
[E3IP-CSV] 3,244,15922250,4385400,0,0,0,0,11444160,0
[E3IP-CSV] 3,245,7250800,2700470,0,0,0,0,4471670,0
[E3IP-CSV] 3,246,16012620,4385420,0,0,0,0,11538430,0
[E3IP-CSV] 3,247,15621100,4268200,0,0,0,0,11255070,0
[E3IP-CSV] 3,248,16066860,4399200,0,0,0,0,11576310,0
[E3IP-CSV] 3,249,6949740,2651270,0,0,0,0,4216510,0
[E3IP-CSV] 3,250,15998600,4367040,0,0,0,0,11535960,0
[E3IP-CSV] 3,251,16019620,4387340,0,0,0,0,11542310,0
[E3IP-CSV] 3,252,15262630,4215140,0,0,0,0,10961770,0
[E3IP-CSV] 3,253,6951460,2685600,0,0,0,0,4181480,0
[E3IP-CSV] 3,254,16024710,4390660,0,0,0,0,11545830,0
[E3IP-CSV] 3,255,16001410,4350320,0,0,0,0,11550070,0
[E3IP-CSV] 3,256,16000590,4379800,0,0,0,0,11529810,0
[E3IP-CSV] 3,257,15441440,4222650,0,0,0,0,11128290,0
[E3IP-CSV] 3,258,13655530,3928970,0,0,0,0,9630620,0
[E3IP-CSV] 3,259,15975690,4358740,0,0,0,0,11526390,0
[E3IP-CSV] 3,260,15907220,4333230,0,0,0,0,11482520,0
[E3IP-CSV] 3,261,16085710,4368990,0,0,0,0,11625140,0
[E3IP-CSV] 3,262,15952220,4369600,0,0,0,0,11484650,0
[E3IP-CSV] 3,263,15964070,4349060,0,0,0,0,11512800,0
[E3IP-CSV] 3,264,16018540,4393550,0,0,0,0,11535940,0
[E3IP-CSV] 3,265,15930620,4340620,0,0,0,0,11497580,0
[E3IP-CSV] 3,266,15615090,4305050,0,0,0,0,11220310,0
[E3IP-CSV] 3,267,15910150,4362050,0,0,0,0,11458510,0
[E3IP-CSV] 3,268,15936330,4363790,0,0,0,0,11478470,0
[E3IP-CSV] 3,269,6973150,2654110,0,0,0,0,4230680,0
[E3IP-CSV] 3,270,15908640,4408620,0,0,0,0,11404960,0
[E3IP-CSV] 3,271,7488810,2679580,0,0,0,0,4721010,0
[E3IP-CSV] 3,272,16083470,4401090,0,0,0,0,11590760,0
[E3IP-CSV] 3,273,14711620,3994040,0,0,0,0,10631100,0
[E3IP-CSV] 3,274,6922250,2661550,0,0,0,0,4180290,0
[E3IP-CSV] 3,275,15866690,4458530,0,0,0,0,11310630,0
[E3IP-CSV] 3,276,6946790,2692490,0,0,0,0,4174410,0
[E3IP-CSV] 3,277,16107750,4406730,0,0,0,0,11611530,0
[E3IP-CSV] 3,278,15985070,4340460,0,0,0,0,11539640,0
[E3IP-CSV] 3,279,16064330,4404150,0,0,0,0,11565100,0
[E3IP-CSV] 3,280,15489600,4270920,0,0,0,0,11116950,0
[E3IP-CSV] 3,281,16004140,4375620,0,0,0,0,11536790,0
[E3IP-CSV] 3,282,15958720,4357360,0,0,0,0,11508400,0
[E3IP-CSV] 3,283,15979560,4359470,0,0,0,0,11525250,0
[E3IP-CSV] 3,284,15951150,4347740,0,0,0,0,11507890,0
[E3IP-CSV] 3,285,16852140,4173170,0,0,0,0,12587980,0
[E3IP-CSV] 3,286,19079670,4643790,0,0,0,0,14336440,0
[E3IP-CSV] 3,287,16059690,4402150,0,0,0,0,11558870,0
[E3IP-CSV] 3,288,14869540,4068280,0,0,0,0,10714290,0
[E3IP-CSV] 3,289,15982470,4372580,0,0,0,0,11516840,0
[E3IP-CSV] 3,290,15991650,4349640,0,0,0,0,11550080,0
[E3IP-CSV] 3,291,15788640,4357760,0,0,0,0,11340760,0
[E3IP-CSV] 3,292,16062810,4431920,0,0,0,0,11534820,0
[E3IP-CSV] 3,293,15997170,4361630,0,0,0,0,11542340,0
[E3IP-CSV] 3,294,15980850,4363100,0,0,0,0,11518100,0
[E3IP-CSV] 3,295,16028780,4366450,0,0,0,0,11567290,0
[E3IP-CSV] 3,296,16111540,4377450,0,0,0,0,11638520,0
[E3IP-CSV] 3,297,15974180,4348750,0,0,0,0,11528300,0
[E3IP-CSV] 3,298,15935720,4387430,0,0,0,0,11456200,0
[E3IP-CSV] 3,299,16016610,4402360,0,0,0,0,11519800,0
[E3IP-CSV] 3,300,7158620,2674660,0,0,0,0,4398290,0
[E3IP-CSV] 3,301,16064400,4355080,0,0,0,0,11619430,0
[E3IP-CSV] 3,302,16215920,4414370,0,0,0,0,11699950,0
[E3IP-CSV] 3,303,14345210,3954540,0,0,0,0,10297530,0
[E3IP-CSV] 3,304,15587050,4319530,0,0,0,0,11179550,0
[E3IP-CSV] 3,305,15621830,4260320,0,0,0,0,11264100,0
[E3IP-CSV] 3,306,15787880,4313410,0,0,0,0,11380760,0
[E3IP-CSV] 3,307,15869110,4364580,0,0,0,0,11413890,0
[E3IP-CSV] 3,308,15206250,4167610,0,0,0,0,10941160,0
[E3IP-CSV] 3,309,15880810,4377580,0,0,0,0,11400690,0
[E3IP-CSV] 3,310,15897240,4289210,0,0,0,0,11508990,0
[E3IP-CSV] 3,311,15636680,4306890,0,0,0,0,11236090,0
[E3IP-CSV] 3,312,15660070,4287830,0,0,0,0,11277520,0
[E3IP-CSV] 3,313,16478510,4144240,0,0,0,0,12239410,0
[E3IP-CSV] 3,314,15679770,4321990,0,0,0,0,11260600,0
[E3IP-CSV] 3,315,15670180,4304750,0,0,0,0,11270330,0
[E3IP-CSV] 3,316,15848380,4334510,0,0,0,0,11420720,0
[E3IP-CSV] 3,317,15796230,4264020,0,0,0,0,11430010,0
[E3IP-CSV] 3,318,14779280,4068720,0,0,0,0,10623820,0
[E3IP-CSV] 3,319,15796210,4302280,0,0,0,0,11405040,0
[E3IP-CSV] 3,320,15579220,4340100,0,0,0,0,11146030,0
[E3IP-CSV] 3,321,15953830,4439210,0,0,0,0,11412660,0
[E3IP-CSV] 3,322,16023870,4360330,0,0,0,0,11565550,0
[E3IP-CSV] 3,323,15991180,4339120,0,0,0,0,11546200,0
[E3IP-CSV] 3,324,15970690,4357960,0,0,0,0,11518350,0
[E3IP-CSV] 3,325,15702160,4354870,0,0,0,0,11253180,0
[E3IP-CSV] 3,326,15651040,4252980,0,0,0,0,11294490,0
[E3IP-CSV] 3,327,15885490,4345490,0,0,0,0,11454880,0
[E3IP-CSV] 3,328,15629630,4264370,0,0,0,0,11267520,0
[E3IP-CSV] 3,329,15989850,4367560,0,0,0,0,11518490,0
[E3IP-CSV] 3,330,15549370,4300000,0,0,0,0,11163520,0
[E3IP-CSV] 3,331,15549950,4250650,0,0,0,0,11202230,0
[E3IP-CSV] 3,332,15585960,4255720,0,0,0,0,11234200,0
[E3IP-CSV] 3,333,14884500,4058950,0,0,0,0,10732360,0
[E3IP-CSV] 3,334,16024070,4380610,0,0,0,0,11533970,0
[E3IP-CSV] 3,335,16152790,4436000,0,0,0,0,11609560,0
[E3IP-CSV] 3,336,15414560,4272750,0,0,0,0,11042720,0
[E3IP-CSV] 3,337,16011100,4374270,0,0,0,0,11531410,0
[E3IP-CSV] 3,338,16019770,4395350,0,0,0,0,11522050,0
[E3IP-CSV] 3,339,15948290,4377120,0,0,0,0,11472040,0
[E3IP-CSV] 3,340,7081980,2677890,0,0,0,0,4325300,0
[E3IP-CSV] 3,341,17200940,4180920,0,0,0,0,12934260,0
[E3IP-CSV] 3,342,7000960,2685420,0,0,0,0,4235070,0
[E3IP-CSV] 3,343,16041880,4397580,0,0,0,0,11552090,0
[E3IP-CSV] 3,344,16010680,4356390,0,0,0,0,11550550,0
[E3IP-CSV] 3,345,15951170,4369680,0,0,0,0,11489070,0
[E3IP-CSV] 3,346,7156400,2649550,0,0,0,0,4426450,0
[E3IP-CSV] 3,347,16003230,4373970,0,0,0,0,11536820,0
[E3IP-CSV] 3,348,14834470,4026080,0,0,0,0,10713760,0
[E3IP-CSV] 3,349,15878810,4321340,0,0,0,0,11457290,0
[E3IP-CSV] 3,350,15892360,4341860,0,0,0,0,11460070,0
[E3IP-CSV] 3,351,15977660,4355470,0,0,0,0,11529310,0
[E3IP-CSV] 3,352,16084470,4365790,0,0,0,0,11626320,0
[E3IP-CSV] 3,353,16069120,4365160,0,0,0,0,11613020,0
[E3IP-CSV] 3,354,16051740,4365760,0,0,0,0,11583040,0
[E3IP-CSV] 3,355,16032760,4385630,0,0,0,0,11554890,0
[E3IP-CSV] 3,356,15974670,4388980,0,0,0,0,11491520,0
[E3IP-CSV] 3,357,15124460,4152780,0,0,0,0,10880580,0
[E3IP-CSV] 3,358,16084940,4395290,0,0,0,0,11600530,0
[E3IP-CSV] 3,359,15835100,4341690,0,0,0,0,11401540,0
[E3IP-CSV] 3,360,15920800,4351080,0,0,0,0,11479210,0
[E3IP-CSV] 3,361,16019570,4351860,0,0,0,0,11566100,0
[E3IP-CSV] 3,362,16001770,4378480,0,0,0,0,11529730,0
[E3IP-CSV] 3,363,15161820,4310500,0,0,0,0,10767110,0
[E3IP-CSV] 3,364,15171550,4269490,0,0,0,0,10801170,0
[E3IP-CSV] 3,365,16063090,4367740,0,0,0,0,11600170,0
[E3IP-CSV] 3,366,16045750,4393320,0,0,0,0,11558910,0
[E3IP-CSV] 3,367,9361250,2699740,0,0,0,0,6576300,0
[E3IP-CSV] 3,368,15864920,4358620,0,0,0,0,11416130,0
[E3IP-CSV] 3,369,15997770,4379800,0,0,0,0,11530030,0
[E3IP-CSV] 3,370,16061000,4405920,0,0,0,0,11563640,0
[E3IP-CSV] 3,371,16050470,4470650,0,0,0,0,11490200,0
[E3IP-CSV] 3,372,16151980,4430870,0,0,0,0,11629060,0
[E3IP-CSV] 3,373,16093560,4373480,0,0,0,0,11629570,0
[E3IP-CSV] 3,374,7163250,2681920,0,0,0,0,4394210,0
[E3IP-CSV] 3,375,16095320,4383760,0,0,0,0,11613540,0
[E3IP-CSV] 3,376,16014820,4448310,0,0,0,0,11468600,0
[E3IP-CSV] 3,377,11669350,2947670,0,0,0,0,8487630,0
[E3IP-CSV] 3,378,15970150,4358450,0,0,0,0,11515490,0
[E3IP-CSV] 3,379,15985240,4369830,0,0,0,0,11511900,0
[E3IP-CSV] 3,380,7084160,2676710,0,0,0,0,4319010,0
[E3IP-CSV] 3,381,16153980,4400400,0,0,0,0,11666250,0
[E3IP-CSV] 3,382,16041180,4405130,0,0,0,0,11549670,0
[E3IP-CSV] 3,383,15904830,4366760,0,0,0,0,11445940,0
[E3IP-CSV] 3,384,16031860,4398080,0,0,0,0,11543600,0
[E3IP-CSV] 3,385,16141850,4397020,0,0,0,0,11655190,0
[E3IP-CSV] 3,386,15902800,4361420,0,0,0,0,11450290,0
[E3IP-CSV] 3,387,15800150,4318710,0,0,0,0,11390150,0
[E3IP-CSV] 3,388,15942650,4391920,0,0,0,0,11453230,0
[E3IP-CSV] 3,389,16052560,4362630,0,0,0,0,11602150,0
[E3IP-CSV] 3,390,15962190,4384050,0,0,0,0,11480470,0
[E3IP-CSV] 3,391,8631270,2675590,0,0,0,0,5866280,0
[E3IP-CSV] 3,392,9991560,2892940,0,0,0,0,7017600,0
[E3IP-CSV] 3,393,16007890,4359700,0,0,0,0,11558430,0
[E3IP-CSV] 3,394,15922930,4364900,0,0,0,0,11456820,0
[E3IP-CSV] 3,395,16010590,4362430,0,0,0,0,11548890,0
[E3IP-CSV] 3,396,15909260,4391020,0,0,0,0,11423510,0
[E3IP-CSV] 3,397,15701770,4361460,0,0,0,0,11246400,0
[E3IP-CSV] 3,398,15865760,4344990,0,0,0,0,11428760,0
[E3IP-CSV] 3,399,15973160,4378470,0,0,0,0,11497990,0
[E3IP-CSV] 3,400,16015970,4391460,0,0,0,0,11530830,0
[E3IP-CSV] 3,401,15948300,4375370,0,0,0,0,11476820,0
[E3IP-CSV] 3,402,16038040,4433140,0,0,0,0,11507640,0
[E3IP-CSV] 3,403,15817060,4350740,0,0,0,0,11372520,0
[E3IP-CSV] 3,404,15649650,4326280,0,0,0,0,11234980,0
[E3IP-CSV] 3,405,15831630,4278840,0,0,0,0,11452770,0
[E3IP-CSV] 3,406,17362600,4556110,0,0,0,0,12719470,0
[E3IP-CSV] 3,407,15888950,4389520,0,0,0,0,11412700,0
[E3IP-CSV] 3,408,15595860,4314400,0,0,0,0,11184110,0
[E3IP-CSV] 3,409,15636750,4289620,0,0,0,0,11244820,0
[E3IP-CSV] 3,410,15566660,4274280,0,0,0,0,11199150,0
[E3IP-CSV] 3,411,15503340,4260110,0,0,0,0,11155090,0
[E3IP-CSV] 3,412,15833760,4368310,0,0,0,0,11374350,0
[E3IP-CSV] 3,413,15875060,4342590,0,0,0,0,11434190,0
[E3IP-CSV] 3,414,15583990,4287600,0,0,0,0,11210910,0
[E3IP-CSV] 3,415,15545120,4289060,0,0,0,0,11166370,0
[E3IP-CSV] 3,416,15662020,4320320,0,0,0,0,11251120,0
[E3IP-CSV] 3,417,10526860,2823810,0,0,0,0,7623440,0
[E3IP-CSV] 3,418,16006840,4296580,0,0,0,0,11621440,0
[E3IP-CSV] 3,419,15643400,4306230,0,0,0,0,11250610,0
[E3IP-CSV] 3,420,15229530,4211880,0,0,0,0,10928970,0
[E3IP-CSV] 3,421,16879590,4328680,0,0,0,0,12463330,0
[E3IP-CSV] 3,422,17346240,4504620,0,0,0,0,12750560,0
[E3IP-CSV] 3,423,15914690,4507510,0,0,0,0,11311910,0
[E3IP-CSV] 3,424,15805650,4328040,0,0,0,0,11388950,0
[E3IP-CSV] 3,425,20847610,4665700,0,0,0,0,16086120,0
[E3IP-CSV] 3,426,15848490,4375560,0,0,0,0,11382200,0
[E3IP-CSV] 3,427,15904580,4322950,0,0,0,0,11492590,0
[E3IP-CSV] 3,428,15847520,4334690,0,0,0,0,11420470,0
[E3IP-CSV] 3,429,10142560,2934820,0,0,0,0,7114400,0
[E3IP-CSV] 3,430,17180890,4354130,0,0,0,0,12734460,0
[E3IP-CSV] 3,431,15859620,4364090,0,0,0,0,11405020,0
[E3IP-CSV] 3,432,15964450,4376360,0,0,0,0,11492710,0
[E3IP-CSV] 3,433,15829690,4310810,0,0,0,0,11420900,0
[E3IP-CSV] 3,434,7749890,2806200,0,0,0,0,4861170,0
[E3IP-CSV] 3,435,15930150,4377570,0,0,0,0,11460690,0
[E3IP-CSV] 3,436,19326460,4538680,0,0,0,0,14698620,0
[E3IP-CSV] 3,437,9085650,2693300,0,0,0,0,6083290,0
[E3IP-CSV] 3,438,7926930,2830010,0,0,0,0,5014010,0
[E3IP-CSV] 3,439,15838920,4339710,0,0,0,0,11404910,0
[E3IP-CSV] 3,440,15804490,4392350,0,0,0,0,11323620,0
[E3IP-CSV] 3,441,15760260,4273980,0,0,0,0,11390610,0
[E3IP-CSV] 3,442,15656730,4296650,0,0,0,0,11271570,0
[E3IP-CSV] 3,443,15510910,4295320,0,0,0,0,11115010,0
[E3IP-CSV] 3,444,7591890,2889270,0,0,0,0,4620750,0
[E3IP-CSV] 3,445,15985670,4405710,0,0,0,0,11487910,0
[E3IP-CSV] 3,446,19292640,4481250,0,0,0,0,14720090,0
[E3IP-CSV] 3,447,7780810,2835850,0,0,0,0,4864860,0
[E3IP-CSV] 3,448,14983060,6613860,0,0,0,0,8226420,0
[E3IP-CSV] 3,449,15836820,4294410,0,0,0,0,11448380,0
[E3IP-CSV] 3,450,15769380,4281520,0,0,0,0,11399810,0
[E3IP-CSV] 3,451,15827710,4311030,0,0,0,0,11425910,0
[E3IP-CSV] 3,452,15796410,4369900,0,0,0,0,11329060,0
[E3IP-CSV] 3,453,20913970,4574900,0,0,0,0,16246810,0
[E3IP-CSV] 3,454,13093610,4085160,0,0,0,0,8915130,0
[E3IP-CSV] 3,455,15855700,4334370,0,0,0,0,11431510,0
[E3IP-CSV] 3,456,15621220,4277230,0,0,0,0,11248730,0
[E3IP-CSV] 3,457,16726890,4462970,0,0,0,0,12161120,0
[E3IP-CSV] 3,458,8021220,2798790,0,0,0,0,5141050,0
[E3IP-CSV] 3,459,15767360,4315700,0,0,0,0,11359680,0
[E3IP-CSV] 3,460,15409140,4611600,0,0,0,0,10411170,0
[E3IP-CSV] 3,461,15673360,4300070,0,0,0,0,11267120,0
[E3IP-CSV] 3,462,12601720,3806890,0,0,0,0,8549790,0
[E3IP-CSV] 3,463,13634630,4530290,0,0,0,0,9011860,0
[E3IP-CSV] 3,464,15594480,4341990,0,0,0,0,11161800,0
[E3IP-CSV] 3,465,8292020,2873090,0,0,0,0,5336400,0
[E3IP-CSV] 3,466,15546880,4287520,0,0,0,0,11167830,0
[E3IP-CSV] 3,467,15925700,4405180,0,0,0,0,11430620,0
[E3IP-CSV] 3,468,19149800,4553540,0,0,0,0,14504590,0
[E3IP-CSV] 3,469,15808240,4325770,0,0,0,0,11390260,0
[E3IP-CSV] 3,470,8022000,2622430,0,0,0,0,5312610,0
[E3IP-CSV] 3,471,15168890,4135660,0,0,0,0,10941080,0
[E3IP-CSV] 3,472,15826130,4373580,0,0,0,0,11364290,0
[E3IP-CSV] 3,473,16071650,5770940,0,0,0,0,9907370,0
[E3IP-CSV] 3,474,7986630,2836580,0,0,0,0,5067340,0
[E3IP-CSV] 3,475,16035190,4345920,0,0,0,0,11592650,0
[E3IP-CSV] 3,476,8594180,3008230,0,0,0,0,5361190,0
[E3IP-CSV] 3,477,8561820,2899950,0,0,0,0,5574600,0
[E3IP-CSV] 3,478,8406750,2648530,0,0,0,0,5677860,0
[E3IP-CSV] 3,479,16173420,4418960,0,0,0,0,11662850,0
[E3IP-CSV] 3,480,15864920,4357120,0,0,0,0,11411210,0
[E3IP-CSV] 3,481,15564440,5718580,0,0,0,0,9704780,0
[E3IP-CSV] 3,482,8254410,2649000,0,0,0,0,5371380,0
[E3IP-CSV] 3,483,15176770,4155180,0,0,0,0,10929560,0
[E3IP-CSV] 3,484,15794610,4338380,0,0,0,0,11355410,0
[E3IP-CSV] 3,485,15812360,4298240,0,0,0,0,11428270,0
[E3IP-CSV] 3,486,19131380,6403710,0,0,0,0,12630380,0
[E3IP-CSV] 3,487,12718250,4152720,0,0,0,0,8466070,0
[E3IP-CSV] 3,488,9741220,2835570,0,0,0,0,6818360,0
[E3IP-CSV] 3,489,15644630,4259840,0,0,0,0,11294370,0
[E3IP-CSV] 3,490,8829800,2717380,0,0,0,0,6033820,0
[E3IP-CSV] 3,491,15799120,4335020,0,0,0,0,11374170,0
[E3IP-CSV] 3,492,15645060,4319250,0,0,0,0,11229630,0
[E3IP-CSV] 3,493,6873540,2862950,0,0,0,0,3921370,0
[E3IP-CSV] 3,494,15599110,4293480,0,0,0,0,11207930,0
[E3IP-CSV] 3,495,15805250,4301260,0,0,0,0,11416210,0
[E3IP-CSV] 3,496,16050560,4448830,0,0,0,0,11511130,0
[E3IP-CSV] 3,497,15926000,4356880,0,0,0,0,11467670,0
[E3IP-CSV] 3,498,15843660,4360420,0,0,0,0,11388460,0
[E3IP-CSV] 3,499,15473780,4306650,0,0,0,0,11071910,0
[E3IP-SUMMARY] chain_len=3 e2e_avg=14667346 publish_avg=4121735 sched_avg=10450770

*** FATAL ***
fatal source: 9 (RTEMS_FATAL_SOURCE_EXCEPTION)

R0   = 0x015957f8 R8  = 0x00000000
R1   = 0x00000000 R9  = 0x00000000
R2   = 0x00000010 R10 = 0x00000000
R3   = 0x015958f8 R11 = 0x00000000
R4   = 0x00c00f78 R12 = 0x015958f8
R5   = 0x002d050d SP  = 0x015957e8
R6   = 0x00000000 LR  = 0x00000000
R7   = 0x015957e8 PC  = 0x002d0594
CPSR = 0x600d0173 VEC = 0x00000001
FPEXC = 0x40000000
FPSCR = 0x20000010
D00 = 0x0000000000000000
D01 = 0x0000000000000001
D02 = 0x0000000000000000
D03 = 0x0000000000000000
D04 = 0x0000000000000000
D05 = 0x0000000000000000
D06 = 0x00a9c50c00a9c50c
D07 = 0x000186a00061a800
D08 = 0x0000000000000000
D09 = 0x0000000000000000
D10 = 0x0000000000000000
D11 = 0x0000000000000000
D12 = 0x0000000000000000
D13 = 0x0000000000000000
D14 = 0x0000000000000000
D15 = 0x0000000000000000
D16 = 0x0000000000000000
D17 = 0x0000000000000000
D18 = 0x0000000000000000
D19 = 0x0000000000000000
D20 = 0x00a9c76400a9c750
D21 = 0x00a9c79400a9c778
D22 = 0x00a9c6ac00a9c69c
D23 = 0x00a9c6cc00a9c6bc
D24 = 0x00a9c66c00a9c65c
D25 = 0x00a9c68c00a9c67c
D26 = 0x00a9c5f800a9c5d0
D27 = 0x00a9c63800a9c61c
D28 = 0x00a9c57800a9c548
D29 = 0x00a9c5b000a9c594
D30 = 0x00a9ca3000a9ca30
D31 = 0x00a9c53c00a9c530
RTEMS version: 6.1.0.not-released
RTEMS tools: 13.3.0 20240521 (RTEMS 6, RSB no-repo, Newlib 1b3dcfd)
executing thread ID: 0x0a010001
executing thread name: UI1 
