
RTEMS Shell on /dev/console. Use 'help' to list commands.
SHLL [/] # nexus0: <RTEMS Nexus device>
info: lo0: link state changed to UP
=== Exp3inter-Ours: Task Chain (n=3) RTExecutor ===
Period: 200ms, Rounds: 500
[E3OURS-CSV] chain_len,round,e2e_ns,publish_ns,gc_trigger_ns,invoke_cb_ns,getnext_ns,take_data_ns,sched_ns,dispatch_ns
[RTExecutor] Constructed (kernel-driven, no spin)
666666
CPP Msg not nullptr
CPP Msg not nullptr
CPP Msg not nullptr
CPP Msg not nullptr
C Msg not NULL
C Msg not NULL
CPP Srv not nullptr
CPP Srv not nullptr
CPP Srv not nullptr
CPP Srv not nullptr
CPP Srv not nullptr
CPP Srv not nullptr
CPP Msg not nullptr
CPP Msg not nullptr
CPP Msg not nullptr
CPP Msg not nullptr
CPP Msg not nullptr
CPP Msg not nullptr
C Msg not NULL
C Msg not NULL
CPP Srv not nullptr
CPP Srv not nullptr
CPP Srv not nullptr
CPP Srv not nullptr
CPP Srv not nullptr
CPP Srv not nullptr
CPP Msg not nullptr
CPP Msg not nullptr
CPP Msg not nullptr
CPP Msg not nullptr
CPP Msg not nullptr
CPP Msg not nullptr
CPP Msg not nullptr
CPP Msg not nullptr
C Msg not NULL
C Msg not NULL
CPP Srv not nullptr
CPP Srv not nullptr
CPP Srv not nullptr
CPP Srv not nullptr
CPP Srv not nullptr
CPP Srv not nullptr
CPP Msg not nullptr
CPP Msg not nullptr
CPP Msg not nullptr
CPP Msg not nullptr
CPP Msg not nullptr
CPP Msg not nullptr
[RTExecutor] Registered timer ch=0 period=200ms pri=60
[CallbackTask] Started 'SUB0' pri=80 tid=167837713
[RTExecutor] Registered subscription 'chain_1' pri=80 direct_notify=ON
[CallbackTask] Started 'SUB1' pri=80 tid=167837714
[RTExecutor] Registered subscription 'chain_2' pri=80 direct_notify=ON
[CallbackTask] Started 'TM0' pri=60 tid=167837715
[RTExecutor] Timer ch=0 period=200t target=167837715
[RTExecutor] Running — ALL callbacks kernel-driven, NO polling
[E3OURS-CSV] 3,0,8542900,6146030,0,0,0,0,1410090,0
[E3OURS-CSV] 3,1,2684710,1626560,0,0,0,0,959050,0
[E3OURS-CSV] 3,2,1805340,958300,0,0,0,0,779370,0
[E3OURS-CSV] 3,3,3499730,2046530,0,0,0,0,1315350,0
[E3OURS-CSV] 3,4,1754980,916350,0,0,0,0,753070,0
[E3OURS-CSV] 3,5,2380570,1327960,0,0,0,0,950240,0
[E3OURS-CSV] 3,6,1991990,954200,0,0,0,0,946010,0
[E3OURS-CSV] 3,7,2257960,1153680,0,0,0,0,1021200,0
[E3OURS-CSV] 3,8,2000710,941250,0,0,0,0,968420,0
[E3OURS-CSV] 3,9,1848540,964370,0,0,0,0,801040,0
[E3OURS-CSV] 3,10,2336870,1144980,0,0,0,0,1083740,0
[E3OURS-CSV] 3,11,3558650,2132240,0,0,0,0,1282510,0
[E3OURS-CSV] 3,12,1738460,908620,0,0,0,0,749920,0
[E3OURS-CSV] 3,13,1785700,945620,0,0,0,0,758390,0
[E3OURS-CSV] 3,14,2002050,961290,0,0,0,0,958270,0
[E3OURS-CSV] 3,15,2406060,1341320,0,0,0,0,963020,0
[E3OURS-CSV] 3,16,2223170,1064740,0,0,0,0,1062110,0
[E3OURS-CSV] 3,17,1977070,966470,0,0,0,0,940200,0
[E3OURS-CSV] 3,18,1833490,959380,0,0,0,0,784630,0
[E3OURS-CSV] 3,19,1787590,929060,0,0,0,0,777050,0
[E3OURS-CSV] 3,20,1780320,933540,0,0,0,0,754130,0
[E3OURS-CSV] 3,21,1809340,932410,0,0,0,0,791980,0
[E3OURS-CSV] 3,22,1993770,961150,0,0,0,0,945780,0
[E3OURS-CSV] 3,23,2050800,955330,0,0,0,0,1005500,0
[E3OURS-CSV] 3,24,2013090,985830,0,0,0,0,935380,0
[E3OURS-CSV] 3,25,2008880,981850,0,0,0,0,939090,0
[E3OURS-CSV] 3,26,1814850,960140,0,0,0,0,762480,0
[E3OURS-CSV] 3,27,1832640,954050,0,0,0,0,791230,0
[E3OURS-CSV] 3,28,1735240,900450,0,0,0,0,757590,0
[E3OURS-CSV] 3,29,1665720,1016650,0,0,0,0,577080,0
[E3OURS-CSV] 3,30,2031910,995300,0,0,0,0,947430,0
[E3OURS-CSV] 3,31,2006650,976900,0,0,0,0,942650,0
[E3OURS-CSV] 3,32,2074400,1028030,0,0,0,0,973870,0
[E3OURS-CSV] 3,33,1755190,929110,0,0,0,0,748920,0
[E3OURS-CSV] 3,34,1733250,905280,0,0,0,0,743580,0
[E3OURS-CSV] 3,35,1980740,1139410,0,0,0,0,752230,0
[E3OURS-CSV] 3,36,1790090,947180,0,0,0,0,759830,0
[E3OURS-CSV] 3,37,1779380,930890,0,0,0,0,767440,0
[E3OURS-CSV] 3,38,2071420,1029510,0,0,0,0,932950,0
[E3OURS-CSV] 3,39,1852010,881500,0,0,0,0,893950,0
[E3OURS-CSV] 3,40,1964760,942380,0,0,0,0,934300,0
[E3OURS-CSV] 3,41,1990940,982850,0,0,0,0,919100,0
[E3OURS-CSV] 3,42,1778260,925880,0,0,0,0,775460,0
[E3OURS-CSV] 3,43,1675980,875190,0,0,0,0,723070,0
[E3OURS-CSV] 3,44,3445180,2019290,0,0,0,0,1288960,0
[E3OURS-CSV] 3,45,2145570,1061410,0,0,0,0,973540,0
[E3OURS-CSV] 3,46,1976560,1135720,0,0,0,0,751560,0
[E3OURS-CSV] 3,47,2106050,1034800,0,0,0,0,986650,0
[E3OURS-CSV] 3,48,1724820,906550,0,0,0,0,740430,0
[E3OURS-CSV] 3,49,1740440,929650,0,0,0,0,729030,0
[E3OURS-CSV] 3,50,2026300,1153050,0,0,0,0,783760,0
[E3OURS-CSV] 3,51,1995810,987190,0,0,0,0,913660,0
[E3OURS-CSV] 3,52,1809100,959520,0,0,0,0,767260,0
[E3OURS-CSV] 3,53,1828630,971180,0,0,0,0,765030,0
[E3OURS-CSV] 3,54,1902950,899440,0,0,0,0,926510,0
[E3OURS-CSV] 3,55,1989510,977840,0,0,0,0,920010,0
[E3OURS-CSV] 3,56,2056410,965410,0,0,0,0,1004590,0
[E3OURS-CSV] 3,57,1998750,1151220,0,0,0,0,756460,0
[E3OURS-CSV] 3,58,1828800,976070,0,0,0,0,764030,0
[E3OURS-CSV] 3,59,1706040,897130,0,0,0,0,734120,0
[E3OURS-CSV] 3,60,1986620,973660,0,0,0,0,924890,0
[E3OURS-CSV] 3,61,1748180,918900,0,0,0,0,748350,0
[E3OURS-CSV] 3,62,1819920,955270,0,0,0,0,796470,0
[E3OURS-CSV] 3,63,1739860,916350,0,0,0,0,745560,0
[E3OURS-CSV] 3,64,1923470,900440,0,0,0,0,942050,0
[E3OURS-CSV] 3,65,1934900,987570,0,0,0,0,832470,0
[E3OURS-CSV] 3,66,2005270,987680,0,0,0,0,923780,0
[E3OURS-CSV] 3,67,1819870,965810,0,0,0,0,764340,0
[E3OURS-CSV] 3,68,1919290,920580,0,0,0,0,913140,0
[E3OURS-CSV] 3,69,1790090,939930,0,0,0,0,768690,0
[E3OURS-CSV] 3,70,1978030,975130,0,0,0,0,909510,0
[E3OURS-CSV] 3,71,1993310,1145190,0,0,0,0,763310,0
[E3OURS-CSV] 3,72,1759320,931400,0,0,0,0,742750,0
[E3OURS-CSV] 3,73,1723290,911240,0,0,0,0,734820,0
[E3OURS-CSV] 3,74,1578140,967600,0,0,0,0,545880,0
[E3OURS-CSV] 3,75,1967580,956580,0,0,0,0,924320,0
[E3OURS-CSV] 3,76,1763280,933890,0,0,0,0,747930,0
[E3OURS-CSV] 3,77,1762230,929530,0,0,0,0,762140,0
[E3OURS-CSV] 3,78,1732390,905600,0,0,0,0,746480,0
[E3OURS-CSV] 3,79,1708550,898450,0,0,0,0,736170,0
[E3OURS-CSV] 3,80,1979580,961930,0,0,0,0,923830,0
[E3OURS-CSV] 3,81,922520,470330,0,0,0,0,415020,0
[E3OURS-CSV] 3,82,2916870,1595380,0,0,0,0,1179630,0
[E3OURS-CSV] 3,83,2072060,953920,0,0,0,0,1034710,0
[E3OURS-CSV] 3,84,1945230,951960,0,0,0,0,911250,0
[E3OURS-CSV] 3,85,2034180,979000,0,0,0,0,953200,0
[E3OURS-CSV] 3,86,1746070,912880,0,0,0,0,753330,0
[E3OURS-CSV] 3,87,1747640,919020,0,0,0,0,751930,0
[E3OURS-CSV] 3,88,2295260,1122770,0,0,0,0,1076840,0
[E3OURS-CSV] 3,89,1688800,886500,0,0,0,0,728350,0
[E3OURS-CSV] 3,90,1998140,1150640,0,0,0,0,757980,0
[E3OURS-CSV] 3,91,1759590,917270,0,0,0,0,757060,0
[E3OURS-CSV] 3,92,2100030,1045920,0,0,0,0,971970,0
[E3OURS-CSV] 3,93,2112220,1204810,0,0,0,0,809670,0
[E3OURS-CSV] 3,94,1928880,931960,0,0,0,0,912980,0
[E3OURS-CSV] 3,95,2027090,1006990,0,0,0,0,925200,0
[E3OURS-CSV] 3,96,1998490,964590,0,0,0,0,948870,0
[E3OURS-CSV] 3,97,1904080,923990,0,0,0,0,901710,0
[E3OURS-CSV] 3,98,1903990,930830,0,0,0,0,885350,0
[E3OURS-CSV] 3,99,1647270,855610,0,0,0,0,721000,0
[E3OURS-CSV] 3,100,2552280,1561540,0,0,0,0,884610,0
[E3OURS-CSV] 3,101,1937860,944770,0,0,0,0,910220,0
[E3OURS-CSV] 3,102,1903430,923110,0,0,0,0,892630,0
[E3OURS-CSV] 3,103,1895030,930530,0,0,0,0,877660,0
[E3OURS-CSV] 3,104,1926300,929680,0,0,0,0,904700,0
[E3OURS-CSV] 3,105,2042320,951770,0,0,0,0,1003090,0
[E3OURS-CSV] 3,106,2072310,1180420,0,0,0,0,782470,0
[E3OURS-CSV] 3,107,3964410,2206700,0,0,0,0,1614550,0
[E3OURS-CSV] 3,108,2108520,1366620,0,0,0,0,636560,0
[E3OURS-CSV] 3,109,1647080,855860,0,0,0,0,719360,0
[E3OURS-CSV] 3,110,1930700,934920,0,0,0,0,910050,0
[E3OURS-CSV] 3,111,1880140,912310,0,0,0,0,887710,0
[E3OURS-CSV] 3,112,2160290,1177310,0,0,0,0,791700,0
[E3OURS-CSV] 3,113,1677870,864460,0,0,0,0,738240,0
[E3OURS-CSV] 3,114,1624540,837420,0,0,0,0,718880,0
[E3OURS-CSV] 3,115,2076810,1359140,0,0,0,0,627380,0
[E3OURS-CSV] 3,116,1974090,965640,0,0,0,0,916380,0
[E3OURS-CSV] 3,117,2116240,1184600,0,0,0,0,742900,0
[E3OURS-CSV] 3,118,1724710,899210,0,0,0,0,750260,0
[E3OURS-CSV] 3,119,1645950,856940,0,0,0,0,717180,0
[E3OURS-CSV] 3,120,2106020,1192770,0,0,0,0,808920,0
[E3OURS-CSV] 3,121,2315320,1471340,0,0,0,0,737150,0
[E3OURS-CSV] 3,122,1973000,961020,0,0,0,0,935560,0
[E3OURS-CSV] 3,123,2140610,1009980,0,0,0,0,1047540,0
[E3OURS-CSV] 3,124,2205090,988410,0,0,0,0,1140680,0
[E3OURS-CSV] 3,125,1986710,965880,0,0,0,0,931850,0
[E3OURS-CSV] 3,126,2404530,1539080,0,0,0,0,757880,0
[E3OURS-CSV] 3,127,2179920,1039180,0,0,0,0,1054060,0
[E3OURS-CSV] 3,128,2103770,995220,0,0,0,0,1027950,0
[E3OURS-CSV] 3,129,2139770,1040180,0,0,0,0,1014640,0
[E3OURS-CSV] 3,130,1980070,965880,0,0,0,0,926390,0
[E3OURS-CSV] 3,131,1997680,992610,0,0,0,0,913320,0
[E3OURS-CSV] 3,132,1635770,855080,0,0,0,0,708980,0
[E3OURS-CSV] 3,133,1947930,936060,0,0,0,0,927610,0
[E3OURS-CSV] 3,134,2086470,1210440,0,0,0,0,779370,0
[E3OURS-CSV] 3,135,3550580,2086710,0,0,0,0,1315580,0
[E3OURS-CSV] 3,136,2387300,1545260,0,0,0,0,671970,0
[E3OURS-CSV] 3,137,2051540,1152000,0,0,0,0,820370,0
[E3OURS-CSV] 3,138,1825550,880110,0,0,0,0,864230,0
[E3OURS-CSV] 3,139,1849190,909930,0,0,0,0,861980,0
[E3OURS-CSV] 3,140,3297360,1991580,0,0,0,0,1161060,0
[E3OURS-CSV] 3,141,2864540,1697350,0,0,0,0,1019050,0
[E3OURS-CSV] 3,142,1882660,904250,0,0,0,0,899140,0
[E3OURS-CSV] 3,143,1884530,905530,0,0,0,0,895930,0
[E3OURS-CSV] 3,144,2006010,1122080,0,0,0,0,782910,0
[E3OURS-CSV] 3,145,2160800,939640,0,0,0,0,1129660,0
[E3OURS-CSV] 3,146,3869960,2205850,0,0,0,0,1519150,0
[E3OURS-CSV] 3,147,2238210,1425450,0,0,0,0,713670,0
[E3OURS-CSV] 3,148,1923120,917940,0,0,0,0,923370,0
[E3OURS-CSV] 3,149,2020920,1140630,0,0,0,0,778170,0
[E3OURS-CSV] 3,150,2085500,1374130,0,0,0,0,620520,0
[E3OURS-CSV] 3,151,2375450,1516920,0,0,0,0,653580,0
[E3OURS-CSV] 3,152,2065110,1158210,0,0,0,0,832240,0
[E3OURS-CSV] 3,153,1887350,941180,0,0,0,0,857540,0
[E3OURS-CSV] 3,154,1881550,923200,0,0,0,0,874910,0
[E3OURS-CSV] 3,155,3540690,2095680,0,0,0,0,1294730,0
[E3OURS-CSV] 3,156,2332740,1482070,0,0,0,0,739960,0
[E3OURS-CSV] 3,157,2234890,1404740,0,0,0,0,734650,0
[E3OURS-CSV] 3,158,1900110,918100,0,0,0,0,899980,0
[E3OURS-CSV] 3,159,1926080,937500,0,0,0,0,905070,0
[E3OURS-CSV] 3,160,1991210,1126230,0,0,0,0,769970,0
[E3OURS-CSV] 3,161,1983820,1125910,0,0,0,0,768180,0
[E3OURS-CSV] 3,162,1915770,934690,0,0,0,0,899280,0
[E3OURS-CSV] 3,163,3512300,2063600,0,0,0,0,1303100,0
[E3OURS-CSV] 3,164,2885840,1637000,0,0,0,0,1116250,0
[E3OURS-CSV] 3,165,1959820,1113330,0,0,0,0,754920,0
[E3OURS-CSV] 3,166,2158470,1171850,0,0,0,0,886290,0
[E3OURS-CSV] 3,167,2005850,1126310,0,0,0,0,797800,0
[E3OURS-CSV] 3,168,2339520,1545540,0,0,0,0,704600,0
[E3OURS-CSV] 3,169,1989130,1091490,0,0,0,0,807310,0
[E3OURS-CSV] 3,170,1985100,1102380,0,0,0,0,794780,0
[E3OURS-CSV] 3,171,1973950,1086500,0,0,0,0,800050,0
[E3OURS-CSV] 3,172,1795160,865130,0,0,0,0,859770,0
[E3OURS-CSV] 3,173,1822290,887090,0,0,0,0,858970,0
[E3OURS-CSV] 3,174,2367940,1526390,0,0,0,0,740230,0
[E3OURS-CSV] 3,175,2428250,1582380,0,0,0,0,742830,0
[E3OURS-CSV] 3,176,2348430,1500260,0,0,0,0,751570,0
[E3OURS-CSV] 3,177,2361170,1519110,0,0,0,0,738540,0
[E3OURS-CSV] 3,178,3038450,1982150,0,0,0,0,948030,0
[E3OURS-CSV] 3,179,2227310,1393990,0,0,0,0,645660,0
[E3OURS-CSV] 3,180,2063400,1144540,0,0,0,0,825550,0
[E3OURS-CSV] 3,181,2002770,1129860,0,0,0,0,786980,0
[E3OURS-CSV] 3,182,2288960,1469810,0,0,0,0,741110,0
[E3OURS-CSV] 3,183,2885590,1719170,0,0,0,0,1058020,0
[E3OURS-CSV] 3,184,1928750,913680,0,0,0,0,940400,0
[E3OURS-CSV] 3,185,2269510,1340300,0,0,0,0,829750,0
[E3OURS-CSV] 3,186,1930610,1078010,0,0,0,0,772550,0
[E3OURS-CSV] 3,187,1868180,897400,0,0,0,0,894340,0
[E3OURS-CSV] 3,188,1807920,877070,0,0,0,0,853760,0
[E3OURS-CSV] 3,189,1910200,1054820,0,0,0,0,776100,0
[E3OURS-CSV] 3,190,2124660,1371720,0,0,0,0,647240,0
[E3OURS-CSV] 3,191,1950020,1094430,0,0,0,0,763930,0
[E3OURS-CSV] 3,192,2370530,1517770,0,0,0,0,743970,0
[E3OURS-CSV] 3,193,2129180,1390420,0,0,0,0,632550,0
[E3OURS-CSV] 3,194,3486080,2053720,0,0,0,0,1298600,0
[E3OURS-CSV] 3,195,3743300,2072740,0,0,0,0,1523600,0
[E3OURS-CSV] 3,196,2852070,1674630,0,0,0,0,1040460,0
[E3OURS-CSV] 3,197,1934080,1094630,0,0,0,0,768620,0
[E3OURS-CSV] 3,198,1886960,1057480,0,0,0,0,752380,0
[E3OURS-CSV] 3,199,2164370,1370610,0,0,0,0,639740,0
[E3OURS-CSV] 3,200,2205960,1323230,0,0,0,0,775230,0
[E3OURS-CSV] 3,201,1980390,1098060,0,0,0,0,796530,0
[E3OURS-CSV] 3,202,3721190,2056370,0,0,0,0,1529990,0
[E3OURS-CSV] 3,203,2644990,1707700,0,0,0,0,837020,0
[E3OURS-CSV] 3,204,1990530,1254160,0,0,0,0,644230,0
[E3OURS-CSV] 3,205,2049850,1308950,0,0,0,0,645350,0
[E3OURS-CSV] 3,206,2009370,1278590,0,0,0,0,636490,0
[E3OURS-CSV] 3,207,1937440,1087790,0,0,0,0,761090,0
[E3OURS-CSV] 3,208,2093000,1392890,0,0,0,0,613200,0
[E3OURS-CSV] 3,209,1998850,1248770,0,0,0,0,662910,0
[E3OURS-CSV] 3,210,1953750,1092890,0,0,0,0,772710,0
[E3OURS-CSV] 3,211,2015590,1259490,0,0,0,0,663610,0
[E3OURS-CSV] 3,212,2148670,1400370,0,0,0,0,650960,0
[E3OURS-CSV] 3,213,2001330,1288390,0,0,0,0,635120,0
[E3OURS-CSV] 3,214,1973510,1253860,0,0,0,0,632750,0
[E3OURS-CSV] 3,215,2031160,1296890,0,0,0,0,640720,0
[E3OURS-CSV] 3,216,1890140,1051750,0,0,0,0,748720,0
[E3OURS-CSV] 3,217,1935360,1083550,0,0,0,0,768000,0
[E3OURS-CSV] 3,218,1970900,1077670,0,0,0,0,811510,0
[E3OURS-CSV] 3,219,1854150,1038540,0,0,0,0,738030,0
[E3OURS-CSV] 3,220,2090830,1329030,0,0,0,0,661440,0
[E3OURS-CSV] 3,221,598360,354860,0,0,0,0,167590,0
[E3OURS-CSV] 3,222,2062880,1332770,0,0,0,0,624780,0
[E3OURS-CSV] 3,223,3793920,2107630,0,0,0,0,1542580,0
[E3OURS-CSV] 3,224,2785540,1584230,0,0,0,0,1092800,0
[E3OURS-CSV] 3,225,1974530,1246120,0,0,0,0,633020,0
[E3OURS-CSV] 3,226,1999750,1119180,0,0,0,0,790650,0
[E3OURS-CSV] 3,227,2000760,1253220,0,0,0,0,668080,0
[E3OURS-CSV] 3,228,3742550,2065570,0,0,0,0,1537970,0
[E3OURS-CSV] 3,229,1957710,1239650,0,0,0,0,632240,0
[E3OURS-CSV] 3,230,1898090,1075950,0,0,0,0,738080,0
[E3OURS-CSV] 3,231,1964050,1083660,0,0,0,0,787160,0
[E3OURS-CSV] 3,232,1833820,1021110,0,0,0,0,734660,0
[E3OURS-CSV] 3,233,1849340,1028010,0,0,0,0,743550,0
[E3OURS-CSV] 3,234,1793260,987460,0,0,0,0,731340,0
[E3OURS-CSV] 3,235,1910790,1064480,0,0,0,0,761080,0
[E3OURS-CSV] 3,236,1834490,1021110,0,0,0,0,731290,0
[E3OURS-CSV] 3,237,1828670,1016260,0,0,0,0,735600,0
[E3OURS-CSV] 3,238,1792770,1008020,0,0,0,0,708090,0
[E3OURS-CSV] 3,239,1857740,1038940,0,0,0,0,734110,0
[E3OURS-CSV] 3,240,1990560,1266920,0,0,0,0,636920,0
[E3OURS-CSV] 3,241,1940330,1231620,0,0,0,0,617300,0
[E3OURS-CSV] 3,242,2240490,1333470,0,0,0,0,653700,0
[E3OURS-CSV] 3,243,1953000,1226820,0,0,0,0,638240,0
[E3OURS-CSV] 3,244,1821150,1006250,0,0,0,0,739470,0
[E3OURS-CSV] 3,245,1996090,1253350,0,0,0,0,656170,0
[E3OURS-CSV] 3,246,3362750,2275980,0,0,0,0,921090,0
[E3OURS-CSV] 3,247,2002030,1307060,0,0,0,0,602370,0
[E3OURS-CSV] 3,248,3726070,2037290,0,0,0,0,1552980,0
[E3OURS-CSV] 3,249,1991380,1286220,0,0,0,0,619680,0
[E3OURS-CSV] 3,250,3760580,2080310,0,0,0,0,1530420,0
[E3OURS-CSV] 3,251,2131320,1347980,0,0,0,0,680540,0
[E3OURS-CSV] 3,252,1826590,1021880,0,0,0,0,720550,0
[E3OURS-CSV] 3,253,1898930,1049680,0,0,0,0,758670,0
[E3OURS-CSV] 3,254,1978430,1232360,0,0,0,0,658240,0
[E3OURS-CSV] 3,255,3911990,2154720,0,0,0,0,1611270,0
[E3OURS-CSV] 3,256,2115030,1366700,0,0,0,0,648540,0
[E3OURS-CSV] 3,257,2080160,1329470,0,0,0,0,667080,0
[E3OURS-CSV] 3,258,1811280,1006410,0,0,0,0,730140,0
[E3OURS-CSV] 3,259,3821470,2098090,0,0,0,0,1578700,0
[E3OURS-CSV] 3,260,3276770,1955310,0,0,0,0,1188070,0
[E3OURS-CSV] 3,261,1960400,1234550,0,0,0,0,636380,0
[E3OURS-CSV] 3,262,3897140,2185620,0,0,0,0,1566460,0
[E3OURS-CSV] 3,263,3665290,1991530,0,0,0,0,1535730,0
[E3OURS-CSV] 3,264,2108790,1234530,0,0,0,0,776650,0
[E3OURS-CSV] 3,265,1786190,1153120,0,0,0,0,543940,0
[E3OURS-CSV] 3,266,2179680,1359600,0,0,0,0,695670,0
[E3OURS-CSV] 3,267,3785050,2076310,0,0,0,0,1567770,0
[E3OURS-CSV] 3,268,2081520,1217560,0,0,0,0,625700,0
[E3OURS-CSV] 3,269,2861380,2023800,0,0,0,0,703460,0
[E3OURS-CSV] 3,270,1993420,1242600,0,0,0,0,652350,0
[E3OURS-CSV] 3,271,1904490,1200370,0,0,0,0,617740,0
[E3OURS-CSV] 3,272,2030540,1293960,0,0,0,0,666860,0
[E3OURS-CSV] 3,273,1817500,1010340,0,0,0,0,735050,0
[E3OURS-CSV] 3,274,3699220,2020300,0,0,0,0,1538960,0
[E3OURS-CSV] 3,275,3643590,1985590,0,0,0,0,1513080,0
[E3OURS-CSV] 3,276,2846980,1924600,0,0,0,0,798180,0
[E3OURS-CSV] 3,277,2568540,1380870,0,0,0,0,1086980,0
[E3OURS-CSV] 3,278,2321230,1486230,0,0,0,0,721230,0
[E3OURS-CSV] 3,279,2159670,1275790,0,0,0,0,610850,0
[E3OURS-CSV] 3,280,1753930,983080,0,0,0,0,678450,0
[E3OURS-CSV] 3,281,3311250,1910170,0,0,0,0,1264540,0
[E3OURS-CSV] 3,282,2405100,1329120,0,0,0,0,954510,0
[E3OURS-CSV] 3,283,2351510,1436290,0,0,0,0,826630,0
[E3OURS-CSV] 3,284,1912250,1222480,0,0,0,0,610240,0
[E3OURS-CSV] 3,285,1788490,1142500,0,0,0,0,560070,0
[E3OURS-CSV] 3,286,1969910,1258230,0,0,0,0,623450,0
[E3OURS-CSV] 3,287,3995500,2422950,0,0,0,0,1401720,0
[E3OURS-CSV] 3,288,3926030,1946750,0,0,0,0,1852200,0
[E3OURS-CSV] 3,289,2337020,1500110,0,0,0,0,729590,0
[E3OURS-CSV] 3,290,715750,377370,0,0,0,0,297760,0
[E3OURS-CSV] 3,291,3814870,2332500,0,0,0,0,1317260,0
[E3OURS-CSV] 3,292,2056700,1321510,0,0,0,0,642930,0
[E3OURS-CSV] 3,293,1741020,986440,0,0,0,0,686090,0
[E3OURS-CSV] 3,294,1817120,1013800,0,0,0,0,730490,0
[E3OURS-CSV] 3,295,1944480,1227150,0,0,0,0,624820,0
[E3OURS-CSV] 3,296,2093890,1199970,0,0,0,0,790770,0
[E3OURS-CSV] 3,297,1884190,1198180,0,0,0,0,606880,0
[E3OURS-CSV] 3,298,3650760,2005010,0,0,0,0,1514220,0
[E3OURS-CSV] 3,299,3576940,1944830,0,0,0,0,1507710,0
[E3OURS-CSV] 3,300,3267160,1867820,0,0,0,0,1269740,0
[E3OURS-CSV] 3,301,3734610,2053460,0,0,0,0,1537270,0
[E3OURS-CSV] 3,302,2652630,1439280,0,0,0,0,1128040,0
[E3OURS-CSV] 3,303,2040280,1335660,0,0,0,0,607850,0
[E3OURS-CSV] 3,304,2053120,1204830,0,0,0,0,748030,0
[E3OURS-CSV] 3,305,3793500,2083310,0,0,0,0,1564800,0
[E3OURS-CSV] 3,306,3245030,1925610,0,0,0,0,1213790,0
[E3OURS-CSV] 3,307,1979450,1293430,0,0,0,0,596730,0
[E3OURS-CSV] 3,308,1796590,1146280,0,0,0,0,577260,0
[E3OURS-CSV] 3,309,1783050,1120820,0,0,0,0,588910,0
[E3OURS-CSV] 3,310,1616470,934390,0,0,0,0,602480,0
[E3OURS-CSV] 3,311,1913930,1203060,0,0,0,0,619400,0
[E3OURS-CSV] 3,312,1951020,1222580,0,0,0,0,634310,0
[E3OURS-CSV] 3,313,3738880,2299580,0,0,0,0,1293060,0
[E3OURS-CSV] 3,314,2375610,1264030,0,0,0,0,1009140,0
[E3OURS-CSV] 3,315,4060310,2869610,0,0,0,0,1038000,0
[E3OURS-CSV] 3,316,2011810,1258730,0,0,0,0,659570,0
[E3OURS-CSV] 3,317,2011230,1272910,0,0,0,0,669290,0
[E3OURS-CSV] 3,318,1835410,1162520,0,0,0,0,595620,0
[E3OURS-CSV] 3,319,1724210,960560,0,0,0,0,696950,0
[E3OURS-CSV] 3,320,2303820,1252280,0,0,0,0,936050,0
[E3OURS-CSV] 3,321,2029100,1312650,0,0,0,0,622200,0
[E3OURS-CSV] 3,322,2023260,1280930,0,0,0,0,646970,0
[E3OURS-CSV] 3,323,1759660,970430,0,0,0,0,718700,0
[E3OURS-CSV] 3,324,1898580,1187210,0,0,0,0,630400,0
[E3OURS-CSV] 3,325,3390490,2153390,0,0,0,0,1090800,0
[E3OURS-CSV] 3,326,2326580,1041940,0,0,0,0,913090,0
[E3OURS-CSV] 3,327,1948830,1244930,0,0,0,0,623020,0
[E3OURS-CSV] 3,328,1888070,1205920,0,0,0,0,603230,0
[E3OURS-CSV] 3,329,1847710,1165750,0,0,0,0,600600,0
[E3OURS-CSV] 3,330,3320330,2130780,0,0,0,0,1047180,0
[E3OURS-CSV] 3,331,3707510,2283170,0,0,0,0,1278930,0
[E3OURS-CSV] 3,332,2157570,1378590,0,0,0,0,691830,0
[E3OURS-CSV] 3,333,1872410,1189940,0,0,0,0,604640,0
[E3OURS-CSV] 3,334,1872670,1205450,0,0,0,0,583860,0
[E3OURS-CSV] 3,335,1991680,1271970,0,0,0,0,632250,0
[E3OURS-CSV] 3,336,2282670,1020730,0,0,0,0,973840,0
[E3OURS-CSV] 3,337,2024540,1299500,0,0,0,0,631610,0
[E3OURS-CSV] 3,338,1830470,1172720,0,0,0,0,587440,0
[E3OURS-CSV] 3,339,1806080,1146460,0,0,0,0,581110,0
[E3OURS-CSV] 3,340,2009620,1270610,0,0,0,0,646740,0
[E3OURS-CSV] 3,341,2265260,1236610,0,0,0,0,928030,0
[E3OURS-CSV] 3,342,3990270,2789110,0,0,0,0,1034850,0
[E3OURS-CSV] 3,343,3683060,1998850,0,0,0,0,1548960,0
[E3OURS-CSV] 3,344,2947300,2109160,0,0,0,0,704920,0
[E3OURS-CSV] 3,345,3761950,2358230,0,0,0,0,1250510,0
[E3OURS-CSV] 3,346,2291940,1013750,0,0,0,0,946440,0
[E3OURS-CSV] 3,347,3864790,2368260,0,0,0,0,1365680,0
[E3OURS-CSV] 3,348,3470560,2216230,0,0,0,0,1112030,0
[E3OURS-CSV] 3,349,2521720,1590710,0,0,0,0,625140,0
[E3OURS-CSV] 3,350,3101970,2055570,0,0,0,0,896180,0
[E3OURS-CSV] 3,351,3462750,1879070,0,0,0,0,1467750,0
[E3OURS-CSV] 3,352,3422160,1857020,0,0,0,0,1452410,0
[E3OURS-CSV] 3,353,3669000,2006570,0,0,0,0,1518560,0
[E3OURS-CSV] 3,354,2502830,1590070,0,0,0,0,780510,0
[E3OURS-CSV] 3,355,2519700,1324160,0,0,0,0,1087480,0
[E3OURS-CSV] 3,356,2541440,1323540,0,0,0,0,1103930,0
[E3OURS-CSV] 3,357,2152720,1358660,0,0,0,0,707590,0
[E3OURS-CSV] 3,358,2099040,1330980,0,0,0,0,685950,0
[E3OURS-CSV] 3,359,3370160,2132670,0,0,0,0,1091500,0
[E3OURS-CSV] 3,360,1581300,1020990,0,0,0,0,479500,0
[E3OURS-CSV] 3,361,2500180,1322150,0,0,0,0,1076950,0
[E3OURS-CSV] 3,362,2304640,1243540,0,0,0,0,953270,0
[E3OURS-CSV] 3,363,2443190,1283360,0,0,0,0,1060200,0
[E3OURS-CSV] 3,364,1976450,1120220,0,0,0,0,604210,0
[E3OURS-CSV] 3,365,1054620,632890,0,0,0,0,365510,0
[E3OURS-CSV] 3,366,3974920,2205460,0,0,0,0,1374820,0
[E3OURS-CSV] 3,367,2341160,1084850,0,0,0,0,959080,0
[E3OURS-CSV] 3,368,1938920,1228540,0,0,0,0,630740,0
[E3OURS-CSV] 3,369,2087550,1166910,0,0,0,0,740700,0
[E3OURS-CSV] 3,370,2027760,1270430,0,0,0,0,662610,0
[E3OURS-CSV] 3,371,2021030,1009920,0,0,0,0,912180,0
[E3OURS-CSV] 3,372,2012910,1004070,0,0,0,0,909500,0
[E3OURS-CSV] 3,373,1941750,1202590,0,0,0,0,622540,0
[E3OURS-CSV] 3,374,1759070,1106550,0,0,0,0,581480,0
[E3OURS-CSV] 3,375,3775410,2117020,0,0,0,0,1310290,0
[E3OURS-CSV] 3,376,2027470,1139730,0,0,0,0,784370,0
[E3OURS-CSV] 3,377,2004560,1261990,0,0,0,0,663550,0
[E3OURS-CSV] 3,378,3793630,1830560,0,0,0,0,1590900,0
[E3OURS-CSV] 3,379,1959600,1229440,0,0,0,0,641920,0
[E3OURS-CSV] 3,380,1656210,1090170,0,0,0,0,228010,0
[E3OURS-CSV] 3,381,3697610,2070530,0,0,0,0,1284910,0
[E3OURS-CSV] 3,382,2055430,1015600,0,0,0,0,939790,0
[E3OURS-CSV] 3,383,1797350,1140250,0,0,0,0,584770,0
[E3OURS-CSV] 3,384,1728640,1110040,0,0,0,0,550150,0
[E3OURS-CSV] 3,385,3653720,2039490,0,0,0,0,1279370,0
[E3OURS-CSV] 3,386,2959970,1890480,0,0,0,0,734410,0
[E3OURS-CSV] 3,387,2277980,1272680,0,0,0,0,908490,0
[E3OURS-CSV] 3,388,1853760,1164660,0,0,0,0,615050,0
[E3OURS-CSV] 3,389,2404700,1238150,0,0,0,0,1076290,0
[E3OURS-CSV] 3,390,1391820,774750,0,0,0,0,557550,0
[E3OURS-CSV] 3,391,2472440,1159570,0,0,0,0,973170,0
[E3OURS-CSV] 3,392,2097760,1034570,0,0,0,0,980640,0
[E3OURS-CSV] 3,393,2049580,1184820,0,0,0,0,767510,0
[E3OURS-CSV] 3,394,1922870,914710,0,0,0,0,769090,0
[E3OURS-CSV] 3,395,1989880,1276870,0,0,0,0,625940,0
[E3OURS-CSV] 3,396,2097940,1339250,0,0,0,0,658280,0
[E3OURS-CSV] 3,397,1794780,1137170,0,0,0,0,587370,0
[E3OURS-CSV] 3,398,1751850,1104310,0,0,0,0,578420,0
[E3OURS-CSV] 3,399,1976880,972160,0,0,0,0,915230,0
[E3OURS-CSV] 3,400,1976700,1254000,0,0,0,0,636110,0
[E3OURS-CSV] 3,401,1984230,1258420,0,0,0,0,634400,0
[E3OURS-CSV] 3,402,1898980,1202500,0,0,0,0,614050,0
[E3OURS-CSV] 3,403,1756790,1111030,0,0,0,0,578260,0
[E3OURS-CSV] 3,404,1926220,1212990,0,0,0,0,628820,0
[E3OURS-CSV] 3,405,1950650,1231360,0,0,0,0,631210,0
[E3OURS-CSV] 3,406,2004550,966590,0,0,0,0,944990,0
[E3OURS-CSV] 3,407,2452480,1128820,0,0,0,0,1015450,0
[E3OURS-CSV] 3,408,3780680,1873760,0,0,0,0,1563860,0
[E3OURS-CSV] 3,409,2249720,941850,0,0,0,0,1229140,0
[E3OURS-CSV] 3,410,3505360,1717520,0,0,0,0,1504670,0
[E3OURS-CSV] 3,411,3693520,2068170,0,0,0,0,1286050,0
[E3OURS-CSV] 3,412,1977680,1087120,0,0,0,0,636050,0
[E3OURS-CSV] 3,413,1028020,630280,0,0,0,0,350330,0
[E3OURS-CSV] 3,414,1857010,1178530,0,0,0,0,601440,0
[E3OURS-CSV] 3,415,2905360,1842960,0,0,0,0,737760,0
[E3OURS-CSV] 3,416,1956690,1076440,0,0,0,0,638560,0
[E3OURS-CSV] 3,417,1968890,1235730,0,0,0,0,644110,0
[E3OURS-CSV] 3,418,1979260,1251630,0,0,0,0,639370,0
[E3OURS-CSV] 3,419,1954170,1218600,0,0,0,0,639310,0
[E3OURS-CSV] 3,420,1843580,1155730,0,0,0,0,598010,0
[E3OURS-CSV] 3,421,1991040,1097700,0,0,0,0,637370,0
[E3OURS-CSV] 3,422,1960510,1245950,0,0,0,0,647040,0
[E3OURS-CSV] 3,423,1926450,1216350,0,0,0,0,629130,0
[E3OURS-CSV] 3,424,1905680,1211130,0,0,0,0,604510,0
[E3OURS-CSV] 3,425,1716340,1079250,0,0,0,0,557590,0
[E3OURS-CSV] 3,426,1991670,1100490,0,0,0,0,791030,0
[E3OURS-CSV] 3,427,1848930,1166120,0,0,0,0,603090,0
[E3OURS-CSV] 3,428,1946600,936550,0,0,0,0,925810,0
[E3OURS-CSV] 3,429,3748520,1863030,0,0,0,0,1558360,0
[E3OURS-CSV] 3,430,1386110,759780,0,0,0,0,566400,0
[E3OURS-CSV] 3,431,1890850,1208390,0,0,0,0,600620,0
[E3OURS-CSV] 3,432,1887720,1200050,0,0,0,0,606150,0
[E3OURS-CSV] 3,433,1874640,1188880,0,0,0,0,605170,0
[E3OURS-CSV] 3,434,1834480,1150660,0,0,0,0,604250,0
[E3OURS-CSV] 3,435,2019840,970430,0,0,0,0,840980,0
[E3OURS-CSV] 3,436,2070640,1019370,0,0,0,0,959630,0
[E3OURS-CSV] 3,437,2096110,1211280,0,0,0,0,801440,0
[E3OURS-CSV] 3,438,1840310,1141530,0,0,0,0,611610,0
[E3OURS-CSV] 3,439,1981070,936860,0,0,0,0,959780,0
[E3OURS-CSV] 3,440,1253840,595370,0,0,0,0,507090,0
[E3OURS-CSV] 3,441,2210240,1048720,0,0,0,0,960810,0
[E3OURS-CSV] 3,442,1956210,987010,0,0,0,0,778390,0
[E3OURS-CSV] 3,443,1868590,1176970,0,0,0,0,612270,0
[E3OURS-CSV] 3,444,1849420,1160660,0,0,0,0,611190,0
[E3OURS-CSV] 3,445,1551510,901020,0,0,0,0,492450,0
[E3OURS-CSV] 3,446,1957160,970640,0,0,0,0,801530,0
[E3OURS-CSV] 3,447,1846930,1052490,0,0,0,0,616580,0
[E3OURS-CSV] 3,448,1866710,1083820,0,0,0,0,610060,0
[E3OURS-CSV] 3,449,1820720,1046770,0,0,0,0,603710,0
[E3OURS-CSV] 3,450,2045100,973510,0,0,0,0,871740,0
[E3OURS-CSV] 3,451,1937350,970880,0,0,0,0,780190,0
[E3OURS-CSV] 3,452,2006060,1001390,0,0,0,0,834750,0
[E3OURS-CSV] 3,453,1732470,1004880,0,0,0,0,557660,0
[E3OURS-CSV] 3,454,1777660,1009120,0,0,0,0,596700,0
[E3OURS-CSV] 3,455,1941910,988210,0,0,0,0,775630,0
[E3OURS-CSV] 3,456,1888330,925950,0,0,0,0,770320,0
[E3OURS-CSV] 3,457,2453550,1118960,0,0,0,0,1130650,0
[E3OURS-CSV] 3,458,1857400,1074970,0,0,0,0,609390,0
[E3OURS-CSV] 3,459,1979320,1149310,0,0,0,0,743150,0
[E3OURS-CSV] 3,460,1005950,530840,0,0,0,0,323870,0
[E3OURS-CSV] 3,461,3500500,1818690,0,0,0,0,1528550,0
[E3OURS-CSV] 3,462,3380970,1966490,0,0,0,0,1289900,0
[E3OURS-CSV] 3,463,2101610,1016390,0,0,0,0,986900,0
[E3OURS-CSV] 3,464,1958070,955460,0,0,0,0,916680,0
[E3OURS-CSV] 3,465,978020,523100,0,0,0,0,332580,0
[E3OURS-CSV] 3,466,1879600,925620,0,0,0,0,621590,0
[E3OURS-CSV] 3,467,1973890,979870,0,0,0,0,831770,0
[E3OURS-CSV] 3,468,2290520,1102160,0,0,0,0,1088770,0
[E3OURS-CSV] 3,469,1835180,1049730,0,0,0,0,610440,0
[E3OURS-CSV] 3,470,919390,555260,0,0,0,0,313900,0
[E3OURS-CSV] 3,471,1940490,964460,0,0,0,0,808150,0
[E3OURS-CSV] 3,472,2005440,989790,0,0,0,0,920910,0
[E3OURS-CSV] 3,473,1992950,978410,0,0,0,0,922960,0
[E3OURS-CSV] 3,474,1769780,1035080,0,0,0,0,581760,0
[E3OURS-CSV] 3,475,2480590,1293500,0,0,0,0,1091110,0
[E3OURS-CSV] 3,476,1963020,947080,0,0,0,0,925230,0
[E3OURS-CSV] 3,477,2000620,959740,0,0,0,0,945550,0
[E3OURS-CSV] 3,478,1796520,943820,0,0,0,0,763990,0
[E3OURS-CSV] 3,479,1868860,943970,0,0,0,0,612380,0
[E3OURS-CSV] 3,480,1888430,966930,0,0,0,0,763690,0
[E3OURS-CSV] 3,481,1852610,959300,0,0,0,0,805600,0
[E3OURS-CSV] 3,482,2551480,1318900,0,0,0,0,1155910,0
[E3OURS-CSV] 3,483,1732280,1047900,0,0,0,0,606800,0
[E3OURS-CSV] 3,484,1674530,1020250,0,0,0,0,570970,0
[E3OURS-CSV] 3,485,1911870,911520,0,0,0,0,919660,0
[E3OURS-CSV] 3,486,3612390,2129890,0,0,0,0,1333850,0
[E3OURS-CSV] 3,487,2109590,981900,0,0,0,0,1024430,0
[E3OURS-CSV] 3,488,1955680,934200,0,0,0,0,933950,0
[E3OURS-CSV] 3,489,1949280,929120,0,0,0,0,933630,0
[E3OURS-CSV] 3,490,1745890,925400,0,0,0,0,729920,0
[E3OURS-CSV] 3,491,3653520,2175960,0,0,0,0,1323290,0
[E3OURS-CSV] 3,492,1868720,977100,0,0,0,0,793660,0
[E3OURS-CSV] 3,493,1939470,918370,0,0,0,0,940870,0
[E3OURS-CSV] 3,494,1720620,1056600,0,0,0,0,587700,0
[E3OURS-CSV] 3,495,1472120,904900,0,0,0,0,491990,0
[E3OURS-CSV] 3,496,3603190,2117590,0,0,0,0,1337260,0
[E3OURS-CSV] 3,497,3613070,2125660,0,0,0,0,1345300,0
[E3OURS-CSV] 3,498,2142490,1379310,0,0,0,0,662170,0
[E3OURS-CSV] 3,499,1695160,1026860,0,0,0,0,584280,0
[E3OURS-SUMMARY] chain_len=3 e2e_avg=2214810 publish_avg=1251818 sched_avg=848793
