
RTEMS Shell on /dev/console. Use 'help' to list commands.
SHLL [/] # nexus0: <RTEMS Nexus device>
info: lo0: link state changed to UP
=== Exp3inter-ROSRT: Task Chain (n=4) NoExecutor ===
Period: 200ms, Rounds: 500
[E3IROSRT-CSV] chain_len,round,e2e_ns,publish_ns,gc_trigger_ns,invoke_cb_ns,getnext_ns,take_data_ns,sched_ns,dispatch_ns
666666
CPP Msg not nullptr
CPP Msg not nullptr
CPP Msg not nullptr
CPP Msg not nullptr
C Msg not NULL
C Msg not NULL
CPP Srv not nullptr
CPP Srv not nullptr
CPP Srv not nullptr
CPP Srv not nullptr
CPP Srv not nullptr
CPP Srv not nullptr
CPP Msg not nullptr
CPP Msg not nullptr
CPP Msg not nullptr
CPP Msg not nullptr
CPP Msg not nullptr
CPP Msg not nullptr
[33m[WARN] [0567993600.545828909] [rclcpp]: Calling set_on_new_intra_process_message_callback for subscription with IPC disabled[0m
C Msg not NULL
C Msg not NULL
CPP Srv not nullptr
CPP Srv not nullptr
CPP Srv not nullptr
CPP Srv not nullptr
CPP Srv not nullptr
CPP Srv not nullptr
CPP Msg not nullptr
CPP Msg not nullptr
CPP Msg not nullptr
CPP Msg not nullptr
CPP Msg not nullptr
CPP Msg not nullptr
CPP Msg not nullptr
CPP Msg not nullptr
[33m[WARN] [0567993600.775585849] [rclcpp]: Calling set_on_new_intra_process_message_callback for subscription with IPC disabled[0m
[33m[WARN] [0567993600.777151999] [rclcpp]: Calling set_on_new_intra_process_message_callback for subscription with IPC disabled[0m
C Msg not NULL
C Msg not NULL
CPP Srv not nullptr
CPP Srv not nullptr
CPP Srv not nullptr
CPP Srv not nullptr
CPP Srv not nullptr
CPP Srv not nullptr
CPP Msg not nullptr
CPP Msg not nullptr
CPP Msg not nullptr
CPP Msg not nullptr
CPP Msg not nullptr
CPP Msg not nullptr
CPP Msg not nullptr
CPP Msg not nullptr
[33m[WARN] [0567993600.861603619] [rclcpp]: Calling set_on_new_intra_process_message_callback for subscription with IPC disabled[0m
[33m[WARN] [0567993600.862124879] [rclcpp]: Calling set_on_new_intra_process_message_callback for subscription with IPC disabled[0m
C Msg not NULL
C Msg not NULL
CPP Srv not nullptr
CPP Srv not nullptr
CPP Srv not nullptr
CPP Srv not nullptr
CPP Srv not nullptr
CPP Srv not nullptr
CPP Msg not nullptr
CPP Msg not nullptr
CPP Msg not nullptr
CPP Msg not nullptr
CPP Msg not nullptr
CPP Msg not nullptr
[33m[WARN] [0567993600.947130909] [rclcpp]: Calling set_on_new_intra_process_message_callback for subscription with IPC disabled[0m
[33m[WARN] [0567993600.947510659] [rclcpp]: Calling set_on_new_intra_process_message_callback for subscription with IPC disabled[0m
[E3IROSRT-CSV] 4,0,5959620,1493230,0,0,0,0,6212090,0
[E3IROSRT-CSV] 4,1,11496460,7787220,0,0,0,0,3611860,0
[E3IROSRT-CSV] 4,2,11588490,8077460,0,0,0,0,3423380,0
[E3IROSRT-CSV] 4,3,11706550,8141660,0,0,0,0,3475150,0
[E3IROSRT-CSV] 4,4,11722550,7548280,0,0,0,0,4094450,0
[E3IROSRT-CSV] 4,5,11256780,7636960,0,0,0,0,3540140,0
[E3IROSRT-CSV] 4,6,11626330,8064510,0,0,0,0,3480140,0
[E3IROSRT-CSV] 4,7,11611260,8098890,0,0,0,0,3426940,0
[E3IROSRT-CSV] 4,8,11573420,8050280,0,0,0,0,3437920,0
[E3IROSRT-CSV] 4,9,11606610,8076990,0,0,0,0,3445060,0
[E3IROSRT-CSV] 4,10,11693290,8133150,0,0,0,0,3477620,0
[E3IROSRT-CSV] 4,11,11550780,7892360,0,0,0,0,3572850,0
[E3IROSRT-CSV] 4,12,11893570,7934910,0,0,0,0,3685610,0
[E3IROSRT-CSV] 4,13,11586550,8042840,0,0,0,0,3459770,0
[E3IROSRT-CSV] 4,14,11474110,7992290,0,0,0,0,3394390,0
[E3IROSRT-CSV] 4,15,11210420,7556130,0,0,0,0,3574010,0
[E3IROSRT-CSV] 4,16,11645020,8005800,0,0,0,0,3555000,0
[E3IROSRT-CSV] 4,17,11710400,8168170,0,0,0,0,3457870,0
[E3IROSRT-CSV] 4,18,11731200,8160710,0,0,0,0,3479880,0
[E3IROSRT-CSV] 4,19,11659090,8084340,0,0,0,0,3489400,0
[E3IROSRT-CSV] 4,20,12733310,8904840,0,0,0,0,3736500,0
[E3IROSRT-CSV] 4,21,7773960,5911080,0,0,0,0,1786210,0
[E3IROSRT-CSV] 4,22,11741310,8168010,0,0,0,0,3485150,0
[E3IROSRT-CSV] 4,23,11650920,8124800,0,0,0,0,3428860,0
[E3IROSRT-CSV] 4,24,11296150,7787180,0,0,0,0,3424220,0
[E3IROSRT-CSV] 4,25,11746990,8198050,0,0,0,0,3453740,0
[E3IROSRT-CSV] 4,26,9918370,7267700,0,0,0,0,2565240,0
[E3IROSRT-CSV] 4,27,11914810,8217360,0,0,0,0,3610200,0
[E3IROSRT-CSV] 4,28,9993570,7031690,0,0,0,0,2873820,0
[E3IROSRT-CSV] 4,29,11832540,8296790,0,0,0,0,3448290,0
[E3IROSRT-CSV] 4,30,11694060,8106810,0,0,0,0,3503280,0
[E3IROSRT-CSV] 4,31,11820060,8193160,0,0,0,0,3542040,0
[E3IROSRT-CSV] 4,32,11548240,7846530,0,0,0,0,3619750,0
[E3IROSRT-CSV] 4,33,11688600,8172720,0,0,0,0,3426830,0
[E3IROSRT-CSV] 4,34,11660480,8052460,0,0,0,0,3523720,0
[E3IROSRT-CSV] 4,35,11881410,8305910,0,0,0,0,3490480,0
[E3IROSRT-CSV] 4,36,11334080,7814110,0,0,0,0,3438950,0
[E3IROSRT-CSV] 4,37,11646530,8173820,0,0,0,0,3383570,0
[E3IROSRT-CSV] 4,38,11591140,7865840,0,0,0,0,3640980,0
[E3IROSRT-CSV] 4,39,11651180,8124260,0,0,0,0,3441080,0
[E3IROSRT-CSV] 4,40,11505890,7814190,0,0,0,0,3609830,0
[E3IROSRT-CSV] 4,41,11616720,8085740,0,0,0,0,3446350,0
[E3IROSRT-CSV] 4,42,12687390,9198870,0,0,0,0,3398130,0
[E3IROSRT-CSV] 4,43,11496620,8034270,0,0,0,0,3378540,0
[E3IROSRT-CSV] 4,44,11575350,7813010,0,0,0,0,3678330,0
[E3IROSRT-CSV] 4,45,11071930,8150320,0,0,0,0,2838840,0
[E3IROSRT-CSV] 4,46,11494960,7782180,0,0,0,0,3626130,0
[E3IROSRT-CSV] 4,47,11645150,8135320,0,0,0,0,3424730,0
[E3IROSRT-CSV] 4,48,11715970,8097830,0,0,0,0,3533860,0
[E3IROSRT-CSV] 4,49,11634370,8087690,0,0,0,0,3460110,0
[E3IROSRT-CSV] 4,50,11535360,7793220,0,0,0,0,3658800,0
[E3IROSRT-CSV] 4,51,11292330,7841410,0,0,0,0,3367800,0
[E3IROSRT-CSV] 4,52,11481420,7786250,0,0,0,0,3612650,0
[E3IROSRT-CSV] 4,53,11502150,7831890,0,0,0,0,3586480,0
[E3IROSRT-CSV] 4,54,11213040,7567960,0,0,0,0,3562650,0
[E3IROSRT-CSV] 4,55,11559770,8055320,0,0,0,0,3420060,0
[E3IROSRT-CSV] 4,56,11230310,7763570,0,0,0,0,3384770,0
[E3IROSRT-CSV] 4,57,11292810,7799560,0,0,0,0,3411400,0
[E3IROSRT-CSV] 4,58,11598650,8076700,0,0,0,0,3434870,0
[E3IROSRT-CSV] 4,59,11745300,8112450,0,0,0,0,3545320,0
[E3IROSRT-CSV] 4,60,11634700,8051700,0,0,0,0,3495230,0
[E3IROSRT-CSV] 4,61,11540250,8031500,0,0,0,0,3426200,0
[E3IROSRT-CSV] 4,62,11456600,7789950,0,0,0,0,3583040,0
[E3IROSRT-CSV] 4,63,11706840,8147100,0,0,0,0,3473800,0
[E3IROSRT-CSV] 4,64,11244220,7737750,0,0,0,0,3424180,0
[E3IROSRT-CSV] 4,65,11297980,7931030,0,0,0,0,3285000,0
[E3IROSRT-CSV] 4,66,11250910,7760720,0,0,0,0,3405390,0
[E3IROSRT-CSV] 4,67,11887490,7599470,0,0,0,0,4207090,0
[E3IROSRT-CSV] 4,68,11488390,7820340,0,0,0,0,3585830,0
[E3IROSRT-CSV] 4,69,11605960,8118980,0,0,0,0,3402160,0
[E3IROSRT-CSV] 4,70,11720050,8168250,0,0,0,0,3465370,0
[E3IROSRT-CSV] 4,71,11277260,7825080,0,0,0,0,3369860,0
[E3IROSRT-CSV] 4,72,11585440,8087170,0,0,0,0,3413060,0
[E3IROSRT-CSV] 4,73,11519440,8051680,0,0,0,0,3383720,0
[E3IROSRT-CSV] 4,74,11546270,8014160,0,0,0,0,3450120,0
[E3IROSRT-CSV] 4,75,11565780,8084940,0,0,0,0,3395330,0
[E3IROSRT-CSV] 4,76,11625660,8044800,0,0,0,0,3492810,0
[E3IROSRT-CSV] 4,77,11808520,8255760,0,0,0,0,3465220,0
[E3IROSRT-CSV] 4,78,11770340,8148330,0,0,0,0,3535000,0
[E3IROSRT-CSV] 4,79,11728410,8189640,0,0,0,0,3452540,0
[E3IROSRT-CSV] 4,80,11495860,7539740,0,0,0,0,3873920,0
[E3IROSRT-CSV] 4,81,11702620,8143710,0,0,0,0,3470590,0
[E3IROSRT-CSV] 4,82,11720930,7884540,0,0,0,0,3608920,0
[E3IROSRT-CSV] 4,83,11807330,8186470,0,0,0,0,3533640,0
[E3IROSRT-CSV] 4,84,11569480,7849200,0,0,0,0,3638890,0
[E3IROSRT-CSV] 4,85,11712710,8145430,0,0,0,0,3481300,0
[E3IROSRT-CSV] 4,86,11568080,7812570,0,0,0,0,3672140,0
[E3IROSRT-CSV] 4,87,11729390,8180240,0,0,0,0,3462100,0
[E3IROSRT-CSV] 4,88,11721200,8022600,0,0,0,0,3603230,0
[E3IROSRT-CSV] 4,89,8637800,6089980,0,0,0,0,2471920,0
[E3IROSRT-CSV] 4,90,11206910,7734530,0,0,0,0,3386010,0
[E3IROSRT-CSV] 4,91,11669100,8126370,0,0,0,0,3455390,0
[E3IROSRT-CSV] 4,92,11983530,8271630,0,0,0,0,3629550,0
[E3IROSRT-CSV] 4,93,12552520,9093680,0,0,0,0,3366240,0
[E3IROSRT-CSV] 4,94,11603600,8006120,0,0,0,0,3513130,0
[E3IROSRT-CSV] 4,95,11749970,8173020,0,0,0,0,3487760,0
[E3IROSRT-CSV] 4,96,11650170,8055590,0,0,0,0,3508320,0
[E3IROSRT-CSV] 4,97,7348310,5651730,0,0,0,0,1613530,0
[E3IROSRT-CSV] 4,98,11502560,7784390,0,0,0,0,3630210,0
[E3IROSRT-CSV] 4,99,11603660,8105950,0,0,0,0,3414760,0
[E3IROSRT-CSV] 4,100,11557410,7801750,0,0,0,0,3670250,0
[E3IROSRT-CSV] 4,101,11510520,7827260,0,0,0,0,3602420,0
[E3IROSRT-CSV] 4,102,11298510,7764320,0,0,0,0,3455240,0
[E3IROSRT-CSV] 4,103,11773470,8188710,0,0,0,0,3497080,0
[E3IROSRT-CSV] 4,104,11629350,8023440,0,0,0,0,3525230,0
[E3IROSRT-CSV] 4,105,11660630,8079660,0,0,0,0,3498360,0
[E3IROSRT-CSV] 4,106,11583520,7968120,0,0,0,0,3531020,0
[E3IROSRT-CSV] 4,107,11830320,8218660,0,0,0,0,3529700,0
[E3IROSRT-CSV] 4,108,10710350,8021840,0,0,0,0,2600310,0
[E3IROSRT-CSV] 4,109,11401680,7956930,0,0,0,0,3356610,0
[E3IROSRT-CSV] 4,110,11645550,8032520,0,0,0,0,3527940,0
[E3IROSRT-CSV] 4,111,11536450,8016970,0,0,0,0,3437070,0
[E3IROSRT-CSV] 4,112,11577060,7805870,0,0,0,0,3689340,0
[E3IROSRT-CSV] 4,113,11693020,8065320,0,0,0,0,3545140,0
[E3IROSRT-CSV] 4,114,11552930,7805010,0,0,0,0,3665340,0
[E3IROSRT-CSV] 4,115,11586240,7999120,0,0,0,0,3506530,0
[E3IROSRT-CSV] 4,116,11458470,7995440,0,0,0,0,3381440,0
[E3IROSRT-CSV] 4,117,11773780,8205200,0,0,0,0,3481090,0
[E3IROSRT-CSV] 4,118,11536040,7982480,0,0,0,0,3469110,0
[E3IROSRT-CSV] 4,119,11593290,8085530,0,0,0,0,3424700,0
[E3IROSRT-CSV] 4,120,11469300,7783250,0,0,0,0,3605730,0
[E3IROSRT-CSV] 4,121,11504020,7648800,0,0,0,0,3773180,0
[E3IROSRT-CSV] 4,122,11570110,7786720,0,0,0,0,3701450,0
[E3IROSRT-CSV] 4,123,11674890,8126900,0,0,0,0,3459080,0
[E3IROSRT-CSV] 4,124,12287970,8214730,0,0,0,0,3973340,0
[E3IROSRT-CSV] 4,125,11710160,8172890,0,0,0,0,3452090,0
[E3IROSRT-CSV] 4,126,11615900,8033630,0,0,0,0,3497420,0
[E3IROSRT-CSV] 4,127,11550600,7881970,0,0,0,0,3585840,0
[E3IROSRT-CSV] 4,128,11749330,8187440,0,0,0,0,3476730,0
[E3IROSRT-CSV] 4,129,11754300,8205950,0,0,0,0,3463360,0
[E3IROSRT-CSV] 4,130,11634500,8041850,0,0,0,0,3511100,0
[E3IROSRT-CSV] 4,131,11582640,7869780,0,0,0,0,3629490,0
[E3IROSRT-CSV] 4,132,11540820,7774840,0,0,0,0,3684350,0
[E3IROSRT-CSV] 4,133,11793450,8210220,0,0,0,0,3495820,0
[E3IROSRT-CSV] 4,134,11665250,7997530,0,0,0,0,3582250,0
[E3IROSRT-CSV] 4,135,11659480,8083510,0,0,0,0,3489260,0
[E3IROSRT-CSV] 4,136,11567150,7962690,0,0,0,0,3518930,0
[E3IROSRT-CSV] 4,137,11692380,8085230,0,0,0,0,3524690,0
[E3IROSRT-CSV] 4,138,11737650,8074200,0,0,0,0,3576570,0
[E3IROSRT-CSV] 4,139,11586190,8006660,0,0,0,0,3493590,0
[E3IROSRT-CSV] 4,140,11590300,8059850,0,0,0,0,3447630,0
[E3IROSRT-CSV] 4,141,11721800,8062960,0,0,0,0,3574830,0
[E3IROSRT-CSV] 4,142,11953930,7994210,0,0,0,0,3875530,0
[E3IROSRT-CSV] 4,143,11735500,8139450,0,0,0,0,3509830,0
[E3IROSRT-CSV] 4,144,8009250,5809230,0,0,0,0,2117130,0
[E3IROSRT-CSV] 4,145,11689150,8161190,0,0,0,0,3432910,0
[E3IROSRT-CSV] 4,146,11469360,7782200,0,0,0,0,3606460,0
[E3IROSRT-CSV] 4,147,11501970,7742170,0,0,0,0,3676240,0
[E3IROSRT-CSV] 4,148,9816320,7147880,0,0,0,0,2579770,0
[E3IROSRT-CSV] 4,149,11788920,8173710,0,0,0,0,3525940,0
[E3IROSRT-CSV] 4,150,11614560,8047840,0,0,0,0,3479840,0
[E3IROSRT-CSV] 4,151,11704530,8079240,0,0,0,0,3541610,0
[E3IROSRT-CSV] 4,152,11545670,7798570,0,0,0,0,3663210,0
[E3IROSRT-CSV] 4,153,11841700,8285760,0,0,0,0,3467710,0
[E3IROSRT-CSV] 4,154,11574790,7832910,0,0,0,0,3659970,0
[E3IROSRT-CSV] 4,155,11685590,8130870,0,0,0,0,3469480,0
[E3IROSRT-CSV] 4,156,11564160,7821240,0,0,0,0,3660030,0
[E3IROSRT-CSV] 4,157,11679980,8068260,0,0,0,0,3528130,0
[E3IROSRT-CSV] 4,158,11597570,7807380,0,0,0,0,3705450,0
[E3IROSRT-CSV] 4,159,11598710,8017560,0,0,0,0,3495380,0
[E3IROSRT-CSV] 4,160,11853940,8452840,0,0,0,0,3312650,0
[E3IROSRT-CSV] 4,161,11604970,8050510,0,0,0,0,3471450,0
[E3IROSRT-CSV] 4,162,11462960,7787730,0,0,0,0,3592060,0
[E3IROSRT-CSV] 4,163,11694190,8094350,0,0,0,0,3514360,0
[E3IROSRT-CSV] 4,164,11814850,8043010,0,0,0,0,3544210,0
[E3IROSRT-CSV] 4,165,11541560,8049860,0,0,0,0,3408390,0
[E3IROSRT-CSV] 4,166,12198570,8473850,0,0,0,0,3636740,0
[E3IROSRT-CSV] 4,167,11608170,8093780,0,0,0,0,3428440,0
[E3IROSRT-CSV] 4,168,11742010,8104020,0,0,0,0,3550660,0
[E3IROSRT-CSV] 4,169,11781100,8172340,0,0,0,0,3524170,0
[E3IROSRT-CSV] 4,170,11341120,7986080,0,0,0,0,3270170,0
[E3IROSRT-CSV] 4,171,11609750,8043960,0,0,0,0,3483500,0
[E3IROSRT-CSV] 4,172,13237640,9512700,0,0,0,0,3641290,0
[E3IROSRT-CSV] 4,173,11623450,8049830,0,0,0,0,3487570,0
[E3IROSRT-CSV] 4,174,7908760,5746840,0,0,0,0,2079010,0
[E3IROSRT-CSV] 4,175,11595050,8063360,0,0,0,0,3444970,0
[E3IROSRT-CSV] 4,176,11543440,7827900,0,0,0,0,3633960,0
[E3IROSRT-CSV] 4,177,11757810,8223840,0,0,0,0,3445880,0
[E3IROSRT-CSV] 4,178,11692870,8103560,0,0,0,0,3507120,0
[E3IROSRT-CSV] 4,179,11561600,7837970,0,0,0,0,3640160,0
[E3IROSRT-CSV] 4,180,11583570,8038130,0,0,0,0,3463640,0
[E3IROSRT-CSV] 4,181,11837650,8249460,0,0,0,0,3502080,0
[E3IROSRT-CSV] 4,182,11631650,7792040,0,0,0,0,3746370,0
[E3IROSRT-CSV] 4,183,11781740,8153940,0,0,0,0,3530810,0
[E3IROSRT-CSV] 4,184,11553430,7802150,0,0,0,0,3668120,0
[E3IROSRT-CSV] 4,185,7580640,5907700,0,0,0,0,1591810,0
[E3IROSRT-CSV] 4,186,11574750,7994390,0,0,0,0,3497320,0
[E3IROSRT-CSV] 4,187,11483120,7619790,0,0,0,0,3781510,0
[E3IROSRT-CSV] 4,188,12133680,8109180,0,0,0,0,3769210,0
[E3IROSRT-CSV] 4,189,11870140,8130270,0,0,0,0,3649900,0
[E3IROSRT-CSV] 4,190,11584350,8034970,0,0,0,0,3463630,0
[E3IROSRT-CSV] 4,191,12099870,8382380,0,0,0,0,3625640,0
[E3IROSRT-CSV] 4,192,11487450,7754540,0,0,0,0,3639600,0
[E3IROSRT-CSV] 4,193,11743170,8158950,0,0,0,0,3499000,0
[E3IROSRT-CSV] 4,194,12170290,8320680,0,0,0,0,3757820,0
[E3IROSRT-CSV] 4,195,11345260,7948710,0,0,0,0,3311330,0
[E3IROSRT-CSV] 4,196,11252270,7734440,0,0,0,0,3433420,0
[E3IROSRT-CSV] 4,197,11688030,8110490,0,0,0,0,3493000,0
[E3IROSRT-CSV] 4,198,11652910,8055980,0,0,0,0,3507620,0
[E3IROSRT-CSV] 4,199,7897140,5854700,0,0,0,0,1959550,0
[E3IROSRT-CSV] 4,200,11645450,8106470,0,0,0,0,3452440,0
[E3IROSRT-CSV] 4,201,11573680,7850640,0,0,0,0,3641990,0
[E3IROSRT-CSV] 4,202,11548800,7797320,0,0,0,0,3666150,0
[E3IROSRT-CSV] 4,203,11595640,8023510,0,0,0,0,3484990,0
[E3IROSRT-CSV] 4,204,12148700,8395400,0,0,0,0,3667760,0
[E3IROSRT-CSV] 4,205,11720960,8081380,0,0,0,0,3552980,0
[E3IROSRT-CSV] 4,206,11472520,7795420,0,0,0,0,3596820,0
[E3IROSRT-CSV] 4,207,11702710,8146460,0,0,0,0,3470410,0
[E3IROSRT-CSV] 4,208,11655000,7863470,0,0,0,0,3705990,0
[E3IROSRT-CSV] 4,209,11544920,7829730,0,0,0,0,3622040,0
[E3IROSRT-CSV] 4,210,11522980,7768200,0,0,0,0,3672360,0
[E3IROSRT-CSV] 4,211,11541460,7997230,0,0,0,0,3462420,0
[E3IROSRT-CSV] 4,212,11496440,7770780,0,0,0,0,3644240,0
[E3IROSRT-CSV] 4,213,11713890,8130970,0,0,0,0,3493210,0
[E3IROSRT-CSV] 4,214,11786250,8038250,0,0,0,0,3520270,0
[E3IROSRT-CSV] 4,215,11275980,7571790,0,0,0,0,3621070,0
[E3IROSRT-CSV] 4,216,11615580,8006770,0,0,0,0,3523420,0
[E3IROSRT-CSV] 4,217,11564610,7832490,0,0,0,0,3644570,0
[E3IROSRT-CSV] 4,218,11458360,7846710,0,0,0,0,3378360,0
[E3IROSRT-CSV] 4,219,11615730,8018750,0,0,0,0,3513450,0
[E3IROSRT-CSV] 4,220,11535070,7825200,0,0,0,0,3626330,0
[E3IROSRT-CSV] 4,221,11733830,7978120,0,0,0,0,3529250,0
[E3IROSRT-CSV] 4,222,11625430,8007850,0,0,0,0,3522150,0
[E3IROSRT-CSV] 4,223,12624930,9088090,0,0,0,0,3453500,0
[E3IROSRT-CSV] 4,224,11568170,7989530,0,0,0,0,3491650,0
[E3IROSRT-CSV] 4,225,11583620,7852270,0,0,0,0,3648360,0
[E3IROSRT-CSV] 4,226,11799720,8126890,0,0,0,0,3575310,0
[E3IROSRT-CSV] 4,227,11720850,8093000,0,0,0,0,3541670,0
[E3IROSRT-CSV] 4,228,11726520,8128100,0,0,0,0,3513450,0
[E3IROSRT-CSV] 4,229,11806380,8166870,0,0,0,0,3551000,0
[E3IROSRT-CSV] 4,230,11634840,8079870,0,0,0,0,3473350,0
[E3IROSRT-CSV] 4,231,11790660,8104290,0,0,0,0,3603390,0
[E3IROSRT-CSV] 4,232,11467680,7625480,0,0,0,0,3760480,0
[E3IROSRT-CSV] 4,233,11685440,8078370,0,0,0,0,3525740,0
[E3IROSRT-CSV] 4,234,11277090,7755360,0,0,0,0,3440360,0
[E3IROSRT-CSV] 4,235,11268100,7554790,0,0,0,0,3633060,0
[E3IROSRT-CSV] 4,236,11291250,7737310,0,0,0,0,3472340,0
[E3IROSRT-CSV] 4,237,11510740,7809250,0,0,0,0,3609390,0
[E3IROSRT-CSV] 4,238,11517950,7793710,0,0,0,0,3640910,0
[E3IROSRT-CSV] 4,239,11594650,8085090,0,0,0,0,3424790,0
[E3IROSRT-CSV] 4,240,11313140,7763580,0,0,0,0,3468460,0
[E3IROSRT-CSV] 4,241,11740990,8171720,0,0,0,0,3481270,0
[E3IROSRT-CSV] 4,242,11688150,8101850,0,0,0,0,3497460,0
[E3IROSRT-CSV] 4,243,11989340,8256080,0,0,0,0,3648230,0
[E3IROSRT-CSV] 4,244,9918400,7023990,0,0,0,0,2807260,0
[E3IROSRT-CSV] 4,245,11649200,8311550,0,0,0,0,3249500,0
[E3IROSRT-CSV] 4,246,11477030,7977080,0,0,0,0,3405590,0
[E3IROSRT-CSV] 4,247,11665890,8027030,0,0,0,0,3555190,0
[E3IROSRT-CSV] 4,248,11281810,7539450,0,0,0,0,3660430,0
[E3IROSRT-CSV] 4,249,11773580,8009180,0,0,0,0,3532340,0
[E3IROSRT-CSV] 4,250,11842010,8194170,0,0,0,0,3561030,0
[E3IROSRT-CSV] 4,251,9830640,7179770,0,0,0,0,2563910,0
[E3IROSRT-CSV] 4,252,11994000,8285720,0,0,0,0,3620350,0
[E3IROSRT-CSV] 4,253,11715710,8109500,0,0,0,0,3521830,0
[E3IROSRT-CSV] 4,254,11542860,8012950,0,0,0,0,3443220,0
[E3IROSRT-CSV] 4,255,11748190,8149850,0,0,0,0,3511220,0
[E3IROSRT-CSV] 4,256,11532650,7818760,0,0,0,0,3629540,0
[E3IROSRT-CSV] 4,257,11608430,8016190,0,0,0,0,3508230,0
[E3IROSRT-CSV] 4,258,11626940,8027100,0,0,0,0,3509270,0
[E3IROSRT-CSV] 4,259,11874330,8186020,0,0,0,0,3595600,0
[E3IROSRT-CSV] 4,260,11491000,7784200,0,0,0,0,3625250,0
[E3IROSRT-CSV] 4,261,11301310,7617710,0,0,0,0,3602960,0
[E3IROSRT-CSV] 4,262,11701650,8083980,0,0,0,0,3521730,0
[E3IROSRT-CSV] 4,263,11543520,8002880,0,0,0,0,3457980,0
[E3IROSRT-CSV] 4,264,11457220,7774610,0,0,0,0,3599280,0
[E3IROSRT-CSV] 4,265,11588110,7697850,0,0,0,0,3808460,0
[E3IROSRT-CSV] 4,266,11529960,7984660,0,0,0,0,3460000,0
[E3IROSRT-CSV] 4,267,11582890,8001480,0,0,0,0,3495770,0
[E3IROSRT-CSV] 4,268,10009950,7152160,0,0,0,0,2772360,0
[E3IROSRT-CSV] 4,269,11690310,8158150,0,0,0,0,3445360,0
[E3IROSRT-CSV] 4,270,11644090,8051130,0,0,0,0,3508810,0
[E3IROSRT-CSV] 4,271,11696660,7905760,0,0,0,0,3558300,0
[E3IROSRT-CSV] 4,272,11538850,8014090,0,0,0,0,3440030,0
[E3IROSRT-CSV] 4,273,11753530,8124140,0,0,0,0,3534110,0
[E3IROSRT-CSV] 4,274,12524270,9047570,0,0,0,0,3393420,0
[E3IROSRT-CSV] 4,275,11684930,8085440,0,0,0,0,3512690,0
[E3IROSRT-CSV] 4,276,11553910,7770670,0,0,0,0,3692330,0
[E3IROSRT-CSV] 4,277,11724010,8122440,0,0,0,0,3517290,0
[E3IROSRT-CSV] 4,278,11574770,7820510,0,0,0,0,3670730,0
[E3IROSRT-CSV] 4,279,8248090,5792240,0,0,0,0,2369070,0
[E3IROSRT-CSV] 4,280,11699140,8073760,0,0,0,0,3530030,0
[E3IROSRT-CSV] 4,281,11645010,8099510,0,0,0,0,3462370,0
[E3IROSRT-CSV] 4,282,11629060,7887700,0,0,0,0,3658850,0
[E3IROSRT-CSV] 4,283,11816230,7843920,0,0,0,0,3889690,0
[E3IROSRT-CSV] 4,284,11539840,7984550,0,0,0,0,3471400,0
[E3IROSRT-CSV] 4,285,11715030,8144590,0,0,0,0,3484150,0
[E3IROSRT-CSV] 4,286,11889140,8133590,0,0,0,0,3668990,0
[E3IROSRT-CSV] 4,287,11756200,8173360,0,0,0,0,3495900,0
[E3IROSRT-CSV] 4,288,11765430,8041020,0,0,0,0,3638920,0
[E3IROSRT-CSV] 4,289,11614250,8029360,0,0,0,0,3502750,0
[E3IROSRT-CSV] 4,290,11552190,7969930,0,0,0,0,3488770,0
[E3IROSRT-CSV] 4,291,11748890,8210680,0,0,0,0,3451310,0
[E3IROSRT-CSV] 4,292,11840180,8196380,0,0,0,0,3561380,0
[E3IROSRT-CSV] 4,293,11732750,7822030,0,0,0,0,3827440,0
[E3IROSRT-CSV] 4,294,11638440,8057930,0,0,0,0,3493570,0
[E3IROSRT-CSV] 4,295,11609610,8003000,0,0,0,0,3519420,0
[E3IROSRT-CSV] 4,296,11269020,7571050,0,0,0,0,3615680,0
[E3IROSRT-CSV] 4,297,11589880,8051610,0,0,0,0,3443630,0
[E3IROSRT-CSV] 4,298,11597720,8023040,0,0,0,0,3488390,0
[E3IROSRT-CSV] 4,299,8151970,5664280,0,0,0,0,2270890,0
[E3IROSRT-CSV] 4,300,11588720,7809200,0,0,0,0,3685930,0
[E3IROSRT-CSV] 4,301,11577090,8050030,0,0,0,0,3444860,0
[E3IROSRT-CSV] 4,302,11574230,7998190,0,0,0,0,3489450,0
[E3IROSRT-CSV] 4,303,8739760,5541580,0,0,0,0,2771470,0
[E3IROSRT-CSV] 4,304,9100040,6419560,0,0,0,0,2559690,0
[E3IROSRT-CSV] 4,305,11713080,8160030,0,0,0,0,3457980,0
[E3IROSRT-CSV] 4,306,11289050,7782730,0,0,0,0,3424730,0
[E3IROSRT-CSV] 4,307,11793320,7817380,0,0,0,0,3894620,0
[E3IROSRT-CSV] 4,308,11660090,8093540,0,0,0,0,3480270,0
[E3IROSRT-CSV] 4,309,11676900,8138460,0,0,0,0,3451850,0
[E3IROSRT-CSV] 4,310,11629960,8053090,0,0,0,0,3489850,0
[E3IROSRT-CSV] 4,311,11197810,7546660,0,0,0,0,3572130,0
[E3IROSRT-CSV] 4,312,11559610,7970620,0,0,0,0,3503590,0
[E3IROSRT-CSV] 4,313,11598700,8062000,0,0,0,0,3451650,0
[E3IROSRT-CSV] 4,314,12128540,8141300,0,0,0,0,3898830,0
[E3IROSRT-CSV] 4,315,11501680,7992530,0,0,0,0,3422190,0
[E3IROSRT-CSV] 4,316,11626330,8086610,0,0,0,0,3453190,0
[E3IROSRT-CSV] 4,317,11659930,8050040,0,0,0,0,3525350,0
[E3IROSRT-CSV] 4,318,11687580,8127800,0,0,0,0,3473260,0
[E3IROSRT-CSV] 4,319,11668780,8126240,0,0,0,0,3458970,0
[E3IROSRT-CSV] 4,320,11417300,7801110,0,0,0,0,3532360,0
[E3IROSRT-CSV] 4,321,11591420,8010330,0,0,0,0,3490790,0
[E3IROSRT-CSV] 4,322,11619750,8053410,0,0,0,0,3482910,0
[E3IROSRT-CSV] 4,323,11669520,8106620,0,0,0,0,3473190,0
[E3IROSRT-CSV] 4,324,11531830,8001170,0,0,0,0,3445050,0
[E3IROSRT-CSV] 4,325,12704270,9257490,0,0,0,0,3360250,0
[E3IROSRT-CSV] 4,326,11484500,7794820,0,0,0,0,3608050,0
[E3IROSRT-CSV] 4,327,11735010,8162190,0,0,0,0,3484460,0
[E3IROSRT-CSV] 4,328,11568460,7963240,0,0,0,0,3522860,0
[E3IROSRT-CSV] 4,329,11700820,8150000,0,0,0,0,3454500,0
[E3IROSRT-CSV] 4,330,11535540,7756400,0,0,0,0,3679120,0
[E3IROSRT-CSV] 4,331,11743410,8189470,0,0,0,0,3465030,0
[E3IROSRT-CSV] 4,332,11770000,8085740,0,0,0,0,3596620,0
[E3IROSRT-CSV] 4,333,12086730,8366420,0,0,0,0,3629580,0
[E3IROSRT-CSV] 4,334,11662290,8026520,0,0,0,0,3549610,0
[E3IROSRT-CSV] 4,335,11750140,8171600,0,0,0,0,3490540,0
[E3IROSRT-CSV] 4,336,11531510,7792780,0,0,0,0,3645660,0
[E3IROSRT-CSV] 4,337,11724070,8175550,0,0,0,0,3463560,0
[E3IROSRT-CSV] 4,338,11699080,8101550,0,0,0,0,3511260,0
[E3IROSRT-CSV] 4,339,11592520,8035710,0,0,0,0,3458600,0
[E3IROSRT-CSV] 4,340,10029130,7158510,0,0,0,0,2786140,0
[E3IROSRT-CSV] 4,341,11693550,8159420,0,0,0,0,3446990,0
[E3IROSRT-CSV] 4,342,12173800,7952390,0,0,0,0,3928640,0
[E3IROSRT-CSV] 4,343,11691390,8149180,0,0,0,0,3455680,0
[E3IROSRT-CSV] 4,344,11624670,8009940,0,0,0,0,3507310,0
[E3IROSRT-CSV] 4,345,11577080,8017560,0,0,0,0,3456530,0
[E3IROSRT-CSV] 4,346,7873760,5722580,0,0,0,0,2076900,0
[E3IROSRT-CSV] 4,347,11596360,8080820,0,0,0,0,3431700,0
[E3IROSRT-CSV] 4,348,11545030,7994590,0,0,0,0,3465770,0
[E3IROSRT-CSV] 4,349,11794740,8209470,0,0,0,0,3480590,0
[E3IROSRT-CSV] 4,350,11577750,7846470,0,0,0,0,3651050,0
[E3IROSRT-CSV] 4,351,11576590,8026460,0,0,0,0,3455340,0
[E3IROSRT-CSV] 4,352,11618110,7812480,0,0,0,0,3702790,0
[E3IROSRT-CSV] 4,353,11520650,7812330,0,0,0,0,3611770,0
[E3IROSRT-CSV] 4,354,12170260,8453980,0,0,0,0,3630680,0
[E3IROSRT-CSV] 4,355,11769480,8160560,0,0,0,0,3514360,0
[E3IROSRT-CSV] 4,356,11579280,8018920,0,0,0,0,3463770,0
[E3IROSRT-CSV] 4,357,11674390,8124510,0,0,0,0,3453580,0
[E3IROSRT-CSV] 4,358,11635720,8040180,0,0,0,0,3513030,0
[E3IROSRT-CSV] 4,359,11571590,8026590,0,0,0,0,3446740,0
[E3IROSRT-CSV] 4,360,11663130,7853720,0,0,0,0,3729820,0
[E3IROSRT-CSV] 4,361,11642460,7706500,0,0,0,0,3855540,0
[E3IROSRT-CSV] 4,362,11826900,8172680,0,0,0,0,3572190,0
[E3IROSRT-CSV] 4,363,12186910,8449370,0,0,0,0,3631240,0
[E3IROSRT-CSV] 4,364,11583950,8000410,0,0,0,0,3487550,0
[E3IROSRT-CSV] 4,365,11657000,8072970,0,0,0,0,3502280,0
[E3IROSRT-CSV] 4,366,11911990,8328480,0,0,0,0,3501540,0
[E3IROSRT-CSV] 4,367,11590030,7908630,0,0,0,0,3602360,0
[E3IROSRT-CSV] 4,368,11785500,8099690,0,0,0,0,3601220,0
[E3IROSRT-CSV] 4,369,11583080,8098170,0,0,0,0,3396870,0
[E3IROSRT-CSV] 4,370,11556380,7690800,0,0,0,0,3785950,0
[E3IROSRT-CSV] 4,371,11227860,7821010,0,0,0,0,3325840,0
[E3IROSRT-CSV] 4,372,11916340,8192520,0,0,0,0,3644500,0
[E3IROSRT-CSV] 4,373,11595290,8060690,0,0,0,0,3451970,0
[E3IROSRT-CSV] 4,374,11589980,7615200,0,0,0,0,3894040,0
[E3IROSRT-CSV] 4,375,11654370,8048240,0,0,0,0,3521920,0
[E3IROSRT-CSV] 4,376,12728730,9208290,0,0,0,0,3437360,0
[E3IROSRT-CSV] 4,377,11711010,8111820,0,0,0,0,3515510,0
[E3IROSRT-CSV] 4,378,11903890,8179950,0,0,0,0,3633470,0
[E3IROSRT-CSV] 4,379,11854040,8242540,0,0,0,0,3526640,0
[E3IROSRT-CSV] 4,380,11749700,8076410,0,0,0,0,3587510,0
[E3IROSRT-CSV] 4,381,11979580,8353310,0,0,0,0,3538030,0
[E3IROSRT-CSV] 4,382,11803410,8150780,0,0,0,0,3567430,0
[E3IROSRT-CSV] 4,383,11609350,8074010,0,0,0,0,3452180,0
[E3IROSRT-CSV] 4,384,11595350,7821610,0,0,0,0,3693130,0
[E3IROSRT-CSV] 4,385,11738080,8177360,0,0,0,0,3475370,0
[E3IROSRT-CSV] 4,386,11285120,7621160,0,0,0,0,3583920,0
[E3IROSRT-CSV] 4,387,11673150,8083510,0,0,0,0,3506530,0
[E3IROSRT-CSV] 4,388,11602490,7853960,0,0,0,0,3666190,0
[E3IROSRT-CSV] 4,389,13219770,9374170,0,0,0,0,3762240,0
[E3IROSRT-CSV] 4,390,12145980,7997460,0,0,0,0,4061320,0
[E3IROSRT-CSV] 4,391,11961870,8177010,0,0,0,0,3700610,0
[E3IROSRT-CSV] 4,392,11564990,7818710,0,0,0,0,3662940,0
[E3IROSRT-CSV] 4,393,11775890,8197840,0,0,0,0,3489820,0
[E3IROSRT-CSV] 4,394,11573150,7837850,0,0,0,0,3645420,0
[E3IROSRT-CSV] 4,395,11540140,7865300,0,0,0,0,3593810,0
[E3IROSRT-CSV] 4,396,11532500,7812980,0,0,0,0,3635700,0
[E3IROSRT-CSV] 4,397,11620490,8075690,0,0,0,0,3462010,0
[E3IROSRT-CSV] 4,398,11521740,7847930,0,0,0,0,3592130,0
[E3IROSRT-CSV] 4,399,11423420,7958620,0,0,0,0,3375380,0
[E3IROSRT-CSV] 4,400,11545130,7826400,0,0,0,0,3634890,0
[E3IROSRT-CSV] 4,401,11730820,8155890,0,0,0,0,3491880,0
[E3IROSRT-CSV] 4,402,11518100,7803760,0,0,0,0,3632330,0
[E3IROSRT-CSV] 4,403,11551820,7694480,0,0,0,0,3776020,0
[E3IROSRT-CSV] 4,404,11458280,7780710,0,0,0,0,3598100,0
[E3IROSRT-CSV] 4,405,11720110,8111410,0,0,0,0,3524060,0
[E3IROSRT-CSV] 4,406,11523970,7817010,0,0,0,0,3626960,0
[E3IROSRT-CSV] 4,407,11494990,7855670,0,0,0,0,3549520,0
[E3IROSRT-CSV] 4,408,11615110,8043070,0,0,0,0,3484840,0
[E3IROSRT-CSV] 4,409,11575910,8016490,0,0,0,0,3469300,0
[E3IROSRT-CSV] 4,410,11770380,7921010,0,0,0,0,3604940,0
[E3IROSRT-CSV] 4,411,11587770,8065610,0,0,0,0,3439320,0
[E3IROSRT-CSV] 4,412,11467980,7790080,0,0,0,0,3593770,0
[E3IROSRT-CSV] 4,413,11720220,8133680,0,0,0,0,3502470,0
[E3IROSRT-CSV] 4,414,11295900,7784230,0,0,0,0,3433490,0
[E3IROSRT-CSV] 4,415,11583530,7863490,0,0,0,0,3639620,0
[E3IROSRT-CSV] 4,416,12130620,8457750,0,0,0,0,3586860,0
[E3IROSRT-CSV] 4,417,11538480,8078480,0,0,0,0,3375500,0
[E3IROSRT-CSV] 4,418,11719060,8133600,0,0,0,0,3498660,0
[E3IROSRT-CSV] 4,419,11598530,8048010,0,0,0,0,3467660,0
[E3IROSRT-CSV] 4,420,11649390,8051480,0,0,0,0,3513320,0
[E3IROSRT-CSV] 4,421,11701260,8166980,0,0,0,0,3445450,0
[E3IROSRT-CSV] 4,422,11252380,7608620,0,0,0,0,3563390,0
[E3IROSRT-CSV] 4,423,11779830,8236920,0,0,0,0,3456160,0
[E3IROSRT-CSV] 4,424,11708520,8037410,0,0,0,0,3584740,0
[E3IROSRT-CSV] 4,425,11623160,8074540,0,0,0,0,3467320,0
[E3IROSRT-CSV] 4,426,11525890,7799480,0,0,0,0,3643770,0
[E3IROSRT-CSV] 4,427,13138280,9552420,0,0,0,0,3500350,0
[E3IROSRT-CSV] 4,428,11635050,8039930,0,0,0,0,3510580,0
[E3IROSRT-CSV] 4,429,11746450,8194950,0,0,0,0,3465420,0
[E3IROSRT-CSV] 4,430,11878170,8281540,0,0,0,0,3499900,0
[E3IROSRT-CSV] 4,431,11916140,8334880,0,0,0,0,3494160,0
[E3IROSRT-CSV] 4,432,11643940,7657500,0,0,0,0,3906270,0
[E3IROSRT-CSV] 4,433,11852250,8285680,0,0,0,0,3478770,0
[E3IROSRT-CSV] 4,434,12185130,8476440,0,0,0,0,3624110,0
[E3IROSRT-CSV] 4,435,12189010,8170220,0,0,0,0,3929680,0
[E3IROSRT-CSV] 4,436,11666210,8048910,0,0,0,0,3531910,0
[E3IROSRT-CSV] 4,437,11811770,8274310,0,0,0,0,3450660,0
[E3IROSRT-CSV] 4,438,11790740,8191350,0,0,0,0,3512180,0
[E3IROSRT-CSV] 4,439,11551050,8054960,0,0,0,0,3411430,0
[E3IROSRT-CSV] 4,440,11635150,8049890,0,0,0,0,3497310,0
[E3IROSRT-CSV] 4,441,11893300,8294880,0,0,0,0,3514920,0
[E3IROSRT-CSV] 4,442,11663840,7858740,0,0,0,0,3723590,0
[E3IROSRT-CSV] 4,443,11851680,8165070,0,0,0,0,3579650,0
[E3IROSRT-CSV] 4,444,10901160,7785040,0,0,0,0,3012900,0
[E3IROSRT-CSV] 4,445,11712570,8174570,0,0,0,0,3445950,0
[E3IROSRT-CSV] 4,446,11631970,7850190,0,0,0,0,3695900,0
[E3IROSRT-CSV] 4,447,11641100,8046810,0,0,0,0,3511190,0
[E3IROSRT-CSV] 4,448,11746530,8171040,0,0,0,0,3488930,0
[E3IROSRT-CSV] 4,449,11823550,8213020,0,0,0,0,3523130,0
[E3IROSRT-CSV] 4,450,11468820,7971140,0,0,0,0,3401410,0
[E3IROSRT-CSV] 4,451,11755430,8152730,0,0,0,0,3514220,0
[E3IROSRT-CSV] 4,452,11956900,8235090,0,0,0,0,3626220,0
[E3IROSRT-CSV] 4,453,9193870,6483900,0,0,0,0,2624700,0
[E3IROSRT-CSV] 4,454,11672450,8049510,0,0,0,0,3536650,0
[E3IROSRT-CSV] 4,455,11710960,8152330,0,0,0,0,3472350,0
[E3IROSRT-CSV] 4,456,11620840,7808660,0,0,0,0,3730790,0
[E3IROSRT-CSV] 4,457,11666710,8090000,0,0,0,0,3495960,0
[E3IROSRT-CSV] 4,458,11558340,7842570,0,0,0,0,3633510,0
[E3IROSRT-CSV] 4,459,11669290,8141920,0,0,0,0,3443040,0
[E3IROSRT-CSV] 4,460,11621750,8026340,0,0,0,0,3511570,0
[E3IROSRT-CSV] 4,461,11622240,8119150,0,0,0,0,3418720,0
[E3IROSRT-CSV] 4,462,11747840,8144980,0,0,0,0,3516560,0
[E3IROSRT-CSV] 4,463,11741060,8181500,0,0,0,0,3475650,0
[E3IROSRT-CSV] 4,464,11490790,7849120,0,0,0,0,3556490,0
[E3IROSRT-CSV] 4,465,11652150,8138530,0,0,0,0,3428590,0
[E3IROSRT-CSV] 4,466,11810060,8008870,0,0,0,0,3719450,0
[E3IROSRT-CSV] 4,467,11436890,7973800,0,0,0,0,3380130,0
[E3IROSRT-CSV] 4,468,11538230,8048700,0,0,0,0,3402320,0
[E3IROSRT-CSV] 4,469,11554690,8009510,0,0,0,0,3458430,0
[E3IROSRT-CSV] 4,470,11634910,8010020,0,0,0,0,3541460,0
[E3IROSRT-CSV] 4,471,11661810,8058830,0,0,0,0,3518160,0
[E3IROSRT-CSV] 4,472,11299070,7779340,0,0,0,0,3433160,0
[E3IROSRT-CSV] 4,473,11702080,8166580,0,0,0,0,3451980,0
[E3IROSRT-CSV] 4,474,11616840,8045420,0,0,0,0,3485430,0
[E3IROSRT-CSV] 4,475,11609890,8048520,0,0,0,0,3476300,0
[E3IROSRT-CSV] 4,476,11627570,8008380,0,0,0,0,3533960,0
[E3IROSRT-CSV] 4,477,11482000,7993430,0,0,0,0,3402870,0
[E3IROSRT-CSV] 4,478,11758510,8039150,0,0,0,0,3498570,0
[E3IROSRT-CSV] 4,479,12112160,8414130,0,0,0,0,3605380,0
[E3IROSRT-CSV] 4,480,11682720,8092870,0,0,0,0,3504550,0
[E3IROSRT-CSV] 4,481,11662690,8052020,0,0,0,0,3525680,0
[E3IROSRT-CSV] 4,482,11765040,8131410,0,0,0,0,3548550,0
[E3IROSRT-CSV] 4,483,11756280,8075500,0,0,0,0,3594460,0
[E3IROSRT-CSV] 4,484,11733460,8090780,0,0,0,0,3555680,0
[E3IROSRT-CSV] 4,485,11696620,8080230,0,0,0,0,3532090,0
[E3IROSRT-CSV] 4,486,12550110,8194570,0,0,0,0,4268230,0
[E3IROSRT-CSV] 4,487,11498960,7843950,0,0,0,0,3574530,0
[E3IROSRT-CSV] 4,488,11595840,8004380,0,0,0,0,3509490,0
[E3IROSRT-CSV] 4,489,11670190,8091870,0,0,0,0,3496640,0
[E3IROSRT-CSV] 4,490,11533190,7810410,0,0,0,0,3638140,0
[E3IROSRT-CSV] 4,491,11620400,7602850,0,0,0,0,3936110,0
[E3IROSRT-CSV] 4,492,12190550,8420010,0,0,0,0,3688630,0
[E3IROSRT-CSV] 4,493,11803610,8290910,0,0,0,0,3426170,0
[E3IROSRT-CSV] 4,494,12179370,8215260,0,0,0,0,3879720,0
[E3IROSRT-CSV] 4,495,11629620,8028090,0,0,0,0,3515110,0
[E3IROSRT-CSV] 4,496,11485190,7790930,0,0,0,0,3612190,0
[E3IROSRT-CSV] 4,497,11551940,7646680,0,0,0,0,3824360,0
[E3IROSRT-CSV] 4,498,11679370,8102770,0,0,0,0,3491500,0
[E3IROSRT-CSV] 4,499,12116830,8390620,0,0,0,0,3639640,0
[E3IROSRT-SUMMARY] chain_len=4 e2e_avg=11540692 publish_avg=7956052 sched_avg=3497808

*** FATAL ***
fatal source: 0 (INTERNAL_ERROR_CORE)
fatal code: 5 (INTERNAL_ERROR_THREAD_EXITTED)
RTEMS version: 6.1.0.not-released
RTEMS tools: 13.3.0 20240521 (RTEMS 6, RSB no-repo, Newlib 1b3dcfd)
executing thread ID: 0x0a010001
executing thread name: UI1 
