
RTEMS Shell on /dev/console. Use 'help' to list commands.
SHLL [/] # nexus0: <RTEMS Nexus device>
info: lo0: link state changed to UP
=== Exp3inter-ROSRT: Task Chain (n=3) NoExecutor ===
Period: 200ms, Rounds: 500
[E3IROSRT-CSV] chain_len,round,e2e_ns,publish_ns,gc_trigger_ns,invoke_cb_ns,getnext_ns,take_data_ns,sched_ns,dispatch_ns
666666
CPP Msg not nullptr
CPP Msg not nullptr
CPP Msg not nullptr
CPP Msg not nullptr
C Msg not NULL
C Msg not NULL
CPP Srv not nullptr
CPP Srv not nullptr
CPP Srv not nullptr
CPP Srv not nullptr
CPP Srv not nullptr
CPP Srv not nullptr
CPP Msg not nullptr
CPP Msg not nullptr
CPP Msg not nullptr
CPP Msg not nullptr
CPP Msg not nullptr
CPP Msg not nullptr
[33m[WARN] [0567993600.546325859] [rclcpp]: Calling set_on_new_intra_process_message_callback for subscription with IPC disabled[0m
C Msg not NULL
C Msg not NULL
CPP Srv not nullptr
CPP Srv not nullptr
CPP Srv not nullptr
CPP Srv not nullptr
CPP Srv not nullptr
CPP Srv not nullptr
CPP Msg not nullptr
CPP Msg not nullptr
CPP Msg not nullptr
CPP Msg not nullptr
CPP Msg not nullptr
CPP Msg not nullptr
CPP Msg not nullptr
CPP Msg not nullptr
[33m[WARN] [0567993600.776738709] [rclcpp]: Calling set_on_new_intra_process_message_callback for subscription with IPC disabled[0m
[33m[WARN] [0567993600.778317479] [rclcpp]: Calling set_on_new_intra_process_message_callback for subscription with IPC disabled[0m
C Msg not NULL
C Msg not NULL
CPP Srv not nullptr
CPP Srv not nullptr
CPP Srv not nullptr
CPP Srv not nullptr
CPP Srv not nullptr
CPP Srv not nullptr
CPP Msg not nullptr
CPP Msg not nullptr
CPP Msg not nullptr
CPP Msg not nullptr
CPP Msg not nullptr
CPP Msg not nullptr
[33m[WARN] [0567993600.859988449] [rclcpp]: Calling set_on_new_intra_process_message_callback for subscription with IPC disabled[0m
[33m[WARN] [0567993600.860446049] [rclcpp]: Calling set_on_new_intra_process_message_callback for subscription with IPC disabled[0m
[E3IROSRT-CSV] 3,0,4853290,958130,0,0,0,0,5656880,0
[E3IROSRT-CSV] 3,1,8409380,5262060,0,0,0,0,2925430,0
[E3IROSRT-CSV] 3,2,7967230,5398450,0,0,0,0,2496270,0
[E3IROSRT-CSV] 3,3,7946840,5388200,0,0,0,0,2484470,0
[E3IROSRT-CSV] 3,4,7855840,5127050,0,0,0,0,2659450,0
[E3IROSRT-CSV] 3,5,7835030,5142670,0,0,0,0,2621610,0
[E3IROSRT-CSV] 3,6,7786640,5099260,0,0,0,0,2619940,0
[E3IROSRT-CSV] 3,7,7949870,5408690,0,0,0,0,2472590,0
[E3IROSRT-CSV] 3,8,7831380,5136290,0,0,0,0,2627730,0
[E3IROSRT-CSV] 3,9,7856980,5149700,0,0,0,0,2640440,0
[E3IROSRT-CSV] 3,10,7902500,5172520,0,0,0,0,2662110,0
[E3IROSRT-CSV] 3,11,8031720,5483370,0,0,0,0,2479960,0
[E3IROSRT-CSV] 3,12,8015860,5432000,0,0,0,0,2513760,0
[E3IROSRT-CSV] 3,13,7369450,5026370,0,0,0,0,2277120,0
[E3IROSRT-CSV] 3,14,7862860,5081010,0,0,0,0,2715660,0
[E3IROSRT-CSV] 3,15,7745970,5097930,0,0,0,0,2580920,0
[E3IROSRT-CSV] 3,16,8116550,5056930,0,0,0,0,2995450,0
[E3IROSRT-CSV] 3,17,7735650,5077260,0,0,0,0,2590810,0
[E3IROSRT-CSV] 3,18,7886390,5159710,0,0,0,0,2656470,0
[E3IROSRT-CSV] 3,19,7728270,5088880,0,0,0,0,2572760,0
[E3IROSRT-CSV] 3,20,7403890,5047240,0,0,0,0,2290980,0
[E3IROSRT-CSV] 3,21,7749030,5047600,0,0,0,0,2636470,0
[E3IROSRT-CSV] 3,22,7897280,5362890,0,0,0,0,2462270,0
[E3IROSRT-CSV] 3,23,7776300,5088800,0,0,0,0,2619870,0
[E3IROSRT-CSV] 3,24,7765400,5078910,0,0,0,0,2619620,0
[E3IROSRT-CSV] 3,25,7973770,5405590,0,0,0,0,2494800,0
[E3IROSRT-CSV] 3,26,7847190,5139890,0,0,0,0,2636350,0
[E3IROSRT-CSV] 3,27,8624220,5792770,0,0,0,0,2759330,0
[E3IROSRT-CSV] 3,28,7945610,5394400,0,0,0,0,2480250,0
[E3IROSRT-CSV] 3,29,7933570,5393060,0,0,0,0,2467090,0
[E3IROSRT-CSV] 3,30,4334870,2761490,0,0,0,0,1536220,0
[E3IROSRT-CSV] 3,31,7752290,5080270,0,0,0,0,2602590,0
[E3IROSRT-CSV] 3,32,7793660,5086840,0,0,0,0,2639820,0
[E3IROSRT-CSV] 3,33,8099600,5475370,0,0,0,0,2551500,0
[E3IROSRT-CSV] 3,34,8084590,5511540,0,0,0,0,2496360,0
[E3IROSRT-CSV] 3,35,8149120,5554380,0,0,0,0,2520240,0
[E3IROSRT-CSV] 3,36,7923080,5403120,0,0,0,0,2446370,0
[E3IROSRT-CSV] 3,37,7790100,5108050,0,0,0,0,2610850,0
[E3IROSRT-CSV] 3,38,7834370,5111270,0,0,0,0,2656170,0
[E3IROSRT-CSV] 3,39,7400900,5036030,0,0,0,0,2298000,0
[E3IROSRT-CSV] 3,40,7732790,5094200,0,0,0,0,2574470,0
[E3IROSRT-CSV] 3,41,7780200,5091720,0,0,0,0,2619270,0
[E3IROSRT-CSV] 3,42,7744930,5073870,0,0,0,0,2603750,0
[E3IROSRT-CSV] 3,43,7931680,5400700,0,0,0,0,2457300,0
[E3IROSRT-CSV] 3,44,7783550,5115550,0,0,0,0,2600570,0
[E3IROSRT-CSV] 3,45,9042820,5386290,0,0,0,0,3589200,0
[E3IROSRT-CSV] 3,46,7691760,5045740,0,0,0,0,2581180,0
[E3IROSRT-CSV] 3,47,7736520,5057600,0,0,0,0,2608200,0
[E3IROSRT-CSV] 3,48,7826980,5304280,0,0,0,0,2452070,0
[E3IROSRT-CSV] 3,49,7933230,5378800,0,0,0,0,2481330,0
[E3IROSRT-CSV] 3,50,7352470,5002410,0,0,0,0,2286300,0
[E3IROSRT-CSV] 3,51,7757540,5117330,0,0,0,0,2572080,0
[E3IROSRT-CSV] 3,52,7922530,5359820,0,0,0,0,2493100,0
[E3IROSRT-CSV] 3,53,7711490,5075600,0,0,0,0,2568810,0
[E3IROSRT-CSV] 3,54,7859340,5129990,0,0,0,0,2660140,0
[E3IROSRT-CSV] 3,55,7970580,5173410,0,0,0,0,2728360,0
[E3IROSRT-CSV] 3,56,7834670,5093220,0,0,0,0,2676110,0
[E3IROSRT-CSV] 3,57,7847950,5149900,0,0,0,0,2628040,0
[E3IROSRT-CSV] 3,58,7827060,5112280,0,0,0,0,2645170,0
[E3IROSRT-CSV] 3,59,7729140,5069070,0,0,0,0,2592080,0
[E3IROSRT-CSV] 3,60,7842120,5110910,0,0,0,0,2665150,0
[E3IROSRT-CSV] 3,61,7922220,5393820,0,0,0,0,2454670,0
[E3IROSRT-CSV] 3,62,7698470,5062140,0,0,0,0,2569880,0
[E3IROSRT-CSV] 3,63,7934100,5389010,0,0,0,0,2469650,0
[E3IROSRT-CSV] 3,64,7969810,5423220,0,0,0,0,2474780,0
[E3IROSRT-CSV] 3,65,7668090,5045540,0,0,0,0,2556500,0
[E3IROSRT-CSV] 3,66,7858720,5160830,0,0,0,0,2630390,0
[E3IROSRT-CSV] 3,67,7863750,5328470,0,0,0,0,2456370,0
[E3IROSRT-CSV] 3,68,7801080,5128020,0,0,0,0,2607700,0
[E3IROSRT-CSV] 3,69,6822610,5381510,0,0,0,0,1359130,0
[E3IROSRT-CSV] 3,70,7722300,5075360,0,0,0,0,2579430,0
[E3IROSRT-CSV] 3,71,8022880,5464560,0,0,0,0,2481700,0
[E3IROSRT-CSV] 3,72,7952910,5401500,0,0,0,0,2476830,0
[E3IROSRT-CSV] 3,73,7857620,5163940,0,0,0,0,2623200,0
[E3IROSRT-CSV] 3,74,7858750,5141620,0,0,0,0,2650270,0
[E3IROSRT-CSV] 3,75,7751130,5085790,0,0,0,0,2596190,0
[E3IROSRT-CSV] 3,76,8014540,5442190,0,0,0,0,2500480,0
[E3IROSRT-CSV] 3,77,8021160,5480410,0,0,0,0,2458650,0
[E3IROSRT-CSV] 3,78,7982220,5400830,0,0,0,0,2510750,0
[E3IROSRT-CSV] 3,79,6986340,5491020,0,0,0,0,1413300,0
[E3IROSRT-CSV] 3,80,7758820,5089670,0,0,0,0,2601390,0
[E3IROSRT-CSV] 3,81,7957920,5400630,0,0,0,0,2485180,0
[E3IROSRT-CSV] 3,82,7913840,5357900,0,0,0,0,2484820,0
[E3IROSRT-CSV] 3,83,7833880,5303090,0,0,0,0,2459180,0
[E3IROSRT-CSV] 3,84,8117010,5575640,0,0,0,0,2469570,0
[E3IROSRT-CSV] 3,85,8014300,5391710,0,0,0,0,2548080,0
[E3IROSRT-CSV] 3,86,7797730,5130090,0,0,0,0,2601790,0
[E3IROSRT-CSV] 3,87,7766860,5057510,0,0,0,0,2641880,0
[E3IROSRT-CSV] 3,88,8073390,5477780,0,0,0,0,2522270,0
[E3IROSRT-CSV] 3,89,7916920,5347790,0,0,0,0,2498790,0
[E3IROSRT-CSV] 3,90,7870850,5131040,0,0,0,0,2673550,0
[E3IROSRT-CSV] 3,91,7976050,5383450,0,0,0,0,2522640,0
[E3IROSRT-CSV] 3,92,7975640,5398290,0,0,0,0,2505400,0
[E3IROSRT-CSV] 3,93,8313690,5326520,0,0,0,0,2904790,0
[E3IROSRT-CSV] 3,94,8020790,5441860,0,0,0,0,2507980,0
[E3IROSRT-CSV] 3,95,7785370,5062730,0,0,0,0,2656890,0
[E3IROSRT-CSV] 3,96,9188320,5417840,0,0,0,0,3691080,0
[E3IROSRT-CSV] 3,97,7997390,5395740,0,0,0,0,2529310,0
[E3IROSRT-CSV] 3,98,7947650,5360290,0,0,0,0,2519620,0
[E3IROSRT-CSV] 3,99,7839610,5113540,0,0,0,0,2656190,0
[E3IROSRT-CSV] 3,100,7849920,5128310,0,0,0,0,2657630,0
[E3IROSRT-CSV] 3,101,7994160,5399740,0,0,0,0,2523220,0
[E3IROSRT-CSV] 3,102,7847160,5149520,0,0,0,0,2625660,0
[E3IROSRT-CSV] 3,103,7799410,5132540,0,0,0,0,2596930,0
[E3IROSRT-CSV] 3,104,8054680,5456710,0,0,0,0,2526860,0
[E3IROSRT-CSV] 3,105,7908310,5162550,0,0,0,0,2676420,0
[E3IROSRT-CSV] 3,106,7961990,5375880,0,0,0,0,2517030,0
[E3IROSRT-CSV] 3,107,7946430,5349210,0,0,0,0,2525590,0
[E3IROSRT-CSV] 3,108,7955730,5395340,0,0,0,0,2487580,0
[E3IROSRT-CSV] 3,109,7937330,5361600,0,0,0,0,2506950,0
[E3IROSRT-CSV] 3,110,7939660,5360390,0,0,0,0,2511730,0
[E3IROSRT-CSV] 3,111,7891350,5160760,0,0,0,0,2660630,0
[E3IROSRT-CSV] 3,112,7880130,5150300,0,0,0,0,2662090,0
[E3IROSRT-CSV] 3,113,7906020,5170480,0,0,0,0,2664350,0
[E3IROSRT-CSV] 3,114,7969420,5373040,0,0,0,0,2525030,0
[E3IROSRT-CSV] 3,115,7932510,5359560,0,0,0,0,2503680,0
[E3IROSRT-CSV] 3,116,8112780,5463750,0,0,0,0,2577830,0
[E3IROSRT-CSV] 3,117,7924850,5370380,0,0,0,0,2485440,0
[E3IROSRT-CSV] 3,118,7951730,5387840,0,0,0,0,2496010,0
[E3IROSRT-CSV] 3,119,7934700,5390320,0,0,0,0,2471420,0
[E3IROSRT-CSV] 3,120,7984110,5396040,0,0,0,0,2515570,0
[E3IROSRT-CSV] 3,121,7982830,5393050,0,0,0,0,2519010,0
[E3IROSRT-CSV] 3,122,7940490,5366320,0,0,0,0,2506360,0
[E3IROSRT-CSV] 3,123,7882050,5149680,0,0,0,0,2659500,0
[E3IROSRT-CSV] 3,124,7999970,5422230,0,0,0,0,2508210,0
[E3IROSRT-CSV] 3,125,7892720,5165240,0,0,0,0,2659760,0
[E3IROSRT-CSV] 3,126,7882030,5163640,0,0,0,0,2649330,0
[E3IROSRT-CSV] 3,127,7879550,5149030,0,0,0,0,2662540,0
[E3IROSRT-CSV] 3,128,7721710,5045370,0,0,0,0,2613290,0
[E3IROSRT-CSV] 3,129,7811010,5111400,0,0,0,0,2631120,0
[E3IROSRT-CSV] 3,130,7876620,5130900,0,0,0,0,2680530,0
[E3IROSRT-CSV] 3,131,7938380,5370380,0,0,0,0,2497640,0
[E3IROSRT-CSV] 3,132,7990760,5392540,0,0,0,0,2531390,0
[E3IROSRT-CSV] 3,133,7894240,5147700,0,0,0,0,2679940,0
[E3IROSRT-CSV] 3,134,8072660,5477690,0,0,0,0,2523760,0
[E3IROSRT-CSV] 3,135,8036160,5473470,0,0,0,0,2494830,0
[E3IROSRT-CSV] 3,136,8046000,5448660,0,0,0,0,2529050,0
[E3IROSRT-CSV] 3,137,7979310,5191790,0,0,0,0,2718810,0
[E3IROSRT-CSV] 3,138,8006860,5406820,0,0,0,0,2528330,0
[E3IROSRT-CSV] 3,139,7915090,5164750,0,0,0,0,2683540,0
[E3IROSRT-CSV] 3,140,7844940,5131360,0,0,0,0,2648660,0
[E3IROSRT-CSV] 3,141,8061640,5445920,0,0,0,0,2543030,0
[E3IROSRT-CSV] 3,142,7947160,5375010,0,0,0,0,2506050,0
[E3IROSRT-CSV] 3,143,7838340,5117420,0,0,0,0,2652320,0
[E3IROSRT-CSV] 3,144,7992790,5399850,0,0,0,0,2522870,0
[E3IROSRT-CSV] 3,145,7839670,5088880,0,0,0,0,2683670,0
[E3IROSRT-CSV] 3,146,7953720,5392840,0,0,0,0,2493810,0
[E3IROSRT-CSV] 3,147,9239520,5403160,0,0,0,0,3766100,0
[E3IROSRT-CSV] 3,148,7943020,5186210,0,0,0,0,2688890,0
[E3IROSRT-CSV] 3,149,7998520,5385030,0,0,0,0,2539590,0
[E3IROSRT-CSV] 3,150,7866570,5150930,0,0,0,0,2652230,0
[E3IROSRT-CSV] 3,151,7982150,5382050,0,0,0,0,2530270,0
[E3IROSRT-CSV] 3,152,8092340,5500600,0,0,0,0,2519800,0
[E3IROSRT-CSV] 3,153,8460940,5678860,0,0,0,0,2704240,0
[E3IROSRT-CSV] 3,154,8012360,5420740,0,0,0,0,2517610,0
[E3IROSRT-CSV] 3,155,7823290,5115200,0,0,0,0,2640660,0
[E3IROSRT-CSV] 3,156,9187220,5756790,0,0,0,0,3361310,0
[E3IROSRT-CSV] 3,157,8001620,5416020,0,0,0,0,2513260,0
[E3IROSRT-CSV] 3,158,7897130,5141820,0,0,0,0,2686060,0
[E3IROSRT-CSV] 3,159,8053160,5442440,0,0,0,0,2539640,0
[E3IROSRT-CSV] 3,160,7940950,5380050,0,0,0,0,2492650,0
[E3IROSRT-CSV] 3,161,7867510,5128340,0,0,0,0,2669970,0
[E3IROSRT-CSV] 3,162,7969250,5366360,0,0,0,0,2533450,0
[E3IROSRT-CSV] 3,163,7962840,5385280,0,0,0,0,2506890,0
[E3IROSRT-CSV] 3,164,7985390,5396800,0,0,0,0,2516230,0
[E3IROSRT-CSV] 3,165,7892370,5135590,0,0,0,0,2689620,0
[E3IROSRT-CSV] 3,166,7961120,5343510,0,0,0,0,2550490,0
[E3IROSRT-CSV] 3,167,8016320,5430280,0,0,0,0,2515720,0
[E3IROSRT-CSV] 3,168,8022340,5437350,0,0,0,0,2512350,0
[E3IROSRT-CSV] 3,169,8297360,5701370,0,0,0,0,2518230,0
[E3IROSRT-CSV] 3,170,8005920,5389050,0,0,0,0,2547220,0
[E3IROSRT-CSV] 3,171,7868250,5105360,0,0,0,0,2695120,0
[E3IROSRT-CSV] 3,172,8013970,5401890,0,0,0,0,2542820,0
[E3IROSRT-CSV] 3,173,7883030,5120390,0,0,0,0,2692340,0
[E3IROSRT-CSV] 3,174,8077770,5441730,0,0,0,0,2565780,0
[E3IROSRT-CSV] 3,175,7848060,5115750,0,0,0,0,2664900,0
[E3IROSRT-CSV] 3,176,7948080,5345170,0,0,0,0,2533560,0
[E3IROSRT-CSV] 3,177,8083520,5427590,0,0,0,0,2586390,0
[E3IROSRT-CSV] 3,178,7908210,5135980,0,0,0,0,2706230,0
[E3IROSRT-CSV] 3,179,7928010,5346800,0,0,0,0,2510730,0
[E3IROSRT-CSV] 3,180,7850360,5136170,0,0,0,0,2651610,0
[E3IROSRT-CSV] 3,181,7866980,5113010,0,0,0,0,2686170,0
[E3IROSRT-CSV] 3,182,7998530,5385120,0,0,0,0,2543470,0
[E3IROSRT-CSV] 3,183,8038450,5404640,0,0,0,0,2561380,0
[E3IROSRT-CSV] 3,184,8083880,5453540,0,0,0,0,2561240,0
[E3IROSRT-CSV] 3,185,7971360,5411220,0,0,0,0,2494420,0
[E3IROSRT-CSV] 3,186,7956870,5296500,0,0,0,0,2595540,0
[E3IROSRT-CSV] 3,187,8120940,5487260,0,0,0,0,2566120,0
[E3IROSRT-CSV] 3,188,8122370,5406380,0,0,0,0,2650250,0
[E3IROSRT-CSV] 3,189,8039400,5422080,0,0,0,0,2547540,0
[E3IROSRT-CSV] 3,190,7843670,5101840,0,0,0,0,2676000,0
[E3IROSRT-CSV] 3,191,7790740,5092790,0,0,0,0,2631640,0
[E3IROSRT-CSV] 3,192,7987410,5351190,0,0,0,0,2565830,0
[E3IROSRT-CSV] 3,193,8017030,5419510,0,0,0,0,2529200,0
[E3IROSRT-CSV] 3,194,7926480,5384540,0,0,0,0,2473130,0
[E3IROSRT-CSV] 3,195,7832140,5140150,0,0,0,0,2623160,0
[E3IROSRT-CSV] 3,196,7804600,5093470,0,0,0,0,2647150,0
[E3IROSRT-CSV] 3,197,7846120,5114270,0,0,0,0,2665940,0
[E3IROSRT-CSV] 3,198,9050910,5134540,0,0,0,0,3847630,0
[E3IROSRT-CSV] 3,199,7965720,5402280,0,0,0,0,2495760,0
[E3IROSRT-CSV] 3,200,7791320,5096560,0,0,0,0,2624990,0
[E3IROSRT-CSV] 3,201,7948630,5347670,0,0,0,0,2530490,0
[E3IROSRT-CSV] 3,202,7895080,5167700,0,0,0,0,2661200,0
[E3IROSRT-CSV] 3,203,7837890,5118960,0,0,0,0,2650050,0
[E3IROSRT-CSV] 3,204,8096990,5496830,0,0,0,0,2527400,0
[E3IROSRT-CSV] 3,205,7834560,5166330,0,0,0,0,2599060,0
[E3IROSRT-CSV] 3,206,7925970,5337730,0,0,0,0,2519510,0
[E3IROSRT-CSV] 3,207,7949340,5362610,0,0,0,0,2517380,0
[E3IROSRT-CSV] 3,208,7841420,5128850,0,0,0,0,2627920,0
[E3IROSRT-CSV] 3,209,7891930,5141380,0,0,0,0,2682360,0
[E3IROSRT-CSV] 3,210,7969340,5372850,0,0,0,0,2521860,0
[E3IROSRT-CSV] 3,211,7850070,5160100,0,0,0,0,2621570,0
[E3IROSRT-CSV] 3,212,7901450,5163100,0,0,0,0,2668580,0
[E3IROSRT-CSV] 3,213,8050000,5419370,0,0,0,0,2556860,0
[E3IROSRT-CSV] 3,214,8081850,5447590,0,0,0,0,2564720,0
[E3IROSRT-CSV] 3,215,8053610,5451590,0,0,0,0,2529580,0
[E3IROSRT-CSV] 3,216,7926940,5352300,0,0,0,0,2506200,0
[E3IROSRT-CSV] 3,217,7950070,5361720,0,0,0,0,2516870,0
[E3IROSRT-CSV] 3,218,7844850,5140250,0,0,0,0,2637230,0
[E3IROSRT-CSV] 3,219,7940640,5372210,0,0,0,0,2500570,0
[E3IROSRT-CSV] 3,220,7905450,5343110,0,0,0,0,2493460,0
[E3IROSRT-CSV] 3,221,7950400,5356700,0,0,0,0,2518780,0
[E3IROSRT-CSV] 3,222,7875390,5148480,0,0,0,0,2649490,0
[E3IROSRT-CSV] 3,223,8047240,5436450,0,0,0,0,2536970,0
[E3IROSRT-CSV] 3,224,8015240,5371780,0,0,0,0,2573040,0
[E3IROSRT-CSV] 3,225,7928050,5363710,0,0,0,0,2492670,0
[E3IROSRT-CSV] 3,226,7950150,5357750,0,0,0,0,2518950,0
[E3IROSRT-CSV] 3,227,7790910,5120750,0,0,0,0,2601720,0
[E3IROSRT-CSV] 3,228,7956450,5346760,0,0,0,0,2536900,0
[E3IROSRT-CSV] 3,229,8015390,5411590,0,0,0,0,2529230,0
[E3IROSRT-CSV] 3,230,7931570,5333280,0,0,0,0,2529420,0
[E3IROSRT-CSV] 3,231,7806590,5111890,0,0,0,0,2628880,0
[E3IROSRT-CSV] 3,232,7881850,5325420,0,0,0,0,2477100,0
[E3IROSRT-CSV] 3,233,7869090,5149000,0,0,0,0,2653280,0
[E3IROSRT-CSV] 3,234,7937420,5344000,0,0,0,0,2523930,0
[E3IROSRT-CSV] 3,235,8173600,5595670,0,0,0,0,2504230,0
[E3IROSRT-CSV] 3,236,7840330,5084410,0,0,0,0,2689510,0
[E3IROSRT-CSV] 3,237,8090580,5485740,0,0,0,0,2534410,0
[E3IROSRT-CSV] 3,238,7792220,5056260,0,0,0,0,2671520,0
[E3IROSRT-CSV] 3,239,7858780,5130630,0,0,0,0,2658530,0
[E3IROSRT-CSV] 3,240,7839940,5154650,0,0,0,0,2615970,0
[E3IROSRT-CSV] 3,241,7842770,5132050,0,0,0,0,2644210,0
[E3IROSRT-CSV] 3,242,7741310,5320970,0,0,0,0,2352120,0
[E3IROSRT-CSV] 3,243,7999810,5394660,0,0,0,0,2529310,0
[E3IROSRT-CSV] 3,244,8068050,5420980,0,0,0,0,2565720,0
[E3IROSRT-CSV] 3,245,7870370,5628220,0,0,0,0,2173030,0
[E3IROSRT-CSV] 3,246,7843360,5154810,0,0,0,0,2620510,0
[E3IROSRT-CSV] 3,247,7781940,5112660,0,0,0,0,2598840,0
[E3IROSRT-CSV] 3,248,7792290,5110290,0,0,0,0,2616260,0
[E3IROSRT-CSV] 3,249,8911660,5091700,0,0,0,0,3751660,0
[E3IROSRT-CSV] 3,250,7837560,5147950,0,0,0,0,2621110,0
[E3IROSRT-CSV] 3,251,7788740,5110780,0,0,0,0,2610530,0
[E3IROSRT-CSV] 3,252,7818300,5111840,0,0,0,0,2638280,0
[E3IROSRT-CSV] 3,253,7836700,5110560,0,0,0,0,2643960,0
[E3IROSRT-CSV] 3,254,7989900,5384780,0,0,0,0,2535570,0
[E3IROSRT-CSV] 3,255,7980870,5377380,0,0,0,0,2518410,0
[E3IROSRT-CSV] 3,256,7940260,5381260,0,0,0,0,2491850,0
[E3IROSRT-CSV] 3,257,7942080,5359750,0,0,0,0,2502660,0
[E3IROSRT-CSV] 3,258,7996160,5391900,0,0,0,0,2531870,0
[E3IROSRT-CSV] 3,259,7829490,5133200,0,0,0,0,2628670,0
[E3IROSRT-CSV] 3,260,7920240,5338430,0,0,0,0,2512120,0
[E3IROSRT-CSV] 3,261,7780930,5096920,0,0,0,0,2601540,0
[E3IROSRT-CSV] 3,262,7941940,5378470,0,0,0,0,2496500,0
[E3IROSRT-CSV] 3,263,7968550,5391280,0,0,0,0,2505130,0
[E3IROSRT-CSV] 3,264,7898550,5168270,0,0,0,0,2662290,0
[E3IROSRT-CSV] 3,265,7959510,5378740,0,0,0,0,2508760,0
[E3IROSRT-CSV] 3,266,7862440,5132150,0,0,0,0,2652140,0
[E3IROSRT-CSV] 3,267,7904840,5169590,0,0,0,0,2657400,0
[E3IROSRT-CSV] 3,268,7954880,5401380,0,0,0,0,2482010,0
[E3IROSRT-CSV] 3,269,8125110,5512970,0,0,0,0,2537090,0
[E3IROSRT-CSV] 3,270,7939960,5379380,0,0,0,0,2490860,0
[E3IROSRT-CSV] 3,271,7962930,5190320,0,0,0,0,2689870,0
[E3IROSRT-CSV] 3,272,7947940,5365860,0,0,0,0,2511650,0
[E3IROSRT-CSV] 3,273,8139730,5462440,0,0,0,0,2591030,0
[E3IROSRT-CSV] 3,274,7915210,5358190,0,0,0,0,2487070,0
[E3IROSRT-CSV] 3,275,8029830,5397620,0,0,0,0,2548660,0
[E3IROSRT-CSV] 3,276,7964810,5392730,0,0,0,0,2488010,0
[E3IROSRT-CSV] 3,277,7880270,5128870,0,0,0,0,2664380,0
[E3IROSRT-CSV] 3,278,7958270,5374750,0,0,0,0,2500110,0
[E3IROSRT-CSV] 3,279,7862620,5144570,0,0,0,0,2634640,0
[E3IROSRT-CSV] 3,280,7884540,5134080,0,0,0,0,2671540,0
[E3IROSRT-CSV] 3,281,8328320,5725610,0,0,0,0,2515940,0
[E3IROSRT-CSV] 3,282,8045870,5425900,0,0,0,0,2549390,0
[E3IROSRT-CSV] 3,283,7918140,5349060,0,0,0,0,2481160,0
[E3IROSRT-CSV] 3,284,7987670,5392680,0,0,0,0,2506570,0
[E3IROSRT-CSV] 3,285,8025970,5426150,0,0,0,0,2515640,0
[E3IROSRT-CSV] 3,286,7954750,5395870,0,0,0,0,2494640,0
[E3IROSRT-CSV] 3,287,7995240,5443460,0,0,0,0,2463430,0
[E3IROSRT-CSV] 3,288,8145590,5521920,0,0,0,0,2540980,0
[E3IROSRT-CSV] 3,289,7958680,5375450,0,0,0,0,2501240,0
[E3IROSRT-CSV] 3,290,7800190,5204010,0,0,0,0,2305610,0
[E3IROSRT-CSV] 3,291,7834600,5113660,0,0,0,0,2653120,0
[E3IROSRT-CSV] 3,292,7935890,5369000,0,0,0,0,2479830,0
[E3IROSRT-CSV] 3,293,8063610,5440980,0,0,0,0,2532690,0
[E3IROSRT-CSV] 3,294,7951560,5384620,0,0,0,0,2499080,0
[E3IROSRT-CSV] 3,295,7933240,5174250,0,0,0,0,2690290,0
[E3IROSRT-CSV] 3,296,7952840,5391370,0,0,0,0,2496770,0
[E3IROSRT-CSV] 3,297,7861210,5140230,0,0,0,0,2644820,0
[E3IROSRT-CSV] 3,298,7930600,5352850,0,0,0,0,2510310,0
[E3IROSRT-CSV] 3,299,7731840,5101010,0,0,0,0,2565070,0
[E3IROSRT-CSV] 3,300,9049630,5185460,0,0,0,0,3797600,0
[E3IROSRT-CSV] 3,301,7951080,5390260,0,0,0,0,2490090,0
[E3IROSRT-CSV] 3,302,7857370,5136050,0,0,0,0,2654470,0
[E3IROSRT-CSV] 3,303,8082270,5450600,0,0,0,0,2521500,0
[E3IROSRT-CSV] 3,304,7933720,5345030,0,0,0,0,2516270,0
[E3IROSRT-CSV] 3,305,7954070,5409350,0,0,0,0,2474910,0
[E3IROSRT-CSV] 3,306,7922020,5334690,0,0,0,0,2499540,0
[E3IROSRT-CSV] 3,307,7930480,5355280,0,0,0,0,2495260,0
[E3IROSRT-CSV] 3,308,8338790,5587970,0,0,0,0,2680640,0
[E3IROSRT-CSV] 3,309,7966530,5619740,0,0,0,0,2276300,0
[E3IROSRT-CSV] 3,310,7773820,5106530,0,0,0,0,2599980,0
[E3IROSRT-CSV] 3,311,7840390,5144790,0,0,0,0,2618930,0
[E3IROSRT-CSV] 3,312,7955910,5399230,0,0,0,0,2486690,0
[E3IROSRT-CSV] 3,313,8257200,5558910,0,0,0,0,2629500,0
[E3IROSRT-CSV] 3,314,7940200,5378190,0,0,0,0,2490870,0
[E3IROSRT-CSV] 3,315,7799890,5121390,0,0,0,0,2612170,0
[E3IROSRT-CSV] 3,316,7377190,5042340,0,0,0,0,2270340,0
[E3IROSRT-CSV] 3,317,7777820,5105380,0,0,0,0,2603120,0
[E3IROSRT-CSV] 3,318,7989250,5427800,0,0,0,0,2488180,0
[E3IROSRT-CSV] 3,319,7819520,5119730,0,0,0,0,2633270,0
[E3IROSRT-CSV] 3,320,7404410,5055890,0,0,0,0,2285460,0
[E3IROSRT-CSV] 3,321,8215900,5587560,0,0,0,0,2556740,0
[E3IROSRT-CSV] 3,322,8227100,5354880,0,0,0,0,2803840,0
[E3IROSRT-CSV] 3,323,7821170,5126460,0,0,0,0,2624650,0
[E3IROSRT-CSV] 3,324,7941240,5379220,0,0,0,0,2487030,0
[E3IROSRT-CSV] 3,325,7927400,5520690,0,0,0,0,2334480,0
[E3IROSRT-CSV] 3,326,7838680,5141620,0,0,0,0,2627570,0
[E3IROSRT-CSV] 3,327,7791290,5106970,0,0,0,0,2617090,0
[E3IROSRT-CSV] 3,328,7814970,5135360,0,0,0,0,2612450,0
[E3IROSRT-CSV] 3,329,7832270,5148270,0,0,0,0,2617890,0
[E3IROSRT-CSV] 3,330,5231670,3416650,0,0,0,0,1772170,0
[E3IROSRT-CSV] 3,331,7868510,5152140,0,0,0,0,2646530,0
[E3IROSRT-CSV] 3,332,7884180,5145160,0,0,0,0,2671720,0
[E3IROSRT-CSV] 3,333,8291380,5674350,0,0,0,0,2546230,0
[E3IROSRT-CSV] 3,334,8030520,5447950,0,0,0,0,2503170,0
[E3IROSRT-CSV] 3,335,7810420,5100670,0,0,0,0,2640020,0
[E3IROSRT-CSV] 3,336,7982120,5452440,0,0,0,0,2463060,0
[E3IROSRT-CSV] 3,337,7809640,5055830,0,0,0,0,2687960,0
[E3IROSRT-CSV] 3,338,8045300,5466660,0,0,0,0,2508330,0
[E3IROSRT-CSV] 3,339,8404810,5732960,0,0,0,0,2604700,0
[E3IROSRT-CSV] 3,340,7867010,5156140,0,0,0,0,2642120,0
[E3IROSRT-CSV] 3,341,7795890,5119410,0,0,0,0,2608430,0
[E3IROSRT-CSV] 3,342,7721670,5078380,0,0,0,0,2579480,0
[E3IROSRT-CSV] 3,343,7956650,5394950,0,0,0,0,2491440,0
[E3IROSRT-CSV] 3,344,7908530,5377760,0,0,0,0,2462340,0
[E3IROSRT-CSV] 3,345,7822430,5114380,0,0,0,0,2639350,0
[E3IROSRT-CSV] 3,346,7804850,5129980,0,0,0,0,2609620,0
[E3IROSRT-CSV] 3,347,7925470,5366740,0,0,0,0,2488910,0
[E3IROSRT-CSV] 3,348,7976420,5404120,0,0,0,0,2501810,0
[E3IROSRT-CSV] 3,349,7808590,5115450,0,0,0,0,2623020,0
[E3IROSRT-CSV] 3,350,7961680,5413600,0,0,0,0,2477300,0
[E3IROSRT-CSV] 3,351,9259830,5457340,0,0,0,0,3730500,0
[E3IROSRT-CSV] 3,352,7775770,5290590,0,0,0,0,2415150,0
[E3IROSRT-CSV] 3,353,7876010,5169770,0,0,0,0,2637050,0
[E3IROSRT-CSV] 3,354,8202990,5568640,0,0,0,0,2551480,0
[E3IROSRT-CSV] 3,355,8009760,5439360,0,0,0,0,2496590,0
[E3IROSRT-CSV] 3,356,7725490,5097780,0,0,0,0,2561600,0
[E3IROSRT-CSV] 3,357,7658190,5323130,0,0,0,0,2079400,0
[E3IROSRT-CSV] 3,358,7982850,5624640,0,0,0,0,2288500,0
[E3IROSRT-CSV] 3,359,7841010,5169340,0,0,0,0,2600610,0
[E3IROSRT-CSV] 3,360,7391530,5045280,0,0,0,0,2281800,0
[E3IROSRT-CSV] 3,361,7936110,5370360,0,0,0,0,2488540,0
[E3IROSRT-CSV] 3,362,8107440,5555000,0,0,0,0,2483750,0
[E3IROSRT-CSV] 3,363,7854650,5151330,0,0,0,0,2624580,0
[E3IROSRT-CSV] 3,364,7930330,5351020,0,0,0,0,2498470,0
[E3IROSRT-CSV] 3,365,7953120,5394810,0,0,0,0,2486020,0
[E3IROSRT-CSV] 3,366,7848470,5147890,0,0,0,0,2634300,0
[E3IROSRT-CSV] 3,367,8583690,5562160,0,0,0,0,2948760,0
[E3IROSRT-CSV] 3,368,7857100,5145530,0,0,0,0,2643590,0
[E3IROSRT-CSV] 3,369,7854320,5142620,0,0,0,0,2638970,0
[E3IROSRT-CSV] 3,370,7401180,5051660,0,0,0,0,2284220,0
[E3IROSRT-CSV] 3,371,7868810,5149270,0,0,0,0,2649790,0
[E3IROSRT-CSV] 3,372,8132700,5435890,0,0,0,0,2630320,0
[E3IROSRT-CSV] 3,373,7786080,5105030,0,0,0,0,2610550,0
[E3IROSRT-CSV] 3,374,8086490,5461850,0,0,0,0,2544480,0
[E3IROSRT-CSV] 3,375,7940300,5395460,0,0,0,0,2474430,0
[E3IROSRT-CSV] 3,376,7968050,5409680,0,0,0,0,2484780,0
[E3IROSRT-CSV] 3,377,8196550,5609030,0,0,0,0,2517310,0
[E3IROSRT-CSV] 3,378,7898140,5357700,0,0,0,0,2470550,0
[E3IROSRT-CSV] 3,379,7963890,5394430,0,0,0,0,2498320,0
[E3IROSRT-CSV] 3,380,7792770,5108630,0,0,0,0,2619170,0
[E3IROSRT-CSV] 3,381,7897590,5366060,0,0,0,0,2460070,0
[E3IROSRT-CSV] 3,382,8073830,5518190,0,0,0,0,2489710,0
[E3IROSRT-CSV] 3,383,7962790,5399960,0,0,0,0,2493200,0
[E3IROSRT-CSV] 3,384,8018430,5424560,0,0,0,0,2526310,0
[E3IROSRT-CSV] 3,385,7873410,5153950,0,0,0,0,2650290,0
[E3IROSRT-CSV] 3,386,8045750,5471450,0,0,0,0,2500810,0
[E3IROSRT-CSV] 3,387,8136370,5559680,0,0,0,0,2510530,0
[E3IROSRT-CSV] 3,388,7923190,5216110,0,0,0,0,2641050,0
[E3IROSRT-CSV] 3,389,7901950,5159590,0,0,0,0,2673780,0
[E3IROSRT-CSV] 3,390,7763510,5096270,0,0,0,0,2602950,0
[E3IROSRT-CSV] 3,391,7785820,5122060,0,0,0,0,2596530,0
[E3IROSRT-CSV] 3,392,7909250,5083920,0,0,0,0,2759500,0
[E3IROSRT-CSV] 3,393,7858830,5151100,0,0,0,0,2634700,0
[E3IROSRT-CSV] 3,394,7876180,5142550,0,0,0,0,2661080,0
[E3IROSRT-CSV] 3,395,7767230,5114100,0,0,0,0,2584950,0
[E3IROSRT-CSV] 3,396,7930070,5078940,0,0,0,0,2784980,0
[E3IROSRT-CSV] 3,397,8038160,5445230,0,0,0,0,2514440,0
[E3IROSRT-CSV] 3,398,7854610,5126350,0,0,0,0,2662450,0
[E3IROSRT-CSV] 3,399,8076430,5477010,0,0,0,0,2518820,0
[E3IROSRT-CSV] 3,400,7796410,5125220,0,0,0,0,2603270,0
[E3IROSRT-CSV] 3,401,7737880,5090930,0,0,0,0,2577140,0
[E3IROSRT-CSV] 3,402,9168210,5410920,0,0,0,0,3686840,0
[E3IROSRT-CSV] 3,403,7785620,5123190,0,0,0,0,2595520,0
[E3IROSRT-CSV] 3,404,7922670,5168070,0,0,0,0,2679900,0
[E3IROSRT-CSV] 3,405,7892000,5149840,0,0,0,0,2670080,0
[E3IROSRT-CSV] 3,406,7811670,5095680,0,0,0,0,2649940,0
[E3IROSRT-CSV] 3,407,8023190,5453440,0,0,0,0,2496450,0
[E3IROSRT-CSV] 3,408,8028390,5406970,0,0,0,0,2550790,0
[E3IROSRT-CSV] 3,409,8771740,5881260,0,0,0,0,2818950,0
[E3IROSRT-CSV] 3,410,7846110,5179370,0,0,0,0,2598610,0
[E3IROSRT-CSV] 3,411,7838910,5158290,0,0,0,0,2612430,0
[E3IROSRT-CSV] 3,412,8042160,5429600,0,0,0,0,2542190,0
[E3IROSRT-CSV] 3,413,7855500,5167500,0,0,0,0,2619370,0
[E3IROSRT-CSV] 3,414,11093420,7574370,0,0,0,0,3403700,0
[E3IROSRT-CSV] 3,415,7875190,5150770,0,0,0,0,2654050,0
[E3IROSRT-CSV] 3,416,7798320,5100870,0,0,0,0,2632720,0
[E3IROSRT-CSV] 3,417,7863440,5167790,0,0,0,0,2627140,0
[E3IROSRT-CSV] 3,418,7952310,5373610,0,0,0,0,2506480,0
[E3IROSRT-CSV] 3,419,7944720,5404310,0,0,0,0,2469580,0
[E3IROSRT-CSV] 3,420,7940420,5363230,0,0,0,0,2507350,0
[E3IROSRT-CSV] 3,421,7871820,5165140,0,0,0,0,2636090,0
[E3IROSRT-CSV] 3,422,8023030,5480180,0,0,0,0,2472840,0
[E3IROSRT-CSV] 3,423,8051600,5467860,0,0,0,0,2501170,0
[E3IROSRT-CSV] 3,424,7889840,5336090,0,0,0,0,2465120,0
[E3IROSRT-CSV] 3,425,7771910,5075480,0,0,0,0,2627790,0
[E3IROSRT-CSV] 3,426,7788420,5117420,0,0,0,0,2604980,0
[E3IROSRT-CSV] 3,427,7973050,5420050,0,0,0,0,2480440,0
[E3IROSRT-CSV] 3,428,7721170,5069530,0,0,0,0,2586800,0
[E3IROSRT-CSV] 3,429,7816810,5123930,0,0,0,0,2625430,0
[E3IROSRT-CSV] 3,430,7390680,5013000,0,0,0,0,2312840,0
[E3IROSRT-CSV] 3,431,7870180,5199080,0,0,0,0,2604350,0
[E3IROSRT-CSV] 3,432,7785500,5101470,0,0,0,0,2619590,0
[E3IROSRT-CSV] 3,433,7736790,5062270,0,0,0,0,2607550,0
[E3IROSRT-CSV] 3,434,7823870,5144990,0,0,0,0,2611900,0
[E3IROSRT-CSV] 3,435,7942740,5366770,0,0,0,0,2495620,0
[E3IROSRT-CSV] 3,436,8051490,5493240,0,0,0,0,2491320,0
[E3IROSRT-CSV] 3,437,7973040,5448600,0,0,0,0,2453270,0
[E3IROSRT-CSV] 3,438,8055580,5456040,0,0,0,0,2527920,0
[E3IROSRT-CSV] 3,439,7920340,5177380,0,0,0,0,2675080,0
[E3IROSRT-CSV] 3,440,7729580,5061810,0,0,0,0,2601300,0
[E3IROSRT-CSV] 3,441,7781020,5090110,0,0,0,0,2621100,0
[E3IROSRT-CSV] 3,442,7965940,5380130,0,0,0,0,2514620,0
[E3IROSRT-CSV] 3,443,7720760,5059990,0,0,0,0,2595560,0
[E3IROSRT-CSV] 3,444,7421080,5044890,0,0,0,0,2311320,0
[E3IROSRT-CSV] 3,445,8070150,5470760,0,0,0,0,2526410,0
[E3IROSRT-CSV] 3,446,7856390,5126810,0,0,0,0,2655680,0
[E3IROSRT-CSV] 3,447,7890300,5318150,0,0,0,0,2501320,0
[E3IROSRT-CSV] 3,448,7861520,5134020,0,0,0,0,2660470,0
[E3IROSRT-CSV] 3,449,7750610,5061060,0,0,0,0,2621450,0
[E3IROSRT-CSV] 3,450,7713940,5056110,0,0,0,0,2592560,0
[E3IROSRT-CSV] 3,451,7941420,5396500,0,0,0,0,2473380,0
[E3IROSRT-CSV] 3,452,8037930,5471200,0,0,0,0,2495050,0
[E3IROSRT-CSV] 3,453,9068940,5357990,0,0,0,0,3633300,0
[E3IROSRT-CSV] 3,454,8008690,5410950,0,0,0,0,2525680,0
[E3IROSRT-CSV] 3,455,7934740,5397330,0,0,0,0,2466990,0
[E3IROSRT-CSV] 3,456,7973620,5402260,0,0,0,0,2499240,0
[E3IROSRT-CSV] 3,457,7954120,5378460,0,0,0,0,2503450,0
[E3IROSRT-CSV] 3,458,7890680,5351720,0,0,0,0,2467680,0
[E3IROSRT-CSV] 3,459,7734830,5030170,0,0,0,0,2636740,0
[E3IROSRT-CSV] 3,460,8277940,5652370,0,0,0,0,2554140,0
[E3IROSRT-CSV] 3,461,7963860,5403380,0,0,0,0,2491130,0
[E3IROSRT-CSV] 3,462,7934810,5369550,0,0,0,0,2492460,0
[E3IROSRT-CSV] 3,463,7923360,5366180,0,0,0,0,2487370,0
[E3IROSRT-CSV] 3,464,7744040,5089570,0,0,0,0,2587320,0
[E3IROSRT-CSV] 3,465,7911110,5353740,0,0,0,0,2482640,0
[E3IROSRT-CSV] 3,466,7886020,5359690,0,0,0,0,2455920,0
[E3IROSRT-CSV] 3,467,7978930,5394020,0,0,0,0,2514090,0
[E3IROSRT-CSV] 3,468,7958170,5391760,0,0,0,0,2497110,0
[E3IROSRT-CSV] 3,469,7945830,5368230,0,0,0,0,2506750,0
[E3IROSRT-CSV] 3,470,7963290,5406530,0,0,0,0,2485850,0
[E3IROSRT-CSV] 3,471,7761740,5130260,0,0,0,0,2566660,0
[E3IROSRT-CSV] 3,472,8040580,5453040,0,0,0,0,2513220,0
[E3IROSRT-CSV] 3,473,8053660,5516790,0,0,0,0,2462720,0
[E3IROSRT-CSV] 3,474,7905840,5172320,0,0,0,0,2663870,0
[E3IROSRT-CSV] 3,475,8072820,5481930,0,0,0,0,2516440,0
[E3IROSRT-CSV] 3,476,7781270,5092240,0,0,0,0,2619970,0
[E3IROSRT-CSV] 3,477,7367870,5015610,0,0,0,0,2284100,0
[E3IROSRT-CSV] 3,478,7834720,5101260,0,0,0,0,2668360,0
[E3IROSRT-CSV] 3,479,7912940,5356950,0,0,0,0,2485230,0
[E3IROSRT-CSV] 3,480,7952900,5397980,0,0,0,0,2485220,0
[E3IROSRT-CSV] 3,481,7766500,5063270,0,0,0,0,2637800,0
[E3IROSRT-CSV] 3,482,7914260,5386980,0,0,0,0,2454800,0
[E3IROSRT-CSV] 3,483,8014960,5435100,0,0,0,0,2501420,0
[E3IROSRT-CSV] 3,484,7918860,5382220,0,0,0,0,2465600,0
[E3IROSRT-CSV] 3,485,7811130,5135270,0,0,0,0,2605860,0
[E3IROSRT-CSV] 3,486,7334810,4993300,0,0,0,0,2279130,0
[E3IROSRT-CSV] 3,487,8306000,5758650,0,0,0,0,2478160,0
[E3IROSRT-CSV] 3,488,8010460,5364460,0,0,0,0,2576450,0
[E3IROSRT-CSV] 3,489,7890400,5178330,0,0,0,0,2645130,0
[E3IROSRT-CSV] 3,490,7362460,5006280,0,0,0,0,2293300,0
[E3IROSRT-CSV] 3,491,7740790,5065190,0,0,0,0,2609530,0
[E3IROSRT-CSV] 3,492,7871360,5146210,0,0,0,0,2655400,0
[E3IROSRT-CSV] 3,493,7787210,5127740,0,0,0,0,2592200,0
[E3IROSRT-CSV] 3,494,7780820,5100580,0,0,0,0,2613670,0
[E3IROSRT-CSV] 3,495,7908700,5351210,0,0,0,0,2486450,0
[E3IROSRT-CSV] 3,496,7809970,5106090,0,0,0,0,2638120,0
[E3IROSRT-CSV] 3,497,7838850,5330050,0,0,0,0,2437750,0
[E3IROSRT-CSV] 3,498,8099630,5485970,0,0,0,0,2536230,0
[E3IROSRT-CSV] 3,499,7962840,5383400,0,0,0,0,2507480,0
[E3IROSRT-SUMMARY] chain_len=3 e2e_avg=7920282 publish_avg=5270117 sched_avg=2582096

*** FATAL ***
fatal source: 0 (INTERNAL_ERROR_CORE)
fatal code: 5 (INTERNAL_ERROR_THREAD_EXITTED)
RTEMS version: 6.1.0.not-released
RTEMS tools: 13.3.0 20240521 (RTEMS 6, RSB no-repo, Newlib 1b3dcfd)
executing thread ID: 0x0a010001
executing thread name: UI1 
