audio: Device lm4549: audiodev default parameter is deprecated, please specify audiodev=none

RTEMS Shell on /dev/console. Use 'help' to list commands.
SHLL [/] # nexus0: <RTEMS Nexus device>
info: lo0: link state changed to UP
=== Exp2-ROSRT: Task Chain (n=5) NoExecutor ===
Period: 200ms, Rounds: 500
[E2ROSRT-CSV] chain_len,round,e2e_ns,publish_ns,gc_trigger_ns,invoke_cb_ns,getnext_ns,take_data_ns,sched_ns,dispatch_ns
666666
CPP Msg not nullptr
CPP Msg not nullptr
CPP Msg not nullptr
CPP Msg not nullptr
C Msg not NULL
C Msg not NULL
CPP Srv not nullptr
CPP Srv not nullptr
CPP Srv not nullptr
CPP Srv not nullptr
CPP Srv not nullptr
CPP Srv not nullptr
CPP Msg not nullptr
CPP Msg not nullptr
CPP Msg not nullptr
CPP Msg not nullptr
CPP Msg not nullptr
CPP Msg not nullptr
C Msg not NULL
C Msg not NULL
CPP Srv not nullptr
CPP Srv not nullptr
CPP Srv not nullptr
CPP Srv not nullptr
CPP Srv not nullptr
CPP Srv not nullptr
CPP Msg not nullptr
CPP Msg not nullptr
CPP Msg not nullptr
CPP Msg not nullptr
CPP Msg not nullptr
CPP Msg not nullptr
CPP Msg not nullptr
CPP Msg not nullptr
C Msg not NULL
C Msg not NULL
CPP Srv not nullptr
CPP Srv not nullptr
CPP Srv not nullptr
CPP Srv not nullptr
CPP Srv not nullptr
CPP Srv not nullptr
CPP Msg not nullptr
CPP Msg not nullptr
CPP Msg not nullptr
CPP Msg not nullptr
CPP Msg not nullptr
CPP Msg not nullptr
CPP Msg not nullptr
CPP Msg not nullptr
C Msg not NULL
C Msg not NULL
CPP Srv not nullptr
CPP Srv not nullptr
CPP Srv not nullptr
CPP Srv not nullptr
CPP Srv not nullptr
CPP Srv not nullptr
CPP Msg not nullptr
CPP Msg not nullptr
CPP Msg not nullptr
CPP Msg not nullptr
CPP Msg not nullptr
CPP Msg not nullptr
CPP Msg not nullptr
CPP Msg not nullptr
C Msg not NULL
C Msg not NULL
CPP Srv not nullptr
CPP Srv not nullptr
CPP Srv not nullptr
CPP Srv not nullptr
CPP Srv not nullptr
CPP Srv not nullptr
CPP Msg not nullptr
CPP Msg not nullptr
CPP Msg not nullptr
CPP Msg not nullptr
CPP Msg not nullptr
CPP Msg not nullptr
[E2ROSRT-CSV] 5,10,4576960,3069390,0,0,0,0,1431140,0
[E2ROSRT-CSV] 5,11,4684300,2841800,0,0,0,0,1759870,0
[E2ROSRT-CSV] 5,12,4819250,2837600,0,0,0,0,1896000,0
[E2ROSRT-CSV] 5,13,4736230,2821950,0,0,0,0,1818750,0
[E2ROSRT-CSV] 5,14,5218700,3386000,0,0,0,0,1745110,0
[E2ROSRT-CSV] 5,15,4819970,2857240,0,0,0,0,1696070,0
[E2ROSRT-CSV] 5,16,4558180,3101810,0,0,0,0,1379740,0
[E2ROSRT-CSV] 5,17,4813400,2863930,0,0,0,0,1852960,0
[E2ROSRT-CSV] 5,18,4647700,2795460,0,0,0,0,1770470,0
[E2ROSRT-CSV] 5,19,4566290,3092310,0,0,0,0,1395590,0
[E2ROSRT-CSV] 5,20,4512580,3055550,0,0,0,0,1379620,0
[E2ROSRT-CSV] 5,21,4344770,3060730,0,0,0,0,1209350,0
[E2ROSRT-CSV] 5,22,4729020,2826830,0,0,0,0,1805820,0
[E2ROSRT-CSV] 5,23,4664700,2787720,0,0,0,0,1777710,0
[E2ROSRT-CSV] 5,24,4714260,2860330,0,0,0,0,1606550,0
[E2ROSRT-CSV] 5,25,4641330,2812760,0,0,0,0,1745580,0
[E2ROSRT-CSV] 5,26,4575310,3117700,0,0,0,0,1380150,0
[E2ROSRT-CSV] 5,27,4371350,3083620,0,0,0,0,1208910,0
[E2ROSRT-CSV] 5,28,4601020,3119370,0,0,0,0,1400660,0
[E2ROSRT-CSV] 5,29,4403940,3087630,0,0,0,0,1238310,0
[E2ROSRT-CSV] 5,30,4658850,3002770,0,0,0,0,1574970,0
[E2ROSRT-CSV] 5,31,4446210,3141310,0,0,0,0,1217540,0
[E2ROSRT-CSV] 5,32,4888510,3134170,0,0,0,0,1656530,0
[E2ROSRT-CSV] 5,33,4618640,2955620,0,0,0,0,1581810,0
[E2ROSRT-CSV] 5,34,4752110,2844990,0,0,0,0,1818490,0
[E2ROSRT-CSV] 5,35,4717780,2841080,0,0,0,0,1794580,0
[E2ROSRT-CSV] 5,36,4378910,3078040,0,0,0,0,1219870,0
[E2ROSRT-CSV] 5,37,4682850,2834570,0,0,0,0,1761750,0
[E2ROSRT-CSV] 5,38,5051210,3402170,0,0,0,0,1566070,0
[E2ROSRT-CSV] 5,39,8926030,6121600,0,0,0,0,2384330,0
[E2ROSRT-CSV] 5,40,4877910,2660030,0,0,0,0,1963120,0
[E2ROSRT-CSV] 5,41,4303820,3003820,0,0,0,0,1225770,0
[E2ROSRT-CSV] 5,42,4690560,2831030,0,0,0,0,1615200,0
[E2ROSRT-CSV] 5,43,4912870,3352470,0,0,0,0,1479390,0
[E2ROSRT-CSV] 5,44,5180260,3270190,0,0,0,0,1813240,0
[E2ROSRT-CSV] 5,45,4990320,3206180,0,0,0,0,1702020,0
[E2ROSRT-CSV] 5,46,4705040,2813510,0,0,0,0,1810560,0
[E2ROSRT-CSV] 5,47,4816600,2864890,0,0,0,0,1863380,0
[E2ROSRT-CSV] 5,48,4728870,2846260,0,0,0,0,1631230,0
[E2ROSRT-CSV] 5,49,4715280,2837340,0,0,0,0,1793860,0
[E2ROSRT-CSV] 5,50,4777610,3061140,0,0,0,0,1635710,0
[E2ROSRT-CSV] 5,51,4683270,2963680,0,0,0,0,1456320,0
[E2ROSRT-CSV] 5,52,4402930,3096860,0,0,0,0,1228030,0
[E2ROSRT-CSV] 5,53,4550990,2937770,0,0,0,0,1373670,0
[E2ROSRT-CSV] 5,54,4635850,2806600,0,0,0,0,1735710,0
[E2ROSRT-CSV] 5,55,4631860,3131420,0,0,0,0,1420150,0
[E2ROSRT-CSV] 5,56,4620190,2962140,0,0,0,0,1566800,0
[E2ROSRT-CSV] 5,57,4647790,2809770,0,0,0,0,1756660,0
[E2ROSRT-CSV] 5,58,4675440,3141460,0,0,0,0,1449250,0
[E2ROSRT-CSV] 5,59,4568310,2775630,0,0,0,0,1711030,0
[E2ROSRT-CSV] 5,60,4349590,3055960,0,0,0,0,1217780,0
[E2ROSRT-CSV] 5,61,4550080,2758140,0,0,0,0,1546260,0
[E2ROSRT-CSV] 5,62,4690820,2610340,0,0,0,0,1814990,0
[E2ROSRT-CSV] 5,63,5059610,3387640,0,0,0,0,1595260,0
[E2ROSRT-CSV] 5,64,5054870,3238790,0,0,0,0,1568150,0
[E2ROSRT-CSV] 5,65,4604250,2954760,0,0,0,0,1570880,0
[E2ROSRT-CSV] 5,66,5017760,3362580,0,0,0,0,1567610,0
[E2ROSRT-CSV] 5,67,4611800,2952960,0,0,0,0,1577510,0
[E2ROSRT-CSV] 5,68,4379890,3070810,0,0,0,0,1231790,0
[E2ROSRT-CSV] 5,69,4555010,3083550,0,0,0,0,1393160,0
[E2ROSRT-CSV] 5,70,4647660,2806830,0,0,0,0,1757300,0
[E2ROSRT-CSV] 5,71,4649170,3149980,0,0,0,0,1418830,0
[E2ROSRT-CSV] 5,72,4741980,2846110,0,0,0,0,1811860,0
[E2ROSRT-CSV] 5,73,4618520,2948880,0,0,0,0,1588430,0
[E2ROSRT-CSV] 5,74,4671320,2804250,0,0,0,0,1775110,0
[E2ROSRT-CSV] 5,75,4643760,2800900,0,0,0,0,1762320,0
[E2ROSRT-CSV] 5,76,4629550,2797810,0,0,0,0,1747460,0
[E2ROSRT-CSV] 5,77,4704950,2667330,0,0,0,0,1784620,0
[E2ROSRT-CSV] 5,78,4609930,2946730,0,0,0,0,1585940,0
[E2ROSRT-CSV] 5,79,4622180,2971350,0,0,0,0,1570480,0
[E2ROSRT-CSV] 5,80,4600400,2763040,0,0,0,0,1755160,0
[E2ROSRT-CSV] 5,81,4775530,3188840,0,0,0,0,1511910,0
[E2ROSRT-CSV] 5,82,4396410,3102020,0,0,0,0,1215750,0
[E2ROSRT-CSV] 5,83,4614190,2965120,0,0,0,0,1569800,0
[E2ROSRT-CSV] 5,84,4623820,2943320,0,0,0,0,1599290,0
[E2ROSRT-CSV] 5,85,4827160,2910680,0,0,0,0,1831150,0
[E2ROSRT-CSV] 5,86,4646800,2785880,0,0,0,0,1777700,0
[E2ROSRT-CSV] 5,87,4642730,2660020,0,0,0,0,1888920,0
[E2ROSRT-CSV] 5,88,4329440,3038310,0,0,0,0,1213830,0
[E2ROSRT-CSV] 5,89,4788180,2926150,0,0,0,0,1777990,0
[E2ROSRT-CSV] 5,90,4631930,2784700,0,0,0,0,1760550,0
[E2ROSRT-CSV] 5,91,4580840,3096880,0,0,0,0,1405390,0
[E2ROSRT-CSV] 5,92,4765480,2713680,0,0,0,0,1963130,0
[E2ROSRT-CSV] 5,93,4416780,3095850,0,0,0,0,1244870,0
[E2ROSRT-CSV] 5,94,5054660,3390450,0,0,0,0,1580560,0
[E2ROSRT-CSV] 5,95,4339000,3046490,0,0,0,0,1214400,0
[E2ROSRT-CSV] 5,96,4615600,2784940,0,0,0,0,1749630,0
[E2ROSRT-CSV] 5,97,4345540,3070030,0,0,0,0,1198550,0
[E2ROSRT-CSV] 5,98,4574080,3104670,0,0,0,0,1394390,0
[E2ROSRT-CSV] 5,99,4610890,2636630,0,0,0,0,1868010,0
[E2ROSRT-CSV] 5,100,4579130,2766220,0,0,0,0,1731770,0
[E2ROSRT-CSV] 5,101,4656550,2798960,0,0,0,0,1774100,0
[E2ROSRT-CSV] 5,102,4393960,3088510,0,0,0,0,1227700,0
[E2ROSRT-CSV] 5,103,4503980,2554470,0,0,0,0,1866700,0
[E2ROSRT-CSV] 5,104,4642590,2681550,0,0,0,0,1867270,0
[E2ROSRT-CSV] 5,105,4716250,2838210,0,0,0,0,1792460,0
[E2ROSRT-CSV] 5,106,5076720,3672300,0,0,0,0,1324170,0
[E2ROSRT-CSV] 5,107,4687650,2824340,0,0,0,0,1776820,0
[E2ROSRT-CSV] 5,108,4613050,3132460,0,0,0,0,1402800,0
[E2ROSRT-CSV] 5,109,4602670,2954170,0,0,0,0,1569300,0
[E2ROSRT-CSV] 5,110,5001730,3486720,0,0,0,0,1434780,0
[E2ROSRT-CSV] 5,111,4606880,2774890,0,0,0,0,1751340,0
[E2ROSRT-CSV] 5,112,4722980,2888380,0,0,0,0,1751340,0
[E2ROSRT-CSV] 5,113,4651020,3205800,0,0,0,0,1368120,0
[E2ROSRT-CSV] 5,114,4693400,2845340,0,0,0,0,1763980,0
[E2ROSRT-CSV] 5,115,4601060,2665740,0,0,0,0,1840680,0
[E2ROSRT-CSV] 5,116,4647490,2967400,0,0,0,0,1597820,0
[E2ROSRT-CSV] 5,117,4641500,2808530,0,0,0,0,1748690,0
[E2ROSRT-CSV] 5,118,4627370,2555430,0,0,0,0,1987910,0
[E2ROSRT-CSV] 5,119,4699100,2832410,0,0,0,0,1775840,0
[E2ROSRT-CSV] 5,120,4623790,2960230,0,0,0,0,1584860,0
[E2ROSRT-CSV] 5,121,4649830,2831140,0,0,0,0,1734530,0
[E2ROSRT-CSV] 5,122,4910570,3294190,0,0,0,0,1491810,0
[E2ROSRT-CSV] 5,123,4676350,2549540,0,0,0,0,2044570,0
[E2ROSRT-CSV] 5,124,7475200,4635380,0,0,0,0,2677970,0
[E2ROSRT-CSV] 5,125,5125300,3470190,0,0,0,0,1567850,0
[E2ROSRT-CSV] 5,126,4725530,3003330,0,0,0,0,1632340,0
[E2ROSRT-CSV] 5,127,4383810,3075930,0,0,0,0,1227070,0
[E2ROSRT-CSV] 5,128,4625950,2946150,0,0,0,0,1599330,0
[E2ROSRT-CSV] 5,129,4663330,2804760,0,0,0,0,1772730,0
[E2ROSRT-CSV] 5,130,4808620,2924310,0,0,0,0,1783360,0
[E2ROSRT-CSV] 5,131,4550020,3079760,0,0,0,0,1393040,0
[E2ROSRT-CSV] 5,132,4638270,2790840,0,0,0,0,1764550,0
[E2ROSRT-CSV] 5,133,4440430,2953930,0,0,0,0,1407220,0
[E2ROSRT-CSV] 5,134,4576800,2932160,0,0,0,0,1399070,0
[E2ROSRT-CSV] 5,135,4813840,3065200,0,0,0,0,1651570,0
[E2ROSRT-CSV] 5,136,4586390,3099230,0,0,0,0,1407390,0
[E2ROSRT-CSV] 5,137,4746110,2861180,0,0,0,0,1796880,0
[E2ROSRT-CSV] 5,138,4606280,3103820,0,0,0,0,1424520,0
[E2ROSRT-CSV] 5,139,4702170,2827280,0,0,0,0,1783790,0
[E2ROSRT-CSV] 5,140,4593250,3111100,0,0,0,0,1402720,0
[E2ROSRT-CSV] 5,141,4655210,2809420,0,0,0,0,1760120,0
[E2ROSRT-CSV] 5,142,4708070,2695830,0,0,0,0,1906140,0
[E2ROSRT-CSV] 5,143,4678130,2667380,0,0,0,0,1911100,0
[E2ROSRT-CSV] 5,144,4661790,2791130,0,0,0,0,1387220,0
[E2ROSRT-CSV] 5,145,4740200,2717870,0,0,0,0,1911080,0
[E2ROSRT-CSV] 5,146,4401400,3093490,0,0,0,0,1228970,0
[E2ROSRT-CSV] 5,147,4286750,3001920,0,0,0,0,1207530,0
[E2ROSRT-CSV] 5,148,4724510,2657800,0,0,0,0,1869200,0
[E2ROSRT-CSV] 5,149,4664940,2688280,0,0,0,0,1868200,0
[E2ROSRT-CSV] 5,150,4605780,3105730,0,0,0,0,1421340,0
[E2ROSRT-CSV] 5,151,4608320,3126400,0,0,0,0,1404120,0
[E2ROSRT-CSV] 5,152,5153980,3191720,0,0,0,0,1872250,0
[E2ROSRT-CSV] 5,153,4802270,2703180,0,0,0,0,1899720,0
[E2ROSRT-CSV] 5,154,4491220,3113910,0,0,0,0,1282760,0
[E2ROSRT-CSV] 5,155,4347330,3060510,0,0,0,0,1207050,0
[E2ROSRT-CSV] 5,156,4352930,3043610,0,0,0,0,1230340,0
[E2ROSRT-CSV] 5,157,4918850,2922040,0,0,0,0,1794740,0
[E2ROSRT-CSV] 5,158,4788500,2642580,0,0,0,0,1935930,0
[E2ROSRT-CSV] 5,159,4495500,3127540,0,0,0,0,1277030,0
[E2ROSRT-CSV] 5,160,8483070,5053090,0,0,0,0,3277210,0
[E2ROSRT-CSV] 5,161,4695730,3005090,0,0,0,0,1596390,0
[E2ROSRT-CSV] 5,162,5316820,3644960,0,0,0,0,1541200,0
[E2ROSRT-CSV] 5,163,4943590,3019660,0,0,0,0,1824130,0
[E2ROSRT-CSV] 5,164,4704740,2827260,0,0,0,0,1794260,0
[E2ROSRT-CSV] 5,165,4624350,2939520,0,0,0,0,1605620,0
[E2ROSRT-CSV] 5,166,4587600,2754810,0,0,0,0,1566990,0
[E2ROSRT-CSV] 5,167,4746510,2864490,0,0,0,0,1797760,0
[E2ROSRT-CSV] 5,168,4383910,3065340,0,0,0,0,1244420,0
[E2ROSRT-CSV] 5,169,4656340,2691110,0,0,0,0,1861680,0
[E2ROSRT-CSV] 5,170,4642970,2954890,0,0,0,0,1604530,0
[E2ROSRT-CSV] 5,171,4664180,2819840,0,0,0,0,1757460,0
[E2ROSRT-CSV] 5,172,4387070,3071710,0,0,0,0,1235100,0
[E2ROSRT-CSV] 5,173,4659190,2972740,0,0,0,0,1606550,0
[E2ROSRT-CSV] 5,174,4693520,2805970,0,0,0,0,1804270,0
[E2ROSRT-CSV] 5,175,4577030,3217680,0,0,0,0,1269260,0
[E2ROSRT-CSV] 5,176,4656160,2795710,0,0,0,0,1778960,0
[E2ROSRT-CSV] 5,177,4585720,3119820,0,0,0,0,1389010,0
[E2ROSRT-CSV] 5,178,4586500,3097210,0,0,0,0,1414400,0
[E2ROSRT-CSV] 5,179,4582550,3109330,0,0,0,0,1397620,0
[E2ROSRT-CSV] 5,180,4651440,2945150,0,0,0,0,1441540,0
[E2ROSRT-CSV] 5,181,4370710,3053120,0,0,0,0,1235700,0
[E2ROSRT-CSV] 5,182,4804670,2903350,0,0,0,0,1812780,0
[E2ROSRT-CSV] 5,183,4611310,2940300,0,0,0,0,1593630,0
[E2ROSRT-CSV] 5,184,4362890,3057290,0,0,0,0,1221930,0
[E2ROSRT-CSV] 5,185,4672820,3305260,0,0,0,0,1274520,0
[E2ROSRT-CSV] 5,186,5331430,3269500,0,0,0,0,1855840,0
[E2ROSRT-CSV] 5,187,4652670,2805790,0,0,0,0,1764080,0
[E2ROSRT-CSV] 5,188,4337820,3032470,0,0,0,0,1229250,0
[E2ROSRT-CSV] 5,189,4613510,2786100,0,0,0,0,1745500,0
[E2ROSRT-CSV] 5,190,4656450,2803890,0,0,0,0,1770340,0
[E2ROSRT-CSV] 5,191,4566820,3082070,0,0,0,0,1409150,0
[E2ROSRT-CSV] 5,192,4368270,3052230,0,0,0,0,1239990,0
[E2ROSRT-CSV] 5,193,4552930,3067010,0,0,0,0,1410910,0
[E2ROSRT-CSV] 5,194,4612370,2942760,0,0,0,0,1590980,0
[E2ROSRT-CSV] 5,195,4671630,2809420,0,0,0,0,1610750,0
[E2ROSRT-CSV] 5,196,4542630,2905980,0,0,0,0,1388730,0
[E2ROSRT-CSV] 5,197,4612070,2943260,0,0,0,0,1579760,0
[E2ROSRT-CSV] 5,198,4657640,2963960,0,0,0,0,1593100,0
[E2ROSRT-CSV] 5,199,4579660,3077330,0,0,0,0,1404840,0
[E2ROSRT-CSV] 5,200,4336490,3032410,0,0,0,0,1226230,0
[E2ROSRT-CSV] 5,201,4574860,3072480,0,0,0,0,1409170,0
[E2ROSRT-CSV] 5,202,4636480,2796270,0,0,0,0,1756300,0
[E2ROSRT-CSV] 5,203,4601140,3095030,0,0,0,0,1430070,0
[E2ROSRT-CSV] 5,204,4614050,3095770,0,0,0,0,1421870,0
[E2ROSRT-CSV] 5,205,4576280,2773680,0,0,0,0,1721150,0
[E2ROSRT-CSV] 5,206,4629470,2928630,0,0,0,0,1601360,0
[E2ROSRT-CSV] 5,207,4527170,2537540,0,0,0,0,1900110,0
[E2ROSRT-CSV] 5,208,4360070,3017750,0,0,0,0,1250700,0
[E2ROSRT-CSV] 5,209,4648930,3136540,0,0,0,0,1434190,0
[E2ROSRT-CSV] 5,210,4644630,2943580,0,0,0,0,1434080,0
[E2ROSRT-CSV] 5,211,4631070,3125710,0,0,0,0,1412980,0
[E2ROSRT-CSV] 5,212,4874270,3158420,0,0,0,0,1622580,0
[E2ROSRT-CSV] 5,213,4680360,3027040,0,0,0,0,1575760,0
[E2ROSRT-CSV] 5,214,4594000,3220390,0,0,0,0,1280620,0
[E2ROSRT-CSV] 5,215,4682270,2828410,0,0,0,0,1769330,0
[E2ROSRT-CSV] 5,216,4587610,3085610,0,0,0,0,1423210,0
[E2ROSRT-CSV] 5,217,4433930,3108610,0,0,0,0,1232980,0
[E2ROSRT-CSV] 5,218,4649870,2794390,0,0,0,0,1758800,0
[E2ROSRT-CSV] 5,219,4606790,3106380,0,0,0,0,1423330,0
[E2ROSRT-CSV] 5,220,4589530,3082810,0,0,0,0,1430200,0
[E2ROSRT-CSV] 5,221,4624900,2944290,0,0,0,0,1600730,0
[E2ROSRT-CSV] 5,222,4634350,2776900,0,0,0,0,1753990,0
[E2ROSRT-CSV] 5,223,4641460,2974420,0,0,0,0,1587420,0
[E2ROSRT-CSV] 5,224,4608530,3102470,0,0,0,0,1429840,0
[E2ROSRT-CSV] 5,225,4643440,2796650,0,0,0,0,1754000,0
[E2ROSRT-CSV] 5,226,4395920,3059450,0,0,0,0,1262210,0
[E2ROSRT-CSV] 5,227,4738420,2804560,0,0,0,0,1829210,0
[E2ROSRT-CSV] 5,228,4406910,3068470,0,0,0,0,1263080,0
[E2ROSRT-CSV] 5,229,4323490,3009490,0,0,0,0,1238880,0
[E2ROSRT-CSV] 5,230,4339150,3023820,0,0,0,0,1240020,0
[E2ROSRT-CSV] 5,231,4374150,3046420,0,0,0,0,1252710,0
[E2ROSRT-CSV] 5,232,4572100,3078890,0,0,0,0,1414520,0
[E2ROSRT-CSV] 5,233,4690340,2811050,0,0,0,0,1779350,0
[E2ROSRT-CSV] 5,234,4422600,3071030,0,0,0,0,1275150,0
[E2ROSRT-CSV] 5,235,4459040,3138370,0,0,0,0,1241170,0
[E2ROSRT-CSV] 5,236,4637990,3104520,0,0,0,0,1455120,0
[E2ROSRT-CSV] 5,237,4379200,3039910,0,0,0,0,1263860,0
[E2ROSRT-CSV] 5,238,4697880,3003150,0,0,0,0,1614620,0
[E2ROSRT-CSV] 5,239,4760800,2729300,0,0,0,0,1773100,0
[E2ROSRT-CSV] 5,240,4474740,3121750,0,0,0,0,1262690,0
[E2ROSRT-CSV] 5,241,5099110,3285880,0,0,0,0,1437160,0
[E2ROSRT-CSV] 5,242,4621890,2758460,0,0,0,0,1764130,0
[E2ROSRT-CSV] 5,243,4660450,2786420,0,0,0,0,1611260,0
[E2ROSRT-CSV] 5,244,4362240,3066170,0,0,0,0,1206850,0
[E2ROSRT-CSV] 5,245,4378980,3082870,0,0,0,0,1207750,0
[E2ROSRT-CSV] 5,246,4653210,2965210,0,0,0,0,1607570,0
[E2ROSRT-CSV] 5,247,4347070,3023310,0,0,0,0,1249570,0
[E2ROSRT-CSV] 5,248,4397670,3048940,0,0,0,0,1274070,0
[E2ROSRT-CSV] 5,249,4944040,3079300,0,0,0,0,1768960,0
[E2ROSRT-CSV] 5,250,4628260,3089830,0,0,0,0,1458370,0
[E2ROSRT-CSV] 5,251,4714140,2829950,0,0,0,0,1783410,0
[E2ROSRT-CSV] 5,252,4674060,2958910,0,0,0,0,1636080,0
[E2ROSRT-CSV] 5,253,4388550,3051380,0,0,0,0,1260280,0
[E2ROSRT-CSV] 5,254,4417310,3073000,0,0,0,0,1267100,0
[E2ROSRT-CSV] 5,255,4450070,2502070,0,0,0,0,1866120,0
[E2ROSRT-CSV] 5,256,4660330,2961250,0,0,0,0,1619390,0
[E2ROSRT-CSV] 5,257,4666460,2810230,0,0,0,0,1766950,0
[E2ROSRT-CSV] 5,258,4636190,2785630,0,0,0,0,1767300,0
[E2ROSRT-CSV] 5,259,4562640,2886560,0,0,0,0,1437100,0
[E2ROSRT-CSV] 5,260,4610450,2761870,0,0,0,0,1764880,0
[E2ROSRT-CSV] 5,261,4635780,2782260,0,0,0,0,1772950,0
[E2ROSRT-CSV] 5,262,4871030,3125810,0,0,0,0,1651520,0
[E2ROSRT-CSV] 5,263,4925370,3361850,0,0,0,0,1482600,0
[E2ROSRT-CSV] 5,264,4729690,3209430,0,0,0,0,1441360,0
[E2ROSRT-CSV] 5,265,4590440,3070970,0,0,0,0,1440200,0
[E2ROSRT-CSV] 5,266,4847720,2954860,0,0,0,0,1807700,0
[E2ROSRT-CSV] 5,267,4940550,3073920,0,0,0,0,1781940,0
[E2ROSRT-CSV] 5,268,4637350,3118170,0,0,0,0,1442330,0
[E2ROSRT-CSV] 5,269,4595890,3099510,0,0,0,0,1418790,0
[E2ROSRT-CSV] 5,270,4682180,2806680,0,0,0,0,1791620,0
[E2ROSRT-CSV] 5,271,4629310,2930680,0,0,0,0,1618070,0
[E2ROSRT-CSV] 5,272,4784340,2857800,0,0,0,0,1821120,0
[E2ROSRT-CSV] 5,273,4958130,3036000,0,0,0,0,1841280,0
[E2ROSRT-CSV] 5,274,4657300,2947750,0,0,0,0,1629210,0
[E2ROSRT-CSV] 5,275,4615470,2927160,0,0,0,0,1606160,0
[E2ROSRT-CSV] 5,276,4595250,3084380,0,0,0,0,1431570,0
[E2ROSRT-CSV] 5,277,4548460,3062470,0,0,0,0,1407470,0
[E2ROSRT-CSV] 5,278,4562700,3055150,0,0,0,0,1429130,0
[E2ROSRT-CSV] 5,279,4389740,3064070,0,0,0,0,1249230,0
[E2ROSRT-CSV] 5,280,4591020,3081430,0,0,0,0,1419480,0
[E2ROSRT-CSV] 5,281,4589500,3075170,0,0,0,0,1435130,0
[E2ROSRT-CSV] 5,282,4563980,3066960,0,0,0,0,1420280,0
[E2ROSRT-CSV] 5,283,4628920,2773710,0,0,0,0,1772980,0
[E2ROSRT-CSV] 5,284,4320310,3000020,0,0,0,0,1242400,0
[E2ROSRT-CSV] 5,285,4672950,2798780,0,0,0,0,1784220,0
[E2ROSRT-CSV] 5,286,4465320,2980490,0,0,0,0,1405210,0
[E2ROSRT-CSV] 5,287,4701960,2815870,0,0,0,0,1801370,0
[E2ROSRT-CSV] 5,288,4592200,3077710,0,0,0,0,1429950,0
[E2ROSRT-CSV] 5,289,4338810,3030740,0,0,0,0,1230670,0
[E2ROSRT-CSV] 5,290,4333890,3014230,0,0,0,0,1243780,0
[E2ROSRT-CSV] 5,291,4649880,2941500,0,0,0,0,1628080,0
[E2ROSRT-CSV] 5,292,4667130,2974910,0,0,0,0,1447450,0
[E2ROSRT-CSV] 5,293,4587300,3078320,0,0,0,0,1429910,0
[E2ROSRT-CSV] 5,294,4390500,3062990,0,0,0,0,1245510,0
[E2ROSRT-CSV] 5,295,4377270,3052940,0,0,0,0,1251110,0
[E2ROSRT-CSV] 5,296,4628590,3083290,0,0,0,0,1465970,0
[E2ROSRT-CSV] 5,297,4676290,2970690,0,0,0,0,1470410,0
[E2ROSRT-CSV] 5,298,4351250,3043310,0,0,0,0,1230800,0
[E2ROSRT-CSV] 5,299,4631420,2933970,0,0,0,0,1608330,0
[E2ROSRT-CSV] 5,300,4396130,3069090,0,0,0,0,1250420,0
[E2ROSRT-CSV] 5,301,4636260,3095810,0,0,0,0,1453350,0
[E2ROSRT-CSV] 5,302,4622460,2616420,0,0,0,0,1917170,0
[E2ROSRT-CSV] 5,303,4664380,2793700,0,0,0,0,1621320,0
[E2ROSRT-CSV] 5,304,4599850,3082190,0,0,0,0,1439840,0
[E2ROSRT-CSV] 5,305,4554890,3060580,0,0,0,0,1415940,0
[E2ROSRT-CSV] 5,306,4390090,3054600,0,0,0,0,1258600,0
[E2ROSRT-CSV] 5,307,4597360,3076510,0,0,0,0,1436380,0
[E2ROSRT-CSV] 5,308,4637050,2764750,0,0,0,0,1786230,0
[E2ROSRT-CSV] 5,309,4680010,2802120,0,0,0,0,1793280,0
[E2ROSRT-CSV] 5,310,4646800,2748110,0,0,0,0,1808520,0
[E2ROSRT-CSV] 5,311,4423870,3117730,0,0,0,0,1212710,0
[E2ROSRT-CSV] 5,312,4663040,2794980,0,0,0,0,1784900,0
[E2ROSRT-CSV] 5,313,4789550,2863140,0,0,0,0,1841330,0
[E2ROSRT-CSV] 5,314,5034540,3322540,0,0,0,0,1618470,0
[E2ROSRT-CSV] 5,315,4775130,2830510,0,0,0,0,1862790,0
[E2ROSRT-CSV] 5,316,4388360,3028300,0,0,0,0,1272110,0
[E2ROSRT-CSV] 5,317,4595640,2586600,0,0,0,0,1923190,0
[E2ROSRT-CSV] 5,318,6289110,4103830,0,0,0,0,2046720,0
[E2ROSRT-CSV] 5,319,4585110,3069230,0,0,0,0,1440350,0
[E2ROSRT-CSV] 5,320,4693350,2843530,0,0,0,0,1760990,0
[E2ROSRT-CSV] 5,321,4591560,3072570,0,0,0,0,1442770,0
[E2ROSRT-CSV] 5,322,4370770,3038060,0,0,0,0,1254730,0
[E2ROSRT-CSV] 5,323,4357200,3031930,0,0,0,0,1246770,0
[E2ROSRT-CSV] 5,324,4216980,2963360,0,0,0,0,1181110,0
[E2ROSRT-CSV] 5,325,4342340,3023140,0,0,0,0,1240100,0
[E2ROSRT-CSV] 5,326,4330120,3052270,0,0,0,0,1202680,0
[E2ROSRT-CSV] 5,327,4285570,3002010,0,0,0,0,1207890,0
[E2ROSRT-CSV] 5,328,4943440,3049460,0,0,0,0,1812860,0
[E2ROSRT-CSV] 5,329,4824950,2936130,0,0,0,0,1807770,0
[E2ROSRT-CSV] 5,330,4673720,2972260,0,0,0,0,1621560,0
[E2ROSRT-CSV] 5,331,4681060,2980230,0,0,0,0,1615360,0
[E2ROSRT-CSV] 5,332,4788880,2857030,0,0,0,0,1848760,0
[E2ROSRT-CSV] 5,333,4664410,2943720,0,0,0,0,1641100,0
[E2ROSRT-CSV] 5,334,4362070,3033480,0,0,0,0,1251290,0
[E2ROSRT-CSV] 5,335,4619320,2565520,0,0,0,0,1973650,0
[E2ROSRT-CSV] 5,336,4708050,3001800,0,0,0,0,1624190,0
[E2ROSRT-CSV] 5,337,4666300,2978280,0,0,0,0,1448250,0
[E2ROSRT-CSV] 5,338,4658180,3135310,0,0,0,0,1446360,0
[E2ROSRT-CSV] 5,339,4702740,2794520,0,0,0,0,1823690,0
[E2ROSRT-CSV] 5,340,4596850,2927460,0,0,0,0,1434640,0
[E2ROSRT-CSV] 5,341,4698650,2805890,0,0,0,0,1807890,0
[E2ROSRT-CSV] 5,342,4500500,2458890,0,0,0,0,1937680,0
[E2ROSRT-CSV] 5,343,4667530,2971490,0,0,0,0,1616320,0
[E2ROSRT-CSV] 5,344,4321860,3042590,0,0,0,0,1201830,0
[E2ROSRT-CSV] 5,345,4355360,3082220,0,0,0,0,1197360,0
[E2ROSRT-CSV] 5,346,5069280,3666210,0,0,0,0,1314550,0
[E2ROSRT-CSV] 5,347,4709970,2814440,0,0,0,0,1809510,0
[E2ROSRT-CSV] 5,348,4633680,3104480,0,0,0,0,1453490,0
[E2ROSRT-CSV] 5,349,4620400,2790180,0,0,0,0,1747970,0
[E2ROSRT-CSV] 5,350,4638090,3111550,0,0,0,0,1447760,0
[E2ROSRT-CSV] 5,351,4664700,2801710,0,0,0,0,1779720,0
[E2ROSRT-CSV] 5,352,4615160,3098880,0,0,0,0,1438090,0
[E2ROSRT-CSV] 5,353,4599270,2916900,0,0,0,0,1441160,0
[E2ROSRT-CSV] 5,354,4681780,2806860,0,0,0,0,1792840,0
[E2ROSRT-CSV] 5,355,4563030,2894770,0,0,0,0,1588010,0
[E2ROSRT-CSV] 5,356,4740520,2837590,0,0,0,0,1818740,0
[E2ROSRT-CSV] 5,357,4662270,2962220,0,0,0,0,1619320,0
[E2ROSRT-CSV] 5,358,4599140,3093300,0,0,0,0,1419190,0
[E2ROSRT-CSV] 5,359,4579400,3076310,0,0,0,0,1412950,0
[E2ROSRT-CSV] 5,360,4621050,2780440,0,0,0,0,1756950,0
[E2ROSRT-CSV] 5,361,4647790,2945570,0,0,0,0,1620810,0
[E2ROSRT-CSV] 5,362,4744090,2667980,0,0,0,0,1988550,0
[E2ROSRT-CSV] 5,363,4580900,2740940,0,0,0,0,1758910,0
[E2ROSRT-CSV] 5,364,4742920,2868950,0,0,0,0,1792760,0
[E2ROSRT-CSV] 5,365,4493490,3032700,0,0,0,0,1380610,0
[E2ROSRT-CSV] 5,366,4609790,3108570,0,0,0,0,1424570,0
[E2ROSRT-CSV] 5,367,4624420,2776240,0,0,0,0,1598780,0
[E2ROSRT-CSV] 5,368,4640370,3120510,0,0,0,0,1443890,0
[E2ROSRT-CSV] 5,369,2173660,1482090,0,0,0,0,650530,0
[E2ROSRT-CSV] 5,370,4621480,2772300,0,0,0,0,1766600,0
[E2ROSRT-CSV] 5,371,4548580,2531300,0,0,0,0,1934760,0
[E2ROSRT-CSV] 5,372,4514370,2495390,0,0,0,0,1939770,0
[E2ROSRT-CSV] 5,373,5038640,3483390,0,0,0,0,1469730,0
[E2ROSRT-CSV] 5,374,4627850,2949630,0,0,0,0,1589750,0
[E2ROSRT-CSV] 5,375,4477700,2490130,0,0,0,0,1897950,0
[E2ROSRT-CSV] 5,376,4676620,2975110,0,0,0,0,1619740,0
[E2ROSRT-CSV] 5,377,4726530,2820940,0,0,0,0,1819560,0
[E2ROSRT-CSV] 5,378,4604780,3103220,0,0,0,0,1413700,0
[E2ROSRT-CSV] 5,379,4667490,2961810,0,0,0,0,1608750,0
[E2ROSRT-CSV] 5,380,4643240,2972160,0,0,0,0,1590450,0
[E2ROSRT-CSV] 5,381,4645380,2962420,0,0,0,0,1590800,0
[E2ROSRT-CSV] 5,382,4593490,3106820,0,0,0,0,1410810,0
[E2ROSRT-CSV] 5,383,4695350,2796990,0,0,0,0,1815680,0
[E2ROSRT-CSV] 5,384,4676030,2987020,0,0,0,0,1608670,0
[E2ROSRT-CSV] 5,385,4636840,2948420,0,0,0,0,1608970,0
[E2ROSRT-CSV] 5,386,4964010,3179190,0,0,0,0,1702180,0
[E2ROSRT-CSV] 5,387,4753320,3015590,0,0,0,0,1660030,0
[E2ROSRT-CSV] 5,388,4689100,2801290,0,0,0,0,1805880,0
[E2ROSRT-CSV] 5,389,4488400,3148560,0,0,0,0,1246170,0
[E2ROSRT-CSV] 5,390,4316650,3043690,0,0,0,0,1194870,0
[E2ROSRT-CSV] 5,391,4703180,2807080,0,0,0,0,1812370,0
[E2ROSRT-CSV] 5,392,4991160,3150070,0,0,0,0,1751380,0
[E2ROSRT-CSV] 5,393,4565660,3242690,0,0,0,0,1239610,0
[E2ROSRT-CSV] 5,394,4566120,3074410,0,0,0,0,1412000,0
[E2ROSRT-CSV] 5,395,4313050,3034530,0,0,0,0,1197040,0
[E2ROSRT-CSV] 5,396,4663780,2813070,0,0,0,0,1769110,0
[E2ROSRT-CSV] 5,397,4696460,2983010,0,0,0,0,1635150,0
[E2ROSRT-CSV] 5,398,4695810,2813940,0,0,0,0,1796690,0
[E2ROSRT-CSV] 5,399,4675130,2807320,0,0,0,0,1786440,0
[E2ROSRT-CSV] 5,400,4494840,2485200,0,0,0,0,1927250,0
[E2ROSRT-CSV] 5,401,4602390,2933860,0,0,0,0,1416470,0
[E2ROSRT-CSV] 5,402,4318310,3036430,0,0,0,0,1201860,0
[E2ROSRT-CSV] 5,403,4636270,2955800,0,0,0,0,1600010,0
[E2ROSRT-CSV] 5,404,4639030,2780720,0,0,0,0,1776570,0
[E2ROSRT-CSV] 5,405,4699060,2816940,0,0,0,0,1795480,0
[E2ROSRT-CSV] 5,406,4666660,2793290,0,0,0,0,1786420,0
[E2ROSRT-CSV] 5,407,4621570,2578540,0,0,0,0,1781350,0
[E2ROSRT-CSV] 5,408,4611110,3112550,0,0,0,0,1418490,0
[E2ROSRT-CSV] 5,409,4645420,2965880,0,0,0,0,1593000,0
[E2ROSRT-CSV] 5,410,4597110,2751440,0,0,0,0,1761040,0
[E2ROSRT-CSV] 5,411,4665980,2793220,0,0,0,0,1787550,0
[E2ROSRT-CSV] 5,412,4663300,2796640,0,0,0,0,1782340,0
[E2ROSRT-CSV] 5,413,5141830,3768770,0,0,0,0,1291020,0
[E2ROSRT-CSV] 5,414,4626990,3147240,0,0,0,0,1402680,0
[E2ROSRT-CSV] 5,415,4544340,3074080,0,0,0,0,1389360,0
[E2ROSRT-CSV] 5,416,4321180,3040730,0,0,0,0,1206440,0
[E2ROSRT-CSV] 5,417,4703650,2807120,0,0,0,0,1814940,0
[E2ROSRT-CSV] 5,418,4631210,2960830,0,0,0,0,1414500,0
[E2ROSRT-CSV] 5,419,4334800,3052790,0,0,0,0,1207310,0
[E2ROSRT-CSV] 5,420,4381110,3082270,0,0,0,0,1223410,0
[E2ROSRT-CSV] 5,421,4652220,3129530,0,0,0,0,1443020,0
[E2ROSRT-CSV] 5,422,4678950,2634610,0,0,0,0,1957830,0
[E2ROSRT-CSV] 5,423,4376650,3063360,0,0,0,0,1234580,0
[E2ROSRT-CSV] 5,424,4711710,2826160,0,0,0,0,1802880,0
[E2ROSRT-CSV] 5,425,4654260,2961100,0,0,0,0,1610270,0
[E2ROSRT-CSV] 5,426,5009470,3240740,0,0,0,0,1685230,0
[E2ROSRT-CSV] 5,427,4656190,2942290,0,0,0,0,1458490,0
[E2ROSRT-CSV] 5,428,4549650,2743820,0,0,0,0,1722770,0
[E2ROSRT-CSV] 5,429,4332640,3057850,0,0,0,0,1199170,0
[E2ROSRT-CSV] 5,430,4274130,2993950,0,0,0,0,1204670,0
[E2ROSRT-CSV] 5,431,4392010,3078290,0,0,0,0,1238070,0
[E2ROSRT-CSV] 5,432,4367060,3056900,0,0,0,0,1234910,0
[E2ROSRT-CSV] 5,433,4637590,2958220,0,0,0,0,1432050,0
[E2ROSRT-CSV] 5,434,4603440,3112930,0,0,0,0,1413390,0
[E2ROSRT-CSV] 5,435,4384660,3081510,0,0,0,0,1226230,0
[E2ROSRT-CSV] 5,436,4355370,3055590,0,0,0,0,1223370,0
[E2ROSRT-CSV] 5,437,4628650,2746660,0,0,0,0,1796960,0
[E2ROSRT-CSV] 5,438,4390820,3072270,0,0,0,0,1243690,0
[E2ROSRT-CSV] 5,439,4577820,3074970,0,0,0,0,1423540,0
[E2ROSRT-CSV] 5,440,4416620,3085460,0,0,0,0,1252260,0
[E2ROSRT-CSV] 5,441,4356410,3045560,0,0,0,0,1234110,0
[E2ROSRT-CSV] 5,442,4343930,3054830,0,0,0,0,1212550,0
[E2ROSRT-CSV] 5,443,4334890,3033370,0,0,0,0,1222530,0
[E2ROSRT-CSV] 5,444,4332130,2702770,0,0,0,0,1551190,0
[E2ROSRT-CSV] 5,445,4245760,2969950,0,0,0,0,1202130,0
[E2ROSRT-CSV] 5,446,4372180,3074050,0,0,0,0,1219860,0
[E2ROSRT-CSV] 5,447,4391740,3083080,0,0,0,0,1230430,0
[E2ROSRT-CSV] 5,448,4312060,3030020,0,0,0,0,1206420,0
[E2ROSRT-CSV] 5,449,4531450,2525670,0,0,0,0,1923100,0
[E2ROSRT-CSV] 5,450,4938080,3200480,0,0,0,0,1658240,0
[E2ROSRT-CSV] 5,451,4388000,3097910,0,0,0,0,1214770,0
[E2ROSRT-CSV] 5,452,4732770,2816890,0,0,0,0,1829440,0
[E2ROSRT-CSV] 5,453,4657850,2963100,0,0,0,0,1614310,0
[E2ROSRT-CSV] 5,454,4628810,3123650,0,0,0,0,1426500,0
[E2ROSRT-CSV] 5,455,4353820,3055490,0,0,0,0,1219370,0
[E2ROSRT-CSV] 5,456,4167270,2926760,0,0,0,0,1165770,0
[E2ROSRT-CSV] 5,457,4294080,3003520,0,0,0,0,1216170,0
[E2ROSRT-CSV] 5,458,4588320,3103220,0,0,0,0,1405110,0
[E2ROSRT-CSV] 5,459,4609660,3111100,0,0,0,0,1419550,0
[E2ROSRT-CSV] 5,460,4664630,2970540,0,0,0,0,1612620,0
[E2ROSRT-CSV] 5,461,4328760,3027150,0,0,0,0,1224320,0
[E2ROSRT-CSV] 5,462,4330420,3023030,0,0,0,0,1229620,0
[E2ROSRT-CSV] 5,463,4765920,2866030,0,0,0,0,1813340,0
[E2ROSRT-CSV] 5,464,4638440,2985560,0,0,0,0,1571050,0
[E2ROSRT-CSV] 5,465,4313670,3039200,0,0,0,0,1196730,0
[E2ROSRT-CSV] 5,466,5029120,3673280,0,0,0,0,1269440,0
[E2ROSRT-CSV] 5,467,4642760,2775850,0,0,0,0,1779290,0
[E2ROSRT-CSV] 5,468,4300040,3005730,0,0,0,0,1215540,0
[E2ROSRT-CSV] 5,469,4707340,2814610,0,0,0,0,1805170,0
[E2ROSRT-CSV] 5,470,4612260,3140200,0,0,0,0,1394050,0
[E2ROSRT-CSV] 5,471,4586890,3105470,0,0,0,0,1400670,0
[E2ROSRT-CSV] 5,472,4395620,2740280,0,0,0,0,1569940,0
[E2ROSRT-CSV] 5,473,4579950,3090670,0,0,0,0,1410960,0
[E2ROSRT-CSV] 5,474,4367960,3067670,0,0,0,0,1222650,0
[E2ROSRT-CSV] 5,475,4624620,2963590,0,0,0,0,1581910,0
[E2ROSRT-CSV] 5,476,4584390,2753800,0,0,0,0,1740330,0
[E2ROSRT-CSV] 5,477,4202120,2935850,0,0,0,0,1191580,0
[E2ROSRT-CSV] 5,478,4307150,3024320,0,0,0,0,1206750,0
[E2ROSRT-CSV] 5,479,4626110,3138550,0,0,0,0,1408000,0
[E2ROSRT-CSV] 5,480,4339150,3072690,0,0,0,0,1190240,0
[E2ROSRT-CSV] 5,481,4401890,3092570,0,0,0,0,1232750,0
[E2ROSRT-CSV] 5,482,4677520,2800520,0,0,0,0,1790150,0
[E2ROSRT-CSV] 5,483,4568820,2916780,0,0,0,0,1572750,0
[E2ROSRT-CSV] 5,484,4363370,3069730,0,0,0,0,1215330,0
[E2ROSRT-CSV] 5,485,4799140,2846160,0,0,0,0,1870250,0
[E2ROSRT-CSV] 5,486,4548000,2539980,0,0,0,0,1918900,0
[E2ROSRT-CSV] 5,487,4361140,3069410,0,0,0,0,1212760,0
[E2ROSRT-CSV] 5,488,4638480,2951740,0,0,0,0,1603020,0
[E2ROSRT-CSV] 5,489,4608770,2773350,0,0,0,0,1750740,0
[E2ROSRT-CSV] 5,490,4571190,2760270,0,0,0,0,1726220,0
[E2ROSRT-CSV] 5,491,4604140,2766540,0,0,0,0,1745780,0
[E2ROSRT-CSV] 5,492,4594100,3110270,0,0,0,0,1407330,0
[E2ROSRT-CSV] 5,493,4718190,2828030,0,0,0,0,1804320,0
[E2ROSRT-CSV] 5,494,4597240,2574720,0,0,0,0,1931680,0
[E2ROSRT-CSV] 5,495,4699500,2814680,0,0,0,0,1799500,0
[E2ROSRT-CSV] 5,496,4954890,3167800,0,0,0,0,1705210,0
[E2ROSRT-CSV] 5,497,4749440,2674500,0,0,0,0,1820030,0
[E2ROSRT-CSV] 5,498,4601230,3103060,0,0,0,0,1419060,0
[E2ROSRT-CSV] 5,499,4523850,2543890,0,0,0,0,1894180,0
[E2ROSRT-CSV] 5,500,4664990,2797230,0,0,0,0,1786820,0
[E2ROSRT-CSV] 5,501,4366420,3049560,0,0,0,0,1229100,0
[E2ROSRT-CSV] 5,502,4180290,2925260,0,0,0,0,1180430,0
[E2ROSRT-CSV] 5,503,4246880,2985010,0,0,0,0,1184590,0
[E2ROSRT-CSV] 5,504,4668130,2791600,0,0,0,0,1794200,0
[E2ROSRT-CSV] 5,505,4648100,2649820,0,0,0,0,1905870,0
[E2ROSRT-CSV] 5,506,4342850,3053840,0,0,0,0,1208540,0
[E2ROSRT-CSV] 5,507,4285880,3009020,0,0,0,0,1201850,0
[E2ROSRT-CSV] 5,508,4332250,3044110,0,0,0,0,1212470,0
[E2ROSRT-CSV] 5,509,4586150,2777720,0,0,0,0,1725560,0
[E2ROSRT-SUMMARY] chain_len=5 e2e_avg=4629378 publish_avg=2976446 sched_avg=1555155
