audio: Device lm4549: audiodev default parameter is deprecated, please specify audiodev=none

RTEMS Shell on /dev/console. Use 'help' to list commands.
SHLL [/] # nexus0: <RTEMS Nexus device>
info: lo0: link state changed to UP
=== Exp2-Ours: Task Chain (n=5) RTExecutor ===
Period: 200ms, Rounds: 500
[E2OURS-CSV] chain_len,round,e2e_ns,publish_ns,gc_trigger_ns,invoke_cb_ns,getnext_ns,take_data_ns,sched_ns,dispatch_ns
[RTExecutor] Constructed (kernel-driven, no spin)
666666
CPP Msg not nullptr
CPP Msg not nullptr
CPP Msg not nullptr
CPP Msg not nullptr
C Msg not NULL
C Msg not NULL
CPP Srv not nullptr
CPP Srv not nullptr
CPP Srv not nullptr
CPP Srv not nullptr
CPP Srv not nullptr
CPP Srv not nullptr
CPP Msg not nullptr
CPP Msg not nullptr
CPP Msg not nullptr
CPP Msg not nullptr
CPP Msg not nullptr
CPP Msg not nullptr
C Msg not NULL
C Msg not NULL
CPP Srv not nullptr
CPP Srv not nullptr
CPP Srv not nullptr
CPP Srv not nullptr
CPP Srv not nullptr
CPP Srv not nullptr
CPP Msg not nullptr
CPP Msg not nullptr
CPP Msg not nullptr
CPP Msg not nullptr
CPP Msg not nullptr
CPP Msg not nullptr
CPP Msg not nullptr
CPP Msg not nullptr
C Msg not NULL
C Msg not NULL
CPP Srv not nullptr
CPP Srv not nullptr
CPP Srv not nullptr
CPP Srv not nullptr
CPP Srv not nullptr
CPP Srv not nullptr
CPP Msg not nullptr
CPP Msg not nullptr
CPP Msg not nullptr
CPP Msg not nullptr
CPP Msg not nullptr
CPP Msg not nullptr
CPP Msg not nullptr
CPP Msg not nullptr
C Msg not NULL
C Msg not NULL
CPP Srv not nullptr
CPP Srv not nullptr
CPP Srv not nullptr
CPP Srv not nullptr
CPP Srv not nullptr
CPP Srv not nullptr
CPP Msg not nullptr
CPP Msg not nullptr
CPP Msg not nullptr
CPP Msg not nullptr
CPP Msg not nullptr
CPP Msg not nullptr
CPP Msg not nullptr
CPP Msg not nullptr
C Msg not NULL
C Msg not NULL
CPP Srv not nullptr
CPP Srv not nullptr
CPP Srv not nullptr
CPP Srv not nullptr
CPP Srv not nullptr
CPP Srv not nullptr
CPP Msg not nullptr
CPP Msg not nullptr
CPP Msg not nullptr
CPP Msg not nullptr
CPP Msg not nullptr
CPP Msg not nullptr
[RTExecutor] Registered timer ch=0 period=200ms pri=60
[CallbackTask] Started 'SUB0' pri=80 tid=167837713
[RTExecutor] Registered subscription 'chain_1' pri=80 direct_notify=ON
[CallbackTask] Started 'SUB1' pri=80 tid=167837714
[RTExecutor] Registered subscription 'chain_2' pri=80 direct_notify=ON
[CallbackTask] Started 'SUB2' pri=80 tid=167837715
[RTExecutor] Registered subscription 'chain_3' pri=80 direct_notify=ON
[CallbackTask] Started 'SUB3' pri=80 tid=167837716
[RTExecutor] Registered subscription 'chain_4' pri=80 direct_notify=ON
[CallbackTask] Started 'TM0' pri=60 tid=167837717
[RTExecutor] Timer ch=0 period=200t target=167837717
[RTExecutor] Running — ALL callbacks kernel-driven, NO polling
[E2OURS-CSV] 5,10,3429160,1917750,0,0,0,0,1327960,0
[E2OURS-CSV] 5,11,3266250,1824980,0,0,0,0,1264140,0
[E2OURS-CSV] 5,12,3215650,1802830,0,0,0,0,1238570,0
[E2OURS-CSV] 5,13,3514110,1978740,0,0,0,0,1325180,0
[E2OURS-CSV] 5,14,3399440,1776430,0,0,0,0,1309310,0
[E2OURS-CSV] 5,15,3290120,1833540,0,0,0,0,1276270,0
[E2OURS-CSV] 5,16,3767590,1967490,0,0,0,0,1603430,0
[E2OURS-CSV] 5,17,3376640,1950520,0,0,0,0,1330960,0
[E2OURS-CSV] 5,18,3365270,1966320,0,0,0,0,1293610,0
[E2OURS-CSV] 5,19,3387050,1943070,0,0,0,0,1332150,0
[E2OURS-CSV] 5,20,3235690,1865130,0,0,0,0,1277240,0
[E2OURS-CSV] 5,21,3319100,1755040,0,0,0,0,1461570,0
[E2OURS-CSV] 5,22,3717450,2217070,0,0,0,0,1354880,0
[E2OURS-CSV] 5,23,3757280,1778050,0,0,0,0,1868930,0
[E2OURS-CSV] 5,24,3118380,1789130,0,0,0,0,1238750,0
[E2OURS-CSV] 5,25,3627140,1939290,0,0,0,0,1592740,0
[E2OURS-CSV] 5,26,3137160,1808640,0,0,0,0,1236510,0
[E2OURS-CSV] 5,27,3174310,1845390,0,0,0,0,1241600,0
[E2OURS-CSV] 5,28,6688080,3657180,0,0,0,0,2846580,0
[E2OURS-CSV] 5,29,6658080,3658980,0,0,0,0,2831570,0
[E2OURS-CSV] 5,30,3364780,1933120,0,0,0,0,1321840,0
[E2OURS-CSV] 5,31,5442500,3067630,0,0,0,0,2200240,0
[E2OURS-CSV] 5,32,3533240,1883110,0,0,0,0,1538720,0
[E2OURS-CSV] 5,33,3374980,1948360,0,0,0,0,1321960,0
[E2OURS-CSV] 5,34,3420090,1993510,0,0,0,0,1322450,0
[E2OURS-CSV] 5,35,3381340,1959570,0,0,0,0,1317550,0
[E2OURS-CSV] 5,36,3153470,1808410,0,0,0,0,1259660,0
[E2OURS-CSV] 5,37,3177790,1843090,0,0,0,0,1250720,0
[E2OURS-CSV] 5,38,3329390,1912130,0,0,0,0,1309850,0
[E2OURS-CSV] 5,39,3366310,1941250,0,0,0,0,1322270,0
[E2OURS-CSV] 5,40,3396830,1974000,0,0,0,0,1320150,0
[E2OURS-CSV] 5,41,3324850,1882140,0,0,0,0,1341600,0
[E2OURS-CSV] 5,42,3099000,1764930,0,0,0,0,1252170,0
[E2OURS-CSV] 5,43,3460580,1980670,0,0,0,0,1371810,0
[E2OURS-CSV] 5,44,3478380,2028980,0,0,0,0,1344590,0
[E2OURS-CSV] 5,45,3339380,1909090,0,0,0,0,1327490,0
[E2OURS-CSV] 5,46,3734040,1849110,0,0,0,0,1633000,0
[E2OURS-CSV] 5,47,5959450,3369780,0,0,0,0,2399490,0
[E2OURS-CSV] 5,48,3384490,1943910,0,0,0,0,1337770,0
[E2OURS-CSV] 5,49,3357840,1931760,0,0,0,0,1323320,0
[E2OURS-CSV] 5,50,3447480,2004080,0,0,0,0,1340480,0
[E2OURS-CSV] 5,51,3227220,1861400,0,0,0,0,1278850,0
[E2OURS-CSV] 5,52,3086860,1767180,0,0,0,0,1233200,0
[E2OURS-CSV] 5,53,3367290,1919700,0,0,0,0,1344040,0
[E2OURS-CSV] 5,54,3347860,1921560,0,0,0,0,1325180,0
[E2OURS-CSV] 5,55,3257180,1724800,0,0,0,0,1435880,0
[E2OURS-CSV] 5,56,3340990,1920980,0,0,0,0,1321250,0
[E2OURS-CSV] 5,57,3337690,1910790,0,0,0,0,1326470,0
[E2OURS-CSV] 5,58,3452710,1850400,0,0,0,0,1347180,0
[E2OURS-CSV] 5,59,3179700,1831700,0,0,0,0,1253970,0
[E2OURS-CSV] 5,60,3276930,1880710,0,0,0,0,1296990,0
[E2OURS-CSV] 5,61,3684320,1836200,0,0,0,0,1752130,0
[E2OURS-CSV] 5,62,3546020,1820630,0,0,0,0,1621880,0
[E2OURS-CSV] 5,63,3820010,2249960,0,0,0,0,1321700,0
[E2OURS-CSV] 5,64,3969440,2510610,0,0,0,0,1303910,0
[E2OURS-CSV] 5,65,3637030,1840200,0,0,0,0,1696630,0
[E2OURS-CSV] 5,66,3275380,1724990,0,0,0,0,1451200,0
[E2OURS-CSV] 5,67,3171460,1837240,0,0,0,0,1249830,0
[E2OURS-CSV] 5,68,3729920,1813970,0,0,0,0,1805100,0
[E2OURS-CSV] 5,69,3234730,1703080,0,0,0,0,1433840,0
[E2OURS-CSV] 5,70,3881910,2391560,0,0,0,0,1340920,0
[E2OURS-CSV] 5,71,3254660,1729220,0,0,0,0,1425980,0
[E2OURS-CSV] 5,72,3587150,1952530,0,0,0,0,1538080,0
[E2OURS-CSV] 5,73,3360800,1935210,0,0,0,0,1320390,0
[E2OURS-CSV] 5,74,3344890,1928220,0,0,0,0,1314170,0
[E2OURS-CSV] 5,75,3336190,1932410,0,0,0,0,1304440,0
[E2OURS-CSV] 5,76,3550700,1911890,0,0,0,0,1540490,0
[E2OURS-CSV] 5,77,3380300,1941970,0,0,0,0,1345580,0
[E2OURS-CSV] 5,78,3350300,1928910,0,0,0,0,1317380,0
[E2OURS-CSV] 5,79,3332140,1912180,0,0,0,0,1318180,0
[E2OURS-CSV] 5,80,3356230,1944900,0,0,0,0,1299090,0
[E2OURS-CSV] 5,81,3257830,1877790,0,0,0,0,1284700,0
[E2OURS-CSV] 5,82,3294220,1749450,0,0,0,0,1444180,0
[E2OURS-CSV] 5,83,3399350,1952550,0,0,0,0,1340680,0
[E2OURS-CSV] 5,84,3970320,2487620,0,0,0,0,1320770,0
[E2OURS-CSV] 5,85,3302880,1905020,0,0,0,0,1299180,0
[E2OURS-CSV] 5,86,3681250,1817570,0,0,0,0,1770790,0
[E2OURS-CSV] 5,87,3214590,1713670,0,0,0,0,1404060,0
[E2OURS-CSV] 5,88,3382080,1942780,0,0,0,0,1331930,0
[E2OURS-CSV] 5,89,3307590,1899810,0,0,0,0,1308160,0
[E2OURS-CSV] 5,90,3307200,1896310,0,0,0,0,1308190,0
[E2OURS-CSV] 5,91,3228910,1707930,0,0,0,0,1423330,0
[E2OURS-CSV] 5,92,3402700,1954000,0,0,0,0,1359470,0
[E2OURS-CSV] 5,93,3326460,1921450,0,0,0,0,1303250,0
[E2OURS-CSV] 5,94,3373450,1947650,0,0,0,0,1325160,0
[E2OURS-CSV] 5,95,3279650,1749110,0,0,0,0,1287660,0
[E2OURS-CSV] 5,96,3385920,1946190,0,0,0,0,1327670,0
[E2OURS-CSV] 5,97,3263040,1734290,0,0,0,0,1432710,0
[E2OURS-CSV] 5,98,3324030,1916430,0,0,0,0,1305700,0
[E2OURS-CSV] 5,99,3324000,1917610,0,0,0,0,1310320,0
[E2OURS-CSV] 5,100,3272320,1885710,0,0,0,0,1287190,0
[E2OURS-CSV] 5,101,3076000,1768530,0,0,0,0,1225500,0
[E2OURS-CSV] 5,102,3779370,1859110,0,0,0,0,1830110,0
[E2OURS-CSV] 5,103,3362210,1939110,0,0,0,0,1321010,0
[E2OURS-CSV] 5,104,3298120,1882440,0,0,0,0,1318970,0
[E2OURS-CSV] 5,105,3248250,1855490,0,0,0,0,1296500,0
[E2OURS-CSV] 5,106,3149930,1803480,0,0,0,0,1252910,0
[E2OURS-CSV] 5,107,3240600,1710820,0,0,0,0,1441780,0
[E2OURS-CSV] 5,108,3386870,1791820,0,0,0,0,1486160,0
[E2OURS-CSV] 5,109,3272200,1875580,0,0,0,0,1297520,0
[E2OURS-CSV] 5,110,7187220,4121280,0,0,0,0,2883690,0
[E2OURS-CSV] 5,111,3361690,1800380,0,0,0,0,1450390,0
[E2OURS-CSV] 5,112,3096640,1771970,0,0,0,0,1234480,0
[E2OURS-CSV] 5,113,3368470,1785730,0,0,0,0,1478120,0
[E2OURS-CSV] 5,114,993360,657250,0,0,0,0,249680,0
[E2OURS-CSV] 5,115,3235600,1852500,0,0,0,0,1285730,0
[E2OURS-CSV] 5,116,3270550,1874850,0,0,0,0,1303810,0
[E2OURS-CSV] 5,117,3674210,1764790,0,0,0,0,1817740,0
[E2OURS-CSV] 5,118,3373340,1783490,0,0,0,0,1485880,0
[E2OURS-CSV] 5,119,3371570,1786480,0,0,0,0,1473620,0
[E2OURS-CSV] 5,120,6623750,3629760,0,0,0,0,2819050,0
[E2OURS-CSV] 5,121,3867800,2267190,0,0,0,0,1459190,0
[E2OURS-CSV] 5,122,3730770,2258440,0,0,0,0,1381220,0
[E2OURS-CSV] 5,123,3332850,1909680,0,0,0,0,1322640,0
[E2OURS-CSV] 5,124,3330540,1772640,0,0,0,0,1444310,0
[E2OURS-CSV] 5,125,3958420,2477390,0,0,0,0,1330600,0
[E2OURS-CSV] 5,126,3270150,1875340,0,0,0,0,1298750,0
[E2OURS-CSV] 5,127,3141070,1659970,0,0,0,0,1393870,0
[E2OURS-CSV] 5,128,3299170,1741330,0,0,0,0,1454020,0
[E2OURS-CSV] 5,129,3174510,1655960,0,0,0,0,1421550,0
[E2OURS-CSV] 5,130,3833210,2373880,0,0,0,0,1356380,0
[E2OURS-CSV] 5,131,3367140,1802650,0,0,0,0,1459130,0
[E2OURS-CSV] 5,132,3883070,2276450,0,0,0,0,1463400,0
[E2OURS-CSV] 5,133,3416620,1849160,0,0,0,0,1455730,0
[E2OURS-CSV] 5,134,3296440,1881460,0,0,0,0,1320470,0
[E2OURS-CSV] 5,135,4414260,2965230,0,0,0,0,1299400,0
[E2OURS-CSV] 5,136,3317810,1894290,0,0,0,0,1318900,0
[E2OURS-CSV] 5,137,3407710,1815870,0,0,0,0,1492820,0
[E2OURS-CSV] 5,138,3224680,1842730,0,0,0,0,1281750,0
[E2OURS-CSV] 5,139,3739670,2268400,0,0,0,0,1364050,0
[E2OURS-CSV] 5,140,3611170,2161070,0,0,0,0,1302400,0
[E2OURS-CSV] 5,141,3574450,1785780,0,0,0,0,1691430,0
[E2OURS-CSV] 5,142,4377890,2415980,0,0,0,0,1818610,0
[E2OURS-CSV] 5,143,3288500,1884560,0,0,0,0,1297010,0
[E2OURS-CSV] 5,144,3307050,1746640,0,0,0,0,1455890,0
[E2OURS-CSV] 5,145,3646880,2201250,0,0,0,0,1343480,0
[E2OURS-CSV] 5,146,3533000,1770510,0,0,0,0,1664530,0
[E2OURS-CSV] 5,147,5030860,3022050,0,0,0,0,1855820,0
[E2OURS-CSV] 5,148,3324590,1761750,0,0,0,0,1458320,0
[E2OURS-CSV] 5,149,3196010,1827390,0,0,0,0,1283170,0
[E2OURS-CSV] 5,150,3481210,1852450,0,0,0,0,1530080,0
[E2OURS-CSV] 5,151,3262970,1873210,0,0,0,0,1295840,0
[E2OURS-CSV] 5,152,3206960,1842130,0,0,0,0,1271120,0
[E2OURS-CSV] 5,153,3667810,2223390,0,0,0,0,1341550,0
[E2OURS-CSV] 5,154,3326680,1757600,0,0,0,0,1462910,0
[E2OURS-CSV] 5,155,3250120,1861130,0,0,0,0,1296400,0
[E2OURS-CSV] 5,156,3286390,1740870,0,0,0,0,1445010,0
[E2OURS-CSV] 5,157,3271560,1739860,0,0,0,0,1429900,0
[E2OURS-CSV] 5,158,3645510,1721690,0,0,0,0,1817760,0
[E2OURS-CSV] 5,159,3309850,1762880,0,0,0,0,1439220,0
[E2OURS-CSV] 5,160,3309200,1742710,0,0,0,0,1464800,0
[E2OURS-CSV] 5,161,3307070,1762420,0,0,0,0,1445130,0
[E2OURS-CSV] 5,162,3313970,1770270,0,0,0,0,1446860,0
[E2OURS-CSV] 5,163,3321710,1762300,0,0,0,0,1458000,0
[E2OURS-CSV] 5,164,3281510,1741040,0,0,0,0,1439370,0
[E2OURS-CSV] 5,165,3326180,1776070,0,0,0,0,1448990,0
[E2OURS-CSV] 5,166,3183300,1818700,0,0,0,0,1275050,0
[E2OURS-CSV] 5,167,3359570,1805510,0,0,0,0,1464960,0
[E2OURS-CSV] 5,168,3299360,1737290,0,0,0,0,1459640,0
[E2OURS-CSV] 5,169,3275140,1728020,0,0,0,0,1435290,0
[E2OURS-CSV] 5,170,3115880,1788600,0,0,0,0,1241680,0
[E2OURS-CSV] 5,171,3111940,1645620,0,0,0,0,1380260,0
[E2OURS-CSV] 5,172,6507680,3901800,0,0,0,0,2436220,0
[E2OURS-CSV] 5,173,6813150,3753120,0,0,0,0,2640820,0
[E2OURS-CSV] 5,174,3952100,2494000,0,0,0,0,1312720,0
[E2OURS-CSV] 5,175,3419290,1798400,0,0,0,0,1510440,0
[E2OURS-CSV] 5,176,3250460,1724230,0,0,0,0,1427130,0
[E2OURS-CSV] 5,177,3632730,2203330,0,0,0,0,1337460,0
[E2OURS-CSV] 5,178,3310880,1755670,0,0,0,0,1451820,0
[E2OURS-CSV] 5,179,3266980,1737020,0,0,0,0,1434450,0
[E2OURS-CSV] 5,180,3276050,1748590,0,0,0,0,1430660,0
[E2OURS-CSV] 5,181,3297660,1774600,0,0,0,0,1421680,0
[E2OURS-CSV] 5,182,3356620,1791880,0,0,0,0,1474930,0
[E2OURS-CSV] 5,183,4461500,2348370,0,0,0,0,1956290,0
[E2OURS-CSV] 5,184,3419650,2001170,0,0,0,0,1310950,0
[E2OURS-CSV] 5,185,3147710,1788800,0,0,0,0,1260360,0
[E2OURS-CSV] 5,186,3113140,1777090,0,0,0,0,1250250,0
[E2OURS-CSV] 5,187,3260590,1718300,0,0,0,0,1435180,0
[E2OURS-CSV] 5,188,3604590,2157110,0,0,0,0,1348350,0
[E2OURS-CSV] 5,189,3291800,1746200,0,0,0,0,1440890,0
[E2OURS-CSV] 5,190,3228940,1712630,0,0,0,0,1419360,0
[E2OURS-CSV] 5,191,3340480,1776660,0,0,0,0,1455840,0
[E2OURS-CSV] 5,192,3268190,1727890,0,0,0,0,1442860,0
[E2OURS-CSV] 5,193,3181320,1829850,0,0,0,0,1260880,0
[E2OURS-CSV] 5,194,3370310,1786670,0,0,0,0,1472090,0
[E2OURS-CSV] 5,195,3313940,1774950,0,0,0,0,1438570,0
[E2OURS-CSV] 5,196,3183480,1677600,0,0,0,0,1412770,0
[E2OURS-CSV] 5,197,3367170,1801040,0,0,0,0,1474180,0
[E2OURS-CSV] 5,198,5476270,3435760,0,0,0,0,1866080,0
[E2OURS-CSV] 5,199,3848640,2388100,0,0,0,0,1308670,0
[E2OURS-CSV] 5,200,3325730,1771540,0,0,0,0,1454300,0
[E2OURS-CSV] 5,201,3263770,1739340,0,0,0,0,1428460,0
[E2OURS-CSV] 5,202,3278820,1730980,0,0,0,0,1452290,0
[E2OURS-CSV] 5,203,7011100,3960210,0,0,0,0,2875770,0
[E2OURS-CSV] 5,204,6869160,3632950,0,0,0,0,3055380,0
[E2OURS-CSV] 5,205,6543600,3828660,0,0,0,0,2551450,0
[E2OURS-CSV] 5,206,6295630,3414900,0,0,0,0,2737530,0
[E2OURS-CSV] 5,207,4109780,2575040,0,0,0,0,1406310,0
[E2OURS-CSV] 5,208,3907400,1884080,0,0,0,0,1914120,0
[E2OURS-CSV] 5,209,3911500,2474230,0,0,0,0,1303260,0
[E2OURS-CSV] 5,210,3818930,2373510,0,0,0,0,1347620,0
[E2OURS-CSV] 5,211,3200200,1699520,0,0,0,0,1409410,0
[E2OURS-CSV] 5,212,5006060,3130110,0,0,0,0,1717620,0
[E2OURS-CSV] 5,213,3351940,1943100,0,0,0,0,1307910,0
[E2OURS-CSV] 5,214,3325130,1769150,0,0,0,0,1455970,0
[E2OURS-CSV] 5,215,3232520,1720620,0,0,0,0,1410880,0
[E2OURS-CSV] 5,216,3604060,2010560,0,0,0,0,1439730,0
[E2OURS-CSV] 5,217,3737070,2327950,0,0,0,0,1284550,0
[E2OURS-CSV] 5,218,6826740,3611780,0,0,0,0,3043330,0
[E2OURS-CSV] 5,219,6408510,3475820,0,0,0,0,2777980,0
[E2OURS-CSV] 5,220,3317270,1918740,0,0,0,0,1288300,0
[E2OURS-CSV] 5,221,3104690,1625020,0,0,0,0,1388980,0
[E2OURS-CSV] 5,222,3575600,2166660,0,0,0,0,1324490,0
[E2OURS-CSV] 5,223,6819510,4012750,0,0,0,0,2629190,0
[E2OURS-CSV] 5,224,3994010,1948280,0,0,0,0,1942810,0
[E2OURS-CSV] 5,225,3249330,1880170,0,0,0,0,1270210,0
[E2OURS-CSV] 5,226,3921120,2403440,0,0,0,0,1377400,0
[E2OURS-CSV] 5,227,6991190,3961960,0,0,0,0,2837640,0
[E2OURS-CSV] 5,228,3324370,1916010,0,0,0,0,1306080,0
[E2OURS-CSV] 5,229,3165120,1676000,0,0,0,0,1393400,0
[E2OURS-CSV] 5,230,3320220,1944730,0,0,0,0,1277520,0
[E2OURS-CSV] 5,231,3303950,1890030,0,0,0,0,1319330,0
[E2OURS-CSV] 5,232,3575440,2117990,0,0,0,0,1375410,0
[E2OURS-CSV] 5,233,3289200,1901870,0,0,0,0,1288930,0
[E2OURS-CSV] 5,234,4114030,2408350,0,0,0,0,1548260,0
[E2OURS-CSV] 5,235,3388350,1798390,0,0,0,0,1491270,0
[E2OURS-CSV] 5,236,3179990,1669650,0,0,0,0,1422800,0
[E2OURS-CSV] 5,237,3163220,1666230,0,0,0,0,1401580,0
[E2OURS-CSV] 5,238,3336350,1796740,0,0,0,0,1299560,0
[E2OURS-CSV] 5,239,3365880,1816360,0,0,0,0,1299270,0
[E2OURS-CSV] 5,240,3253620,1877610,0,0,0,0,1279130,0
[E2OURS-CSV] 5,241,3065730,1624250,0,0,0,0,1355390,0
[E2OURS-CSV] 5,242,3499480,2040640,0,0,0,0,1347330,0
[E2OURS-CSV] 5,243,3406360,1808570,0,0,0,0,1489360,0
[E2OURS-CSV] 5,244,3321220,1914010,0,0,0,0,1301970,0
[E2OURS-CSV] 5,245,3264060,1880240,0,0,0,0,1284290,0
[E2OURS-CSV] 5,246,3103470,1648070,0,0,0,0,1370920,0
[E2OURS-CSV] 5,247,3782060,2143820,0,0,0,0,1552590,0
[E2OURS-CSV] 5,248,3762640,2322880,0,0,0,0,1333310,0
[E2OURS-CSV] 5,249,3895620,2397990,0,0,0,0,1354040,0
[E2OURS-CSV] 5,250,3326070,1742730,0,0,0,0,1473110,0
[E2OURS-CSV] 5,251,3523930,2113630,0,0,0,0,1315690,0
[E2OURS-CSV] 5,252,3203310,1679320,0,0,0,0,1441980,0
[E2OURS-CSV] 5,253,3756700,2292270,0,0,0,0,1358870,0
[E2OURS-CSV] 5,254,6210520,3762310,0,0,0,0,2286000,0
[E2OURS-CSV] 5,255,4120180,2439700,0,0,0,0,1533230,0
[E2OURS-CSV] 5,256,3164560,1824300,0,0,0,0,1245520,0
[E2OURS-CSV] 5,257,3308910,1765940,0,0,0,0,1453750,0
[E2OURS-CSV] 5,258,3307750,1756520,0,0,0,0,1448530,0
[E2OURS-CSV] 5,259,3733440,2053460,0,0,0,0,1576650,0
[E2OURS-CSV] 5,260,3276910,1889340,0,0,0,0,1290930,0
[E2OURS-CSV] 5,261,3197740,1830350,0,0,0,0,1276100,0
[E2OURS-CSV] 5,262,3229790,1858690,0,0,0,0,1278800,0
[E2OURS-CSV] 5,263,3264730,1755910,0,0,0,0,1273410,0
[E2OURS-CSV] 5,264,3154930,1823600,0,0,0,0,1238450,0
[E2OURS-CSV] 5,265,3183780,1824970,0,0,0,0,1269140,0
[E2OURS-CSV] 5,266,3228340,1861060,0,0,0,0,1271160,0
[E2OURS-CSV] 5,267,3815670,1776300,0,0,0,0,1952410,0
[E2OURS-CSV] 5,268,3284140,1756720,0,0,0,0,1426530,0
[E2OURS-CSV] 5,269,3358920,1791800,0,0,0,0,1466360,0
[E2OURS-CSV] 5,270,3770440,2350520,0,0,0,0,1311580,0
[E2OURS-CSV] 5,271,3249650,1880580,0,0,0,0,1274120,0
[E2OURS-CSV] 5,272,3346200,1775080,0,0,0,0,1482400,0
[E2OURS-CSV] 5,273,3252540,1879810,0,0,0,0,1273690,0
[E2OURS-CSV] 5,274,3287360,1756430,0,0,0,0,1432870,0
[E2OURS-CSV] 5,275,3150310,1808910,0,0,0,0,1251280,0
[E2OURS-CSV] 5,276,3166860,1813680,0,0,0,0,1257050,0
[E2OURS-CSV] 5,277,3891190,2417230,0,0,0,0,1365860,0
[E2OURS-CSV] 5,278,3321790,1747040,0,0,0,0,1475070,0
[E2OURS-CSV] 5,279,3260160,1728040,0,0,0,0,1436840,0
[E2OURS-CSV] 5,280,3267100,1737000,0,0,0,0,1297640,0
[E2OURS-CSV] 5,281,3195020,1811190,0,0,0,0,1294520,0
[E2OURS-CSV] 5,282,3791700,2365250,0,0,0,0,1330660,0
[E2OURS-CSV] 5,283,3367770,1939280,0,0,0,0,1325860,0
[E2OURS-CSV] 5,284,3560180,2157420,0,0,0,0,1300400,0
[E2OURS-CSV] 5,285,3204950,1852030,0,0,0,0,1255930,0
[E2OURS-CSV] 5,286,3246850,1711500,0,0,0,0,1436370,0
[E2OURS-CSV] 5,287,3321080,1910930,0,0,0,0,1310990,0
[E2OURS-CSV] 5,288,3717400,2275410,0,0,0,0,1339010,0
[E2OURS-CSV] 5,289,3821900,2403290,0,0,0,0,1322610,0
[E2OURS-CSV] 5,290,3217720,1837090,0,0,0,0,1288070,0
[E2OURS-CSV] 5,291,3296550,1744940,0,0,0,0,1453150,0
[E2OURS-CSV] 5,292,3220900,1727220,0,0,0,0,1267060,0
[E2OURS-CSV] 5,293,3267900,1724080,0,0,0,0,1445550,0
[E2OURS-CSV] 5,294,3302720,1753450,0,0,0,0,1455050,0
[E2OURS-CSV] 5,295,3269280,1714090,0,0,0,0,1463220,0
[E2OURS-CSV] 5,296,3321070,1922580,0,0,0,0,1296710,0
[E2OURS-CSV] 5,297,3281830,1943050,0,0,0,0,1245720,0
[E2OURS-CSV] 5,298,3266160,1880310,0,0,0,0,1280410,0
[E2OURS-CSV] 5,299,3330340,1751870,0,0,0,0,1483380,0
[E2OURS-CSV] 5,300,6820880,4246010,0,0,0,0,2377480,0
[E2OURS-CSV] 5,301,3322830,1911370,0,0,0,0,1306150,0
[E2OURS-CSV] 5,302,3367170,1942030,0,0,0,0,1337660,0
[E2OURS-CSV] 5,303,3768040,2326920,0,0,0,0,1340600,0
[E2OURS-CSV] 5,304,3300840,1896080,0,0,0,0,1308650,0
[E2OURS-CSV] 5,305,3491150,2105590,0,0,0,0,1288010,0
[E2OURS-CSV] 5,306,3321600,1919830,0,0,0,0,1305990,0
[E2OURS-CSV] 5,307,3274440,1891250,0,0,0,0,1283070,0
[E2OURS-CSV] 5,308,3267060,1890080,0,0,0,0,1275410,0
[E2OURS-CSV] 5,309,3285730,1893040,0,0,0,0,1292030,0
[E2OURS-CSV] 5,310,3259570,1724970,0,0,0,0,1442690,0
[E2OURS-CSV] 5,311,3287340,1733030,0,0,0,0,1461980,0
[E2OURS-CSV] 5,312,3244200,1714070,0,0,0,0,1438810,0
[E2OURS-CSV] 5,313,6895130,3904260,0,0,0,0,2807970,0
[E2OURS-CSV] 5,314,3279490,1885100,0,0,0,0,1290870,0
[E2OURS-CSV] 5,315,3218160,1707850,0,0,0,0,1418390,0
[E2OURS-CSV] 5,316,3362750,1954660,0,0,0,0,1298980,0
[E2OURS-CSV] 5,317,3378310,1936640,0,0,0,0,1355070,0
[E2OURS-CSV] 5,318,3232860,1846620,0,0,0,0,1286380,0
[E2OURS-CSV] 5,319,3198400,1684950,0,0,0,0,1419340,0
[E2OURS-CSV] 5,320,3177750,1681460,0,0,0,0,1407830,0
[E2OURS-CSV] 5,321,3415630,1902160,0,0,0,0,1412550,0
[E2OURS-CSV] 5,322,3202980,1679390,0,0,0,0,1432720,0
[E2OURS-CSV] 5,323,3145710,1795610,0,0,0,0,1259020,0
[E2OURS-CSV] 5,324,6823210,4149750,0,0,0,0,2495560,0
[E2OURS-CSV] 5,325,3635940,2193690,0,0,0,0,1321540,0
[E2OURS-CSV] 5,326,3260050,1881180,0,0,0,0,1278100,0
[E2OURS-CSV] 5,327,3829460,2349310,0,0,0,0,1338930,0
[E2OURS-CSV] 5,328,3577870,2166200,0,0,0,0,1303350,0
[E2OURS-CSV] 5,329,3275060,1877650,0,0,0,0,1293660,0
[E2OURS-CSV] 5,330,3277840,1867030,0,0,0,0,1309310,0
[E2OURS-CSV] 5,331,3209430,1694190,0,0,0,0,1422710,0
[E2OURS-CSV] 5,332,3371910,1955050,0,0,0,0,1321960,0
[E2OURS-CSV] 5,333,6167410,3707440,0,0,0,0,2288510,0
[E2OURS-CSV] 5,334,3285460,1882180,0,0,0,0,1295560,0
[E2OURS-CSV] 5,335,3118540,1794810,0,0,0,0,1240160,0
[E2OURS-CSV] 5,336,3441220,2078460,0,0,0,0,1265370,0
[E2OURS-CSV] 5,337,3090750,1771600,0,0,0,0,1233880,0
[E2OURS-CSV] 5,338,3293920,1900910,0,0,0,0,1292430,0
[E2OURS-CSV] 5,339,3529420,2132960,0,0,0,0,1292830,0
[E2OURS-CSV] 5,340,3311000,1922690,0,0,0,0,1281450,0
[E2OURS-CSV] 5,341,3107910,1780140,0,0,0,0,1246600,0
[E2OURS-CSV] 5,342,3006300,1726330,0,0,0,0,1198310,0
[E2OURS-CSV] 5,343,3611190,2166090,0,0,0,0,1336560,0
[E2OURS-CSV] 5,344,3303540,1914150,0,0,0,0,1291700,0
[E2OURS-CSV] 5,345,3212690,1838800,0,0,0,0,1284400,0
[E2OURS-CSV] 5,346,3109540,1787450,0,0,0,0,1235230,0
[E2OURS-CSV] 5,347,3520360,1950980,0,0,0,0,1479610,0
[E2OURS-CSV] 5,348,3533450,2100380,0,0,0,0,1319020,0
[E2OURS-CSV] 5,349,3215440,1828380,0,0,0,0,1286230,0
[E2OURS-CSV] 5,350,3205160,1674490,0,0,0,0,1439010,0
[E2OURS-CSV] 5,351,3186250,1824340,0,0,0,0,1272680,0
[E2OURS-CSV] 5,352,3211270,1836660,0,0,0,0,1274440,0
[E2OURS-CSV] 5,353,3474670,2086690,0,0,0,0,1285000,0
[E2OURS-CSV] 5,354,3229300,1853630,0,0,0,0,1275490,0
[E2OURS-CSV] 5,355,3261500,1887630,0,0,0,0,1277430,0
[E2OURS-CSV] 5,356,3165380,1810870,0,0,0,0,1265320,0
[E2OURS-CSV] 5,357,3268460,1878660,0,0,0,0,1292700,0
[E2OURS-CSV] 5,358,3482320,1911990,0,0,0,0,1469640,0
[E2OURS-CSV] 5,359,3221460,1839660,0,0,0,0,1284350,0
[E2OURS-CSV] 5,360,3292220,1896110,0,0,0,0,1300670,0
[E2OURS-CSV] 5,361,3240430,1861330,0,0,0,0,1277760,0
[E2OURS-CSV] 5,362,3633150,2172340,0,0,0,0,1353700,0
[E2OURS-CSV] 5,363,3273520,1906670,0,0,0,0,1266860,0
[E2OURS-CSV] 5,364,3236470,1868410,0,0,0,0,1272120,0
[E2OURS-CSV] 5,365,3215080,1847790,0,0,0,0,1271910,0
[E2OURS-CSV] 5,366,3264870,1857610,0,0,0,0,1309960,0
[E2OURS-CSV] 5,367,3275290,1869020,0,0,0,0,1308880,0
[E2OURS-CSV] 5,368,5698860,3045630,0,0,0,0,2164240,0
[E2OURS-CSV] 5,369,3269050,1874400,0,0,0,0,1295530,0
[E2OURS-CSV] 5,370,3254030,1873210,0,0,0,0,1282920,0
[E2OURS-CSV] 5,371,3273060,1879960,0,0,0,0,1294100,0
[E2OURS-CSV] 5,372,1369260,845830,0,0,0,0,446370,0
[E2OURS-CSV] 5,373,6894840,3624920,0,0,0,0,2536500,0
[E2OURS-CSV] 5,374,3565080,2132120,0,0,0,0,1322280,0
[E2OURS-CSV] 5,375,3134960,1817110,0,0,0,0,1229210,0
[E2OURS-CSV] 5,376,3251760,1881550,0,0,0,0,1275730,0
[E2OURS-CSV] 5,377,3508080,2088240,0,0,0,0,1323120,0
[E2OURS-CSV] 5,378,3455170,1905770,0,0,0,0,1446460,0
[E2OURS-CSV] 5,379,3261280,1872250,0,0,0,0,1280880,0
[E2OURS-CSV] 5,380,3191770,1827740,0,0,0,0,1274190,0
[E2OURS-CSV] 5,381,3456330,2075390,0,0,0,0,1280680,0
[E2OURS-CSV] 5,382,3225910,1848710,0,0,0,0,1282280,0
[E2OURS-CSV] 5,383,3801340,2304050,0,0,0,0,1398150,0
[E2OURS-CSV] 5,384,3486110,2079700,0,0,0,0,1297450,0
[E2OURS-CSV] 5,385,3259640,1873010,0,0,0,0,1287210,0
[E2OURS-CSV] 5,386,3468050,2096610,0,0,0,0,1272390,0
[E2OURS-CSV] 5,387,3210460,1843410,0,0,0,0,1272480,0
[E2OURS-CSV] 5,388,3532970,2071840,0,0,0,0,1349830,0
[E2OURS-CSV] 5,389,3183550,1829330,0,0,0,0,1259610,0
[E2OURS-CSV] 5,390,3131770,1797050,0,0,0,0,1247770,0
[E2OURS-CSV] 5,391,3259430,1880210,0,0,0,0,1280100,0
[E2OURS-CSV] 5,392,3500240,2068650,0,0,0,0,1333270,0
[E2OURS-CSV] 5,393,3401760,1872650,0,0,0,0,1429390,0
[E2OURS-CSV] 5,394,3442520,2080020,0,0,0,0,1264980,0
[E2OURS-CSV] 5,395,3229060,1855290,0,0,0,0,1281490,0
[E2OURS-CSV] 5,396,3410180,1884980,0,0,0,0,1428080,0
[E2OURS-CSV] 5,397,3239780,1851390,0,0,0,0,1286750,0
[E2OURS-CSV] 5,398,3838280,2422830,0,0,0,0,1306730,0
[E2OURS-CSV] 5,399,3231820,1862000,0,0,0,0,1274190,0
[E2OURS-CSV] 5,400,3393490,1864510,0,0,0,0,1431820,0
[E2OURS-CSV] 5,401,3235630,1859100,0,0,0,0,1282750,0
[E2OURS-CSV] 5,402,3172130,1825550,0,0,0,0,1260050,0
[E2OURS-CSV] 5,403,3457740,2062210,0,0,0,0,1288930,0
[E2OURS-CSV] 5,404,3415690,1862110,0,0,0,0,1455170,0
[E2OURS-CSV] 5,405,3126320,1787390,0,0,0,0,1249240,0
[E2OURS-CSV] 5,406,3133910,1798570,0,0,0,0,1247550,0
[E2OURS-CSV] 5,407,3207690,1845440,0,0,0,0,1278300,0
[E2OURS-CSV] 5,408,5032460,2467810,0,0,0,0,2129520,0
[E2OURS-CSV] 5,409,3493170,2079940,0,0,0,0,1313320,0
[E2OURS-CSV] 5,410,3215690,1844120,0,0,0,0,1273750,0
[E2OURS-CSV] 5,411,3195920,1848750,0,0,0,0,1253000,0
[E2OURS-CSV] 5,412,3060490,1745560,0,0,0,0,1226100,0
[E2OURS-CSV] 5,413,3465500,2046770,0,0,0,0,1314030,0
[E2OURS-CSV] 5,414,3508160,2077780,0,0,0,0,1317950,0
[E2OURS-CSV] 5,415,3205990,1835870,0,0,0,0,1278850,0
[E2OURS-CSV] 5,416,3486210,1756950,0,0,0,0,1453670,0
[E2OURS-CSV] 5,417,3417070,2015650,0,0,0,0,1304250,0
[E2OURS-CSV] 5,418,3384670,1864020,0,0,0,0,1424860,0
[E2OURS-CSV] 5,419,3384350,1858790,0,0,0,0,1427150,0
[E2OURS-CSV] 5,420,3131410,1806740,0,0,0,0,1238640,0
[E2OURS-CSV] 5,421,3433310,2020860,0,0,0,0,1312970,0
[E2OURS-CSV] 5,422,3526440,2107690,0,0,0,0,1322620,0
[E2OURS-CSV] 5,423,3407330,2001310,0,0,0,0,1299540,0
[E2OURS-CSV] 5,424,3485360,2088130,0,0,0,0,1295470,0
[E2OURS-CSV] 5,425,3114350,1795530,0,0,0,0,1226580,0
[E2OURS-CSV] 5,426,3472420,2060750,0,0,0,0,1314910,0
[E2OURS-CSV] 5,427,3181960,1822410,0,0,0,0,1264690,0
[E2OURS-CSV] 5,428,3466290,2047970,0,0,0,0,1308290,0
[E2OURS-CSV] 5,429,3887250,2161300,0,0,0,0,1608330,0
[E2OURS-CSV] 5,430,3332680,1841030,0,0,0,0,1400930,0
[E2OURS-CSV] 5,431,3351070,1976610,0,0,0,0,1278280,0
[E2OURS-CSV] 5,432,3031070,1726250,0,0,0,0,1217600,0
[E2OURS-CSV] 5,433,3380380,1999160,0,0,0,0,1282590,0
[E2OURS-CSV] 5,434,3423380,2016010,0,0,0,0,1302790,0
[E2OURS-CSV] 5,435,3436210,2030560,0,0,0,0,1305200,0
[E2OURS-CSV] 5,436,3425040,2025890,0,0,0,0,1303930,0
[E2OURS-CSV] 5,437,3472950,2064500,0,0,0,0,1311670,0
[E2OURS-CSV] 5,438,3410580,2003430,0,0,0,0,1306810,0
[E2OURS-CSV] 5,439,3441450,2029910,0,0,0,0,1309670,0
[E2OURS-CSV] 5,440,3518580,2084490,0,0,0,0,1330960,0
[E2OURS-CSV] 5,441,3365130,1998640,0,0,0,0,1277430,0
[E2OURS-CSV] 5,442,3318320,1825420,0,0,0,0,1405840,0
[E2OURS-CSV] 5,443,3428480,2033020,0,0,0,0,1296200,0
[E2OURS-CSV] 5,444,3280170,1742190,0,0,0,0,1430310,0
[E2OURS-CSV] 5,445,3818210,2143690,0,0,0,0,1582760,0
[E2OURS-CSV] 5,446,6834120,3594450,0,0,0,0,2863580,0
[E2OURS-CSV] 5,447,3437790,2039510,0,0,0,0,1306480,0
[E2OURS-CSV] 5,448,3442100,2039970,0,0,0,0,1305790,0
[E2OURS-CSV] 5,449,3426980,2019360,0,0,0,0,1291990,0
[E2OURS-CSV] 5,450,3443630,2049590,0,0,0,0,1298830,0
[E2OURS-CSV] 5,451,3304840,1910720,0,0,0,0,1292940,0
[E2OURS-CSV] 5,452,3538700,2110330,0,0,0,0,1330770,0
[E2OURS-CSV] 5,453,3671070,2206040,0,0,0,0,1361000,0
[E2OURS-CSV] 5,454,3438700,2022730,0,0,0,0,1316420,0
[E2OURS-CSV] 5,455,3290700,1798470,0,0,0,0,1399710,0
[E2OURS-CSV] 5,456,3425910,2031710,0,0,0,0,1302020,0
[E2OURS-CSV] 5,457,3119960,1783270,0,0,0,0,1249230,0
[E2OURS-CSV] 5,458,3494640,2091940,0,0,0,0,1299230,0
[E2OURS-CSV] 5,459,3543990,1934590,0,0,0,0,1331500,0
[E2OURS-CSV] 5,460,3446650,2059970,0,0,0,0,1290090,0
[E2OURS-CSV] 5,461,3425860,2021600,0,0,0,0,1302270,0
[E2OURS-CSV] 5,462,3437880,2019220,0,0,0,0,1320150,0
[E2OURS-CSV] 5,463,3594190,2153310,0,0,0,0,1339740,0
[E2OURS-CSV] 5,464,3765540,2108150,0,0,0,0,1550080,0
[E2OURS-CSV] 5,465,3354120,1989320,0,0,0,0,1271910,0
[E2OURS-CSV] 5,466,3496230,2086580,0,0,0,0,1316280,0
[E2OURS-CSV] 5,467,3606700,2121000,0,0,0,0,1383410,0
[E2OURS-CSV] 5,468,3513100,2094680,0,0,0,0,1322570,0
[E2OURS-CSV] 5,469,3817150,2139530,0,0,0,0,1575470,0
[E2OURS-CSV] 5,470,3371770,1983360,0,0,0,0,1292720,0
[E2OURS-CSV] 5,471,3085420,1764110,0,0,0,0,1235980,0
[E2OURS-CSV] 5,472,2997840,1695420,0,0,0,0,1219700,0
[E2OURS-CSV] 5,473,3761640,2308010,0,0,0,0,1351070,0
[E2OURS-CSV] 5,474,3336350,1971010,0,0,0,0,1268520,0
[E2OURS-CSV] 5,475,3273320,1933130,0,0,0,0,1252100,0
[E2OURS-CSV] 5,476,3067700,1736450,0,0,0,0,1244910,0
[E2OURS-CSV] 5,477,3714750,2050930,0,0,0,0,1555570,0
[E2OURS-CSV] 5,478,3551980,2055540,0,0,0,0,1396680,0
[E2OURS-CSV] 5,479,3446310,1948470,0,0,0,0,1293710,0
[E2OURS-CSV] 5,480,3243700,1846550,0,0,0,0,1301730,0
[E2OURS-CSV] 5,481,3682410,1950420,0,0,0,0,1540180,0
[E2OURS-CSV] 5,482,3450260,1784800,0,0,0,0,1462290,0
[E2OURS-CSV] 5,483,3405140,1905470,0,0,0,0,1303790,0
[E2OURS-CSV] 5,484,3372380,1890590,0,0,0,0,1279810,0
[E2OURS-CSV] 5,485,3286020,1836360,0,0,0,0,1269150,0
[E2OURS-CSV] 5,486,3228970,1771950,0,0,0,0,1373420,0
[E2OURS-CSV] 5,487,2994300,1702140,0,0,0,0,1210670,0
[E2OURS-CSV] 5,488,3383030,1918300,0,0,0,0,1277360,0
[E2OURS-CSV] 5,489,3696950,2219810,0,0,0,0,1298990,0
[E2OURS-CSV] 5,490,3305040,1852850,0,0,0,0,1271470,0
[E2OURS-CSV] 5,491,3322540,1849270,0,0,0,0,1290410,0
[E2OURS-CSV] 5,492,3220520,1765030,0,0,0,0,1368090,0
[E2OURS-CSV] 5,493,3402720,1909130,0,0,0,0,1293620,0
[E2OURS-CSV] 5,494,3368210,1879810,0,0,0,0,1293410,0
[E2OURS-CSV] 5,495,3311600,1763040,0,0,0,0,1449460,0
[E2OURS-CSV] 5,496,3313610,1909090,0,0,0,0,1301250,0
[E2OURS-CSV] 5,497,3541990,2003710,0,0,0,0,1360630,0
[E2OURS-CSV] 5,498,6706940,3679900,0,0,0,0,2848760,0
[E2OURS-CSV] 5,499,3771410,2304380,0,0,0,0,1313580,0
[E2OURS-CSV] 5,500,3446200,2005270,0,0,0,0,1301900,0
[E2OURS-CSV] 5,501,3321980,1761110,0,0,0,0,1450800,0
[E2OURS-CSV] 5,502,3740400,1950720,0,0,0,0,1608710,0
[E2OURS-CSV] 5,503,3398570,1909480,0,0,0,0,1306000,0
[E2OURS-CSV] 5,504,3363090,1907470,0,0,0,0,1279000,0
[E2OURS-CSV] 5,505,3708420,1945660,0,0,0,0,1576800,0
[E2OURS-CSV] 5,506,3289440,1839440,0,0,0,0,1271080,0
[E2OURS-CSV] 5,507,3301640,1853390,0,0,0,0,1271630,0
[E2OURS-CSV] 5,508,3304160,1878830,0,0,0,0,1322150,0
[E2OURS-CSV] 5,509,3284780,1817090,0,0,0,0,1275560,0
[E2OURS-SUMMARY] chain_len=5 e2e_avg=3553939 publish_avg=2011641 sched_avg=1426035
[RTExecutor] Exited
[E2OURS-EXIT] Reached semihosting exit
