audio: Device lm4549: audiodev default parameter is deprecated, please specify audiodev=none

RTEMS Shell on /dev/console. Use 'help' to list commands.
SHLL [/] # nexus0: <RTEMS Nexus device>
info: lo0: link state changed to UP
=== Exp2-Ours: Task Chain (n=4) RTExecutor ===
Period: 200ms, Rounds: 500
[E2OURS-CSV] chain_len,round,e2e_ns,publish_ns,gc_trigger_ns,invoke_cb_ns,getnext_ns,take_data_ns,sched_ns,dispatch_ns
[RTExecutor] Constructed (kernel-driven, no spin)
666666
CPP Msg not nullptr
CPP Msg not nullptr
CPP Msg not nullptr
CPP Msg not nullptr
C Msg not NULL
C Msg not NULL
CPP Srv not nullptr
CPP Srv not nullptr
CPP Srv not nullptr
CPP Srv not nullptr
CPP Srv not nullptr
CPP Srv not nullptr
CPP Msg not nullptr
CPP Msg not nullptr
CPP Msg not nullptr
CPP Msg not nullptr
CPP Msg not nullptr
CPP Msg not nullptr
C Msg not NULL
C Msg not NULL
CPP Srv not nullptr
CPP Srv not nullptr
CPP Srv not nullptr
CPP Srv not nullptr
CPP Srv not nullptr
CPP Srv not nullptr
CPP Msg not nullptr
CPP Msg not nullptr
CPP Msg not nullptr
CPP Msg not nullptr
CPP Msg not nullptr
CPP Msg not nullptr
CPP Msg not nullptr
CPP Msg not nullptr
C Msg not NULL
C Msg not NULL
CPP Srv not nullptr
CPP Srv not nullptr
CPP Srv not nullptr
CPP Srv not nullptr
CPP Srv not nullptr
CPP Srv not nullptr
CPP Msg not nullptr
CPP Msg not nullptr
CPP Msg not nullptr
CPP Msg not nullptr
CPP Msg not nullptr
CPP Msg not nullptr
CPP Msg not nullptr
CPP Msg not nullptr
C Msg not NULL
C Msg not NULL
CPP Srv not nullptr
CPP Srv not nullptr
CPP Srv not nullptr
CPP Srv not nullptr
CPP Srv not nullptr
CPP Srv not nullptr
CPP Msg not nullptr
CPP Msg not nullptr
CPP Msg not nullptr
CPP Msg not nullptr
CPP Msg not nullptr
CPP Msg not nullptr
[RTExecutor] Registered timer ch=0 period=200ms pri=60
[CallbackTask] Started 'SUB0' pri=80 tid=167837713
[RTExecutor] Registered subscription 'chain_1' pri=80 direct_notify=ON
[CallbackTask] Started 'SUB1' pri=80 tid=167837714
[RTExecutor] Registered subscription 'chain_2' pri=80 direct_notify=ON
[CallbackTask] Started 'SUB2' pri=80 tid=167837715
[RTExecutor] Registered subscription 'chain_3' pri=80 direct_notify=ON
[CallbackTask] Started 'TM0' pri=60 tid=167837716
[RTExecutor] Timer ch=0 period=200t target=167837716
[RTExecutor] Running — ALL callbacks kernel-driven, NO polling
[E2OURS-CSV] 4,10,3237140,1972730,0,0,0,0,1101200,0
[E2OURS-CSV] 4,11,3277800,1473080,0,0,0,0,1586660,0
[E2OURS-CSV] 4,12,4721010,2842870,0,0,0,0,1724970,0
[E2OURS-CSV] 4,13,2533490,1488020,0,0,0,0,845850,0
[E2OURS-CSV] 4,14,4453100,3005290,0,0,0,0,1285210,0
[E2OURS-CSV] 4,15,2645620,1544650,0,0,0,0,887090,0
[E2OURS-CSV] 4,16,3062220,1873880,0,0,0,0,1050200,0
[E2OURS-CSV] 4,17,2594960,1380410,0,0,0,0,874110,0
[E2OURS-CSV] 4,18,4759510,2851810,0,0,0,0,1761800,0
[E2OURS-CSV] 4,19,5079260,2856830,0,0,0,0,2060570,0
[E2OURS-CSV] 4,20,3290530,2210530,0,0,0,0,963020,0
[E2OURS-CSV] 4,21,2510690,1485170,0,0,0,0,835880,0
[E2OURS-CSV] 4,22,2565960,1513240,0,0,0,0,854210,0
[E2OURS-CSV] 4,23,2548670,1497620,0,0,0,0,853820,0
[E2OURS-CSV] 4,24,3719340,2103290,0,0,0,0,1448340,0
[E2OURS-CSV] 4,25,2980470,1322600,0,0,0,0,1478020,0
[E2OURS-CSV] 4,26,2562660,1532450,0,0,0,0,864270,0
[E2OURS-CSV] 4,27,2515840,1483140,0,0,0,0,854620,0
[E2OURS-CSV] 4,28,2514260,1474970,0,0,0,0,868300,0
[E2OURS-CSV] 4,29,3180010,2111830,0,0,0,0,917350,0
[E2OURS-CSV] 4,30,2565980,1524470,0,0,0,0,861200,0
[E2OURS-CSV] 4,31,2492290,1470620,0,0,0,0,857130,0
[E2OURS-CSV] 4,32,2769700,1502030,0,0,0,0,1080040,0
[E2OURS-CSV] 4,33,2546060,1502800,0,0,0,0,860040,0
[E2OURS-CSV] 4,34,5259390,2725460,0,0,0,0,2358600,0
[E2OURS-CSV] 4,35,3171480,1531490,0,0,0,0,1523300,0
[E2OURS-CSV] 4,36,2543760,1502730,0,0,0,0,868110,0
[E2OURS-CSV] 4,37,2523300,1506690,0,0,0,0,847440,0
[E2OURS-CSV] 4,38,2368030,1230170,0,0,0,0,963090,0
[E2OURS-CSV] 4,39,5138470,2684510,0,0,0,0,2040070,0
[E2OURS-CSV] 4,40,2632020,1405620,0,0,0,0,1045360,0
[E2OURS-CSV] 4,41,2979480,1316510,0,0,0,0,1482740,0
[E2OURS-CSV] 4,42,2521360,1469580,0,0,0,0,887120,0
[E2OURS-CSV] 4,43,2322080,1227470,0,0,0,0,935620,0
[E2OURS-CSV] 4,44,2620780,1561210,0,0,0,0,872640,0
[E2OURS-CSV] 4,45,2588230,1547530,0,0,0,0,866380,0
[E2OURS-CSV] 4,46,2418240,1286670,0,0,0,0,972170,0
[E2OURS-CSV] 4,47,3395290,2274840,0,0,0,0,974060,0
[E2OURS-CSV] 4,48,2513870,1498790,0,0,0,0,836720,0
[E2OURS-CSV] 4,49,2606250,1391010,0,0,0,0,890730,0
[E2OURS-CSV] 4,50,2572780,1533140,0,0,0,0,868170,0
[E2OURS-CSV] 4,51,2987380,1313270,0,0,0,0,1500800,0
[E2OURS-CSV] 4,52,2446400,1343550,0,0,0,0,1015680,0
[E2OURS-CSV] 4,53,2376580,1434740,0,0,0,0,856400,0
[E2OURS-CSV] 4,54,4401690,2691160,0,0,0,0,1569340,0
[E2OURS-CSV] 4,55,754600,479460,0,0,0,0,189920,0
[E2OURS-CSV] 4,56,2499590,1535580,0,0,0,0,876280,0
[E2OURS-CSV] 4,57,2584900,1269830,0,0,0,0,1206630,0
[E2OURS-CSV] 4,58,2424770,1478060,0,0,0,0,860720,0
[E2OURS-CSV] 4,59,5336470,3025590,0,0,0,0,2131340,0
[E2OURS-CSV] 4,60,5076600,2902600,0,0,0,0,2031820,0
[E2OURS-CSV] 4,61,3337600,2238790,0,0,0,0,978110,0
[E2OURS-CSV] 4,62,3045570,1428950,0,0,0,0,1532330,0
[E2OURS-CSV] 4,63,2411080,1491080,0,0,0,0,838640,0
[E2OURS-CSV] 4,64,5257430,2763530,0,0,0,0,2319210,0
[E2OURS-CSV] 4,65,2619020,1450630,0,0,0,0,1061050,0
[E2OURS-CSV] 4,66,3137120,1964110,0,0,0,0,1031860,0
[E2OURS-CSV] 4,67,2467690,1529790,0,0,0,0,854460,0
[E2OURS-CSV] 4,68,2360360,1434080,0,0,0,0,844730,0
[E2OURS-CSV] 4,69,2518360,1392750,0,0,0,0,1028890,0
[E2OURS-CSV] 4,70,2869960,1310060,0,0,0,0,1466660,0
[E2OURS-CSV] 4,71,2418920,1466350,0,0,0,0,867470,0
[E2OURS-CSV] 4,72,5019900,2855550,0,0,0,0,2011540,0
[E2OURS-CSV] 4,73,5099030,2893030,0,0,0,0,2054880,0
[E2OURS-CSV] 4,74,5065450,2865830,0,0,0,0,2027740,0
[E2OURS-CSV] 4,75,3247880,2183490,0,0,0,0,917130,0
[E2OURS-CSV] 4,76,2489120,1369040,0,0,0,0,1030640,0
[E2OURS-CSV] 4,77,2587620,1422990,0,0,0,0,1078630,0
[E2OURS-CSV] 4,78,5027450,2620550,0,0,0,0,2013210,0
[E2OURS-CSV] 4,79,5256430,2657870,0,0,0,0,2439820,0
[E2OURS-CSV] 4,80,2530070,1401330,0,0,0,0,1039100,0
[E2OURS-CSV] 4,81,2430540,1340320,0,0,0,0,844240,0
[E2OURS-CSV] 4,82,2279770,1383280,0,0,0,0,822760,0
[E2OURS-CSV] 4,83,3136210,2112270,0,0,0,0,890610,0
[E2OURS-CSV] 4,84,2483270,1363100,0,0,0,0,1023560,0
[E2OURS-CSV] 4,85,2410420,1460400,0,0,0,0,860720,0
[E2OURS-CSV] 4,86,2438540,1481110,0,0,0,0,866770,0
[E2OURS-CSV] 4,87,2343670,1416220,0,0,0,0,850700,0
[E2OURS-CSV] 4,88,2398220,1458600,0,0,0,0,854320,0
[E2OURS-CSV] 4,89,2531270,1391280,0,0,0,0,1032660,0
[E2OURS-CSV] 4,90,2335720,1423270,0,0,0,0,833050,0
[E2OURS-CSV] 4,91,3069800,1306510,0,0,0,0,1668820,0
[E2OURS-CSV] 4,92,2550080,1412280,0,0,0,0,1049650,0
[E2OURS-CSV] 4,93,2335660,1417510,0,0,0,0,842180,0
[E2OURS-CSV] 4,94,2529520,1393220,0,0,0,0,1031940,0
[E2OURS-CSV] 4,95,3024630,1296040,0,0,0,0,1624990,0
[E2OURS-CSV] 4,96,2490040,1365170,0,0,0,0,1038000,0
[E2OURS-CSV] 4,97,2395390,1440370,0,0,0,0,870000,0
[E2OURS-CSV] 4,98,2364660,1444640,0,0,0,0,835480,0
[E2OURS-CSV] 4,99,2494560,1375220,0,0,0,0,1019280,0
[E2OURS-CSV] 4,100,2342370,1428850,0,0,0,0,835440,0
[E2OURS-CSV] 4,101,2488240,1360270,0,0,0,0,1036740,0
[E2OURS-CSV] 4,102,2369820,1436540,0,0,0,0,854660,0
[E2OURS-CSV] 4,103,2347670,1439960,0,0,0,0,827890,0
[E2OURS-CSV] 4,104,3069220,1329950,0,0,0,0,1641110,0
[E2OURS-CSV] 4,105,2436850,1315710,0,0,0,0,1032840,0
[E2OURS-CSV] 4,106,2454960,1344390,0,0,0,0,875740,0
[E2OURS-CSV] 4,107,3066910,1355330,0,0,0,0,1631050,0
[E2OURS-CSV] 4,108,2831930,1291600,0,0,0,0,1450990,0
[E2OURS-CSV] 4,109,2494080,1362070,0,0,0,0,1037650,0
[E2OURS-CSV] 4,110,2386570,1459740,0,0,0,0,843460,0
[E2OURS-CSV] 4,111,2472490,1352680,0,0,0,0,1022520,0
[E2OURS-CSV] 4,112,2292190,1399230,0,0,0,0,818530,0
[E2OURS-CSV] 4,113,3140560,2109960,0,0,0,0,893440,0
[E2OURS-CSV] 4,114,2526370,1383620,0,0,0,0,1047750,0
[E2OURS-CSV] 4,115,2494150,1362190,0,0,0,0,1038590,0
[E2OURS-CSV] 4,116,2446390,1330960,0,0,0,0,1022100,0
[E2OURS-CSV] 4,117,2776220,1268770,0,0,0,0,1422840,0
[E2OURS-CSV] 4,118,3138090,2098470,0,0,0,0,903770,0
[E2OURS-CSV] 4,119,5864830,3587180,0,0,0,0,2112530,0
[E2OURS-CSV] 4,120,3340730,2247300,0,0,0,0,943920,0
[E2OURS-CSV] 4,121,3023240,1297900,0,0,0,0,1633130,0
[E2OURS-CSV] 4,122,2572460,1417160,0,0,0,0,1073330,0
[E2OURS-CSV] 4,123,2408860,1459410,0,0,0,0,865340,0
[E2OURS-CSV] 4,124,5198860,2946110,0,0,0,0,2081210,0
[E2OURS-CSV] 4,125,3292480,2197660,0,0,0,0,928020,0
[E2OURS-CSV] 4,126,3151150,2091930,0,0,0,0,922230,0
[E2OURS-CSV] 4,127,2474850,1340290,0,0,0,0,1047690,0
[E2OURS-CSV] 4,128,2332810,1431940,0,0,0,0,820050,0
[E2OURS-CSV] 4,129,5176390,2930300,0,0,0,0,2074590,0
[E2OURS-CSV] 4,130,3321260,2206030,0,0,0,0,1001460,0
[E2OURS-CSV] 4,131,2397220,1296520,0,0,0,0,1010390,0
[E2OURS-CSV] 4,132,3156600,2124630,0,0,0,0,885410,0
[E2OURS-CSV] 4,133,2402170,1311940,0,0,0,0,1007560,0
[E2OURS-CSV] 4,134,2604170,1422000,0,0,0,0,1080070,0
[E2OURS-CSV] 4,135,2448940,1328870,0,0,0,0,1025380,0
[E2OURS-CSV] 4,136,3165430,2148140,0,0,0,0,878190,0
[E2OURS-CSV] 4,137,2548990,1410990,0,0,0,0,1050520,0
[E2OURS-CSV] 4,138,3148230,2118690,0,0,0,0,894670,0
[E2OURS-CSV] 4,139,4874750,2646240,0,0,0,0,2057080,0
[E2OURS-CSV] 4,140,3025520,1658990,0,0,0,0,1278690,0
[E2OURS-CSV] 4,141,3060980,1952010,0,0,0,0,977570,0
[E2OURS-CSV] 4,142,3200480,2184300,0,0,0,0,890220,0
[E2OURS-CSV] 4,143,5102440,2899730,0,0,0,0,2062430,0
[E2OURS-CSV] 4,144,4959970,2720790,0,0,0,0,2077100,0
[E2OURS-CSV] 4,145,3220530,2192190,0,0,0,0,889790,0
[E2OURS-CSV] 4,146,3027570,1286520,0,0,0,0,1647610,0
[E2OURS-CSV] 4,147,3128080,1975590,0,0,0,0,1025160,0
[E2OURS-CSV] 4,148,2421760,1321480,0,0,0,0,1013760,0
[E2OURS-CSV] 4,149,2528380,1379920,0,0,0,0,1054100,0
[E2OURS-CSV] 4,150,2394450,1306280,0,0,0,0,1003090,0
[E2OURS-CSV] 4,151,2951460,1322750,0,0,0,0,1535670,0
[E2OURS-CSV] 4,152,2663890,1313480,0,0,0,0,1267340,0
[E2OURS-CSV] 4,153,2996630,1302600,0,0,0,0,1601110,0
[E2OURS-CSV] 4,154,2575600,1253980,0,0,0,0,1220660,0
[E2OURS-CSV] 4,155,3017010,1297440,0,0,0,0,1629360,0
[E2OURS-CSV] 4,156,3122440,1964970,0,0,0,0,1021240,0
[E2OURS-CSV] 4,157,4185350,2616210,0,0,0,0,1432770,0
[E2OURS-CSV] 4,158,2389280,1310220,0,0,0,0,996140,0
[E2OURS-CSV] 4,159,5278200,3037400,0,0,0,0,2067870,0
[E2OURS-CSV] 4,160,2561680,1263490,0,0,0,0,1197990,0
[E2OURS-CSV] 4,161,3648130,2497580,0,0,0,0,995960,0
[E2OURS-CSV] 4,162,2496010,1367040,0,0,0,0,1043170,0
[E2OURS-CSV] 4,163,2430400,1317900,0,0,0,0,1028890,0
[E2OURS-CSV] 4,164,2514580,1353680,0,0,0,0,1065830,0
[E2OURS-CSV] 4,165,2540250,1242880,0,0,0,0,1182640,0
[E2OURS-CSV] 4,166,3013660,1300840,0,0,0,0,1618910,0
[E2OURS-CSV] 4,167,2599280,1286930,0,0,0,0,1220860,0
[E2OURS-CSV] 4,168,2761530,1261070,0,0,0,0,1406410,0
[E2OURS-CSV] 4,169,2618970,1251080,0,0,0,0,1269940,0
[E2OURS-CSV] 4,170,2557370,1261480,0,0,0,0,1193070,0
[E2OURS-CSV] 4,171,2464170,1333060,0,0,0,0,1040300,0
[E2OURS-CSV] 4,172,2505440,1365600,0,0,0,0,1050860,0
[E2OURS-CSV] 4,173,2396990,1315690,0,0,0,0,992300,0
[E2OURS-CSV] 4,174,4378860,2716970,0,0,0,0,1501270,0
[E2OURS-CSV] 4,175,2463340,1344750,0,0,0,0,1022950,0
[E2OURS-CSV] 4,176,2429300,1316140,0,0,0,0,1027550,0
[E2OURS-CSV] 4,177,2475230,1349790,0,0,0,0,1035970,0
[E2OURS-CSV] 4,178,2322840,1279250,0,0,0,0,970300,0
[E2OURS-CSV] 4,179,2464740,1339130,0,0,0,0,1027220,0
[E2OURS-CSV] 4,180,2478020,1358350,0,0,0,0,1026390,0
[E2OURS-CSV] 4,181,2285600,1260160,0,0,0,0,948660,0
[E2OURS-CSV] 4,182,2581700,1286720,0,0,0,0,1200310,0
[E2OURS-CSV] 4,183,2287150,1255830,0,0,0,0,956660,0
[E2OURS-CSV] 4,184,2467150,1344590,0,0,0,0,1030980,0
[E2OURS-CSV] 4,185,2409210,1307950,0,0,0,0,1015150,0
[E2OURS-CSV] 4,186,2368340,1300190,0,0,0,0,988180,0
[E2OURS-CSV] 4,187,2267890,1239660,0,0,0,0,955680,0
[E2OURS-CSV] 4,188,2269830,1249190,0,0,0,0,946590,0
[E2OURS-CSV] 4,189,3901390,2013490,0,0,0,0,1727370,0
[E2OURS-CSV] 4,190,2710970,1279650,0,0,0,0,1325320,0
[E2OURS-CSV] 4,191,2944860,1252390,0,0,0,0,1602500,0
[E2OURS-CSV] 4,192,2418220,1287320,0,0,0,0,1055160,0
[E2OURS-CSV] 4,193,2920270,1258640,0,0,0,0,1565530,0
[E2OURS-CSV] 4,194,3087770,1346330,0,0,0,0,1639680,0
[E2OURS-CSV] 4,195,2484870,1351790,0,0,0,0,1032560,0
[E2OURS-CSV] 4,196,2451420,1335570,0,0,0,0,1025460,0
[E2OURS-CSV] 4,197,2545940,1254760,0,0,0,0,1210320,0
[E2OURS-CSV] 4,198,2995180,1418220,0,0,0,0,1493780,0
[E2OURS-CSV] 4,199,3150470,1388450,0,0,0,0,1660340,0
[E2OURS-CSV] 4,200,2447760,1338020,0,0,0,0,1023360,0
[E2OURS-CSV] 4,201,2428110,1334990,0,0,0,0,1003100,0
[E2OURS-CSV] 4,202,2350770,1282230,0,0,0,0,991150,0
[E2OURS-CSV] 4,203,2415830,1309390,0,0,0,0,1022470,0
[E2OURS-CSV] 4,204,2508690,1192810,0,0,0,0,1214270,0
[E2OURS-CSV] 4,205,2450750,1338110,0,0,0,0,1025260,0
[E2OURS-CSV] 4,206,2434410,1342610,0,0,0,0,997030,0
[E2OURS-CSV] 4,207,2387100,1300200,0,0,0,0,1007530,0
[E2OURS-CSV] 4,208,2281290,1254880,0,0,0,0,955510,0
[E2OURS-CSV] 4,209,2520340,1411320,0,0,0,0,1013400,0
[E2OURS-CSV] 4,210,2460440,1191490,0,0,0,0,1173780,0
[E2OURS-CSV] 4,211,2465000,1197760,0,0,0,0,1170420,0
[E2OURS-CSV] 4,212,2596950,1302920,0,0,0,0,1203870,0
[E2OURS-CSV] 4,213,2392260,1318140,0,0,0,0,992080,0
[E2OURS-CSV] 4,214,2545400,1240940,0,0,0,0,1203490,0
[E2OURS-CSV] 4,215,2474630,1206970,0,0,0,0,1173860,0
[E2OURS-CSV] 4,216,2500520,1221220,0,0,0,0,1177450,0
[E2OURS-CSV] 4,217,2980560,1455750,0,0,0,0,1434400,0
[E2OURS-CSV] 4,218,2413820,1329330,0,0,0,0,990740,0
[E2OURS-CSV] 4,219,2473770,1216590,0,0,0,0,1161850,0
[E2OURS-CSV] 4,220,2437670,1190930,0,0,0,0,1154030,0
[E2OURS-CSV] 4,221,2360360,1292250,0,0,0,0,988880,0
[E2OURS-CSV] 4,222,2384700,1313230,0,0,0,0,987630,0
[E2OURS-CSV] 4,223,2436410,1182420,0,0,0,0,1163270,0
[E2OURS-CSV] 4,224,3065630,1297680,0,0,0,0,1673150,0
[E2OURS-CSV] 4,225,3162200,1701660,0,0,0,0,1367380,0
[E2OURS-CSV] 4,226,2428540,1184890,0,0,0,0,1155650,0
[E2OURS-CSV] 4,227,2595930,1294990,0,0,0,0,1215610,0
[E2OURS-CSV] 4,228,2463780,1193580,0,0,0,0,1182210,0
[E2OURS-CSV] 4,229,2509600,1220150,0,0,0,0,1198910,0
[E2OURS-CSV] 4,230,2522870,1208040,0,0,0,0,1220200,0
[E2OURS-CSV] 4,231,2491370,1229720,0,0,0,0,1169340,0
[E2OURS-CSV] 4,232,3027640,1503120,0,0,0,0,1424470,0
[E2OURS-CSV] 4,233,2415470,1167380,0,0,0,0,1160830,0
[E2OURS-CSV] 4,234,2543370,1209210,0,0,0,0,1239040,0
[E2OURS-CSV] 4,235,2425400,1195530,0,0,0,0,1138340,0
[E2OURS-CSV] 4,236,2625500,1382710,0,0,0,0,1148680,0
[E2OURS-CSV] 4,237,2371900,1303980,0,0,0,0,982330,0
[E2OURS-CSV] 4,238,2506130,1182200,0,0,0,0,1235310,0
[E2OURS-CSV] 4,239,2600220,1234980,0,0,0,0,1272840,0
[E2OURS-CSV] 4,240,2432150,1194070,0,0,0,0,1147820,0
[E2OURS-CSV] 4,241,2460140,1219060,0,0,0,0,1147800,0
[E2OURS-CSV] 4,242,2536720,1254170,0,0,0,0,1195700,0
[E2OURS-CSV] 4,243,2376460,1321910,0,0,0,0,977540,0
[E2OURS-CSV] 4,244,2516270,1234410,0,0,0,0,1187350,0
[E2OURS-CSV] 4,245,2497260,1227650,0,0,0,0,1170850,0
[E2OURS-CSV] 4,246,2393810,1158600,0,0,0,0,1150300,0
[E2OURS-CSV] 4,247,2407100,1176480,0,0,0,0,1146300,0
[E2OURS-CSV] 4,248,2331590,1289570,0,0,0,0,962260,0
[E2OURS-CSV] 4,249,2502550,1221520,0,0,0,0,1184590,0
[E2OURS-CSV] 4,250,2420940,1190990,0,0,0,0,1140280,0
[E2OURS-CSV] 4,251,2470910,1182260,0,0,0,0,1205420,0
[E2OURS-CSV] 4,252,2359950,1301040,0,0,0,0,980800,0
[E2OURS-CSV] 4,253,2391030,1163880,0,0,0,0,990560,0
[E2OURS-CSV] 4,254,2769700,1417430,0,0,0,0,1257460,0
[E2OURS-CSV] 4,255,2466090,1222460,0,0,0,0,1153670,0
[E2OURS-CSV] 4,256,2475020,1382610,0,0,0,0,996040,0
[E2OURS-CSV] 4,257,2573760,1420170,0,0,0,0,1074720,0
[E2OURS-CSV] 4,258,2418210,1175890,0,0,0,0,1147560,0
[E2OURS-CSV] 4,259,2484130,1365520,0,0,0,0,1024890,0
[E2OURS-CSV] 4,260,2497710,1378430,0,0,0,0,1023500,0
[E2OURS-CSV] 4,261,2373030,1164940,0,0,0,0,1118150,0
[E2OURS-CSV] 4,262,2409650,1178140,0,0,0,0,1148070,0
[E2OURS-CSV] 4,263,2355720,1159220,0,0,0,0,1111880,0
[E2OURS-CSV] 4,264,2476100,1352870,0,0,0,0,1017210,0
[E2OURS-CSV] 4,265,2459410,1197430,0,0,0,0,1168970,0
[E2OURS-CSV] 4,266,2407900,1320010,0,0,0,0,996030,0
[E2OURS-CSV] 4,267,2401620,1180350,0,0,0,0,1132580,0
[E2OURS-CSV] 4,268,2300220,1271120,0,0,0,0,947870,0
[E2OURS-CSV] 4,269,2534730,1404260,0,0,0,0,1031460,0
[E2OURS-CSV] 4,270,2471580,1350980,0,0,0,0,1024200,0
[E2OURS-CSV] 4,271,2440510,1487670,0,0,0,0,863640,0
[E2OURS-CSV] 4,272,2724230,1433500,0,0,0,0,1198380,0
[E2OURS-CSV] 4,273,2388770,1309890,0,0,0,0,986980,0
[E2OURS-CSV] 4,274,3115510,2063130,0,0,0,0,950460,0
[E2OURS-CSV] 4,275,2391940,1166700,0,0,0,0,1136730,0
[E2OURS-CSV] 4,276,2396400,1155760,0,0,0,0,1145870,0
[E2OURS-CSV] 4,277,2364610,1153870,0,0,0,0,1123630,0
[E2OURS-CSV] 4,278,2239590,1225610,0,0,0,0,936040,0
[E2OURS-CSV] 4,279,2425330,1323870,0,0,0,0,1009890,0
[E2OURS-CSV] 4,280,2437980,1331860,0,0,0,0,1011490,0
[E2OURS-CSV] 4,281,2432190,1341540,0,0,0,0,1001160,0
[E2OURS-CSV] 4,282,2305890,1132960,0,0,0,0,1088460,0
[E2OURS-CSV] 4,283,2404880,1316780,0,0,0,0,1001470,0
[E2OURS-CSV] 4,284,2469160,1355950,0,0,0,0,1018500,0
[E2OURS-CSV] 4,285,2453460,1350230,0,0,0,0,1011890,0
[E2OURS-CSV] 4,286,2399860,1329170,0,0,0,0,982170,0
[E2OURS-CSV] 4,287,2516450,1380830,0,0,0,0,1037730,0
[E2OURS-CSV] 4,288,2437850,1351350,0,0,0,0,998490,0
[E2OURS-CSV] 4,289,2495510,1373330,0,0,0,0,1022370,0
[E2OURS-CSV] 4,290,2456550,1341390,0,0,0,0,1012170,0
[E2OURS-CSV] 4,291,2348980,1134680,0,0,0,0,1135360,0
[E2OURS-CSV] 4,292,2486130,1367500,0,0,0,0,1024010,0
[E2OURS-CSV] 4,293,2330450,1130030,0,0,0,0,1120140,0
[E2OURS-CSV] 4,294,2419320,1324600,0,0,0,0,1003350,0
[E2OURS-CSV] 4,295,2479590,1355520,0,0,0,0,1019030,0
[E2OURS-CSV] 4,296,2346890,1288180,0,0,0,0,977020,0
[E2OURS-CSV] 4,297,2472930,1352600,0,0,0,0,1029340,0
[E2OURS-CSV] 4,298,2422280,1328420,0,0,0,0,1004410,0
[E2OURS-CSV] 4,299,2440610,1338700,0,0,0,0,1008270,0
[E2OURS-CSV] 4,300,2430490,1332640,0,0,0,0,1010330,0
[E2OURS-CSV] 4,301,2465740,1350490,0,0,0,0,1025400,0
[E2OURS-CSV] 4,302,2846550,1830700,0,0,0,0,920110,0
[E2OURS-CSV] 4,303,2396570,1325910,0,0,0,0,985610,0
[E2OURS-CSV] 4,304,2420500,1315140,0,0,0,0,1008420,0
[E2OURS-CSV] 4,305,2443730,1347060,0,0,0,0,1002240,0
[E2OURS-CSV] 4,306,2330880,1278850,0,0,0,0,976360,0
[E2OURS-CSV] 4,307,2380900,1311000,0,0,0,0,984590,0
[E2OURS-CSV] 4,308,2284340,1103730,0,0,0,0,1098080,0
[E2OURS-CSV] 4,309,2436200,1347590,0,0,0,0,994870,0
[E2OURS-CSV] 4,310,3046030,1842860,0,0,0,0,1114690,0
[E2OURS-CSV] 4,311,2432120,1331970,0,0,0,0,1008560,0
[E2OURS-CSV] 4,312,2416940,1331550,0,0,0,0,997470,0
[E2OURS-CSV] 4,313,2307200,1257020,0,0,0,0,969800,0
[E2OURS-CSV] 4,314,2458410,1336450,0,0,0,0,1024310,0
[E2OURS-CSV] 4,315,2404600,1329600,0,0,0,0,982710,0
[E2OURS-CSV] 4,316,2700480,1562070,0,0,0,0,1025170,0
[E2OURS-CSV] 4,317,2700940,1549950,0,0,0,0,1061710,0
[E2OURS-CSV] 4,318,2349020,1289540,0,0,0,0,983080,0
[E2OURS-CSV] 4,319,2868230,1350350,0,0,0,0,1419950,0
[E2OURS-CSV] 4,320,2953550,1789480,0,0,0,0,1083190,0
[E2OURS-CSV] 4,321,2597470,1365010,0,0,0,0,1144390,0
[E2OURS-CSV] 4,322,2429340,1322760,0,0,0,0,1017770,0
[E2OURS-CSV] 4,323,2362080,1299760,0,0,0,0,982510,0
[E2OURS-CSV] 4,324,2675840,1547820,0,0,0,0,1029070,0
[E2OURS-CSV] 4,325,2644600,1371520,0,0,0,0,1181120,0
[E2OURS-CSV] 4,326,2626730,1355320,0,0,0,0,1179560,0
[E2OURS-CSV] 4,327,2423170,1336860,0,0,0,0,995660,0
[E2OURS-CSV] 4,328,2290900,1247130,0,0,0,0,969770,0
[E2OURS-CSV] 4,329,2673840,1539470,0,0,0,0,1033680,0
[E2OURS-CSV] 4,330,2364170,1316420,0,0,0,0,967780,0
[E2OURS-CSV] 4,331,2413500,1330800,0,0,0,0,994560,0
[E2OURS-CSV] 4,332,2710670,1553000,0,0,0,0,1077820,0
[E2OURS-CSV] 4,333,2409290,1326150,0,0,0,0,997160,0
[E2OURS-CSV] 4,334,2593650,1358960,0,0,0,0,1139870,0
[E2OURS-CSV] 4,335,2419640,1330540,0,0,0,0,999890,0
[E2OURS-CSV] 4,336,2417770,1331170,0,0,0,0,999020,0
[E2OURS-CSV] 4,337,2399760,1321570,0,0,0,0,999090,0
[E2OURS-CSV] 4,338,2292640,1251470,0,0,0,0,967670,0
[E2OURS-CSV] 4,339,2723090,1577610,0,0,0,0,1042090,0
[E2OURS-CSV] 4,340,2586080,1343850,0,0,0,0,1153020,0
[E2OURS-CSV] 4,341,2578240,1343780,0,0,0,0,1149770,0
[E2OURS-CSV] 4,342,2408430,1325590,0,0,0,0,990100,0
[E2OURS-CSV] 4,343,2332370,1293820,0,0,0,0,958070,0
[E2OURS-CSV] 4,344,2622290,1364750,0,0,0,0,1156640,0
[E2OURS-CSV] 4,345,2653130,1509300,0,0,0,0,1046510,0
[E2OURS-CSV] 4,346,2561570,1346750,0,0,0,0,1127610,0
[E2OURS-CSV] 4,347,2812340,1659870,0,0,0,0,1053070,0
[E2OURS-CSV] 4,348,2367810,1293490,0,0,0,0,993170,0
[E2OURS-CSV] 4,349,2603800,1493640,0,0,0,0,1012470,0
[E2OURS-CSV] 4,350,2657210,1521230,0,0,0,0,1038450,0
[E2OURS-CSV] 4,351,2585100,1347300,0,0,0,0,1149260,0
[E2OURS-CSV] 4,352,2645560,1578460,0,0,0,0,979720,0
[E2OURS-CSV] 4,353,2591150,1332090,0,0,0,0,1173110,0
[E2OURS-CSV] 4,354,2691190,1548770,0,0,0,0,1036950,0
[E2OURS-CSV] 4,355,2383370,1309460,0,0,0,0,989980,0
[E2OURS-CSV] 4,356,2632390,1513050,0,0,0,0,1027050,0
[E2OURS-CSV] 4,357,2372870,1313200,0,0,0,0,977650,0
[E2OURS-CSV] 4,358,2334570,1284070,0,0,0,0,975990,0
[E2OURS-CSV] 4,359,2913630,1527960,0,0,0,0,1290290,0
[E2OURS-CSV] 4,360,2574080,1332240,0,0,0,0,1154180,0
[E2OURS-CSV] 4,361,2567120,1317700,0,0,0,0,1162450,0
[E2OURS-CSV] 4,362,2737350,1592500,0,0,0,0,1069260,0
[E2OURS-CSV] 4,363,2365460,1295030,0,0,0,0,986210,0
[E2OURS-CSV] 4,364,2692180,1545900,0,0,0,0,1044320,0
[E2OURS-CSV] 4,365,3115190,1891250,0,0,0,0,1134950,0
[E2OURS-CSV] 4,366,2550060,1303850,0,0,0,0,1158620,0
[E2OURS-CSV] 4,367,2522920,1306100,0,0,0,0,1129020,0
[E2OURS-CSV] 4,368,2362510,1296360,0,0,0,0,981370,0
[E2OURS-CSV] 4,369,2604610,1496610,0,0,0,0,1014900,0
[E2OURS-CSV] 4,370,2606920,1509310,0,0,0,0,1004890,0
[E2OURS-CSV] 4,371,2331120,1285490,0,0,0,0,969940,0
[E2OURS-CSV] 4,372,3041960,1845360,0,0,0,0,1106560,0
[E2OURS-CSV] 4,373,2544260,1317050,0,0,0,0,1141400,0
[E2OURS-CSV] 4,374,3271500,1795270,0,0,0,0,1328050,0
[E2OURS-CSV] 4,375,3057330,2003440,0,0,0,0,956440,0
[E2OURS-CSV] 4,376,2556030,1315590,0,0,0,0,1156120,0
[E2OURS-CSV] 4,377,2685500,1539620,0,0,0,0,1059320,0
[E2OURS-CSV] 4,378,2539330,1300460,0,0,0,0,1156260,0
[E2OURS-CSV] 4,379,2681220,1543140,0,0,0,0,1040490,0
[E2OURS-CSV] 4,380,3048990,1857160,0,0,0,0,1096320,0
[E2OURS-CSV] 4,381,2578710,1478280,0,0,0,0,1014650,0
[E2OURS-CSV] 4,382,2525830,1308140,0,0,0,0,1134410,0
[E2OURS-CSV] 4,383,2321100,1256920,0,0,0,0,986940,0
[E2OURS-CSV] 4,384,2705830,1558390,0,0,0,0,1049430,0
[E2OURS-CSV] 4,385,3103980,2007720,0,0,0,0,1012340,0
[E2OURS-CSV] 4,386,2590800,1496250,0,0,0,0,1006620,0
[E2OURS-CSV] 4,387,2329810,1270550,0,0,0,0,978120,0
[E2OURS-CSV] 4,388,2563410,1471990,0,0,0,0,998880,0
[E2OURS-CSV] 4,389,3137160,1897040,0,0,0,0,1135320,0
[E2OURS-CSV] 4,390,3048260,1830940,0,0,0,0,1130530,0
[E2OURS-CSV] 4,391,2616630,1483080,0,0,0,0,1047600,0
[E2OURS-CSV] 4,392,2696220,1557670,0,0,0,0,1047380,0
[E2OURS-CSV] 4,393,2248290,1217290,0,0,0,0,957960,0
[E2OURS-CSV] 4,394,2648700,1520120,0,0,0,0,1032220,0
[E2OURS-CSV] 4,395,3152650,1866470,0,0,0,0,1205050,0
[E2OURS-CSV] 4,396,2569040,1479990,0,0,0,0,1000760,0
[E2OURS-CSV] 4,397,3068310,1981500,0,0,0,0,994760,0
[E2OURS-CSV] 4,398,2561710,1470810,0,0,0,0,1008000,0
[E2OURS-CSV] 4,399,3672310,2041290,0,0,0,0,1476780,0
[E2OURS-CSV] 4,400,2605150,1506540,0,0,0,0,1006640,0
[E2OURS-CSV] 4,401,2487950,1285030,0,0,0,0,1127430,0
[E2OURS-CSV] 4,402,2542280,1458700,0,0,0,0,1000060,0
[E2OURS-CSV] 4,403,3044680,1841620,0,0,0,0,1127380,0
[E2OURS-CSV] 4,404,2659490,1529830,0,0,0,0,1032730,0
[E2OURS-CSV] 4,405,3116270,1614490,0,0,0,0,1176960,0
[E2OURS-CSV] 4,406,3028570,1824230,0,0,0,0,1116830,0
[E2OURS-CSV] 4,407,2747690,1721450,0,0,0,0,936870,0
[E2OURS-CSV] 4,408,2549500,1465540,0,0,0,0,998590,0
[E2OURS-CSV] 4,409,2592070,1507920,0,0,0,0,992470,0
[E2OURS-CSV] 4,410,2523760,1446910,0,0,0,0,995060,0
[E2OURS-CSV] 4,411,2289420,1228140,0,0,0,0,985250,0
[E2OURS-CSV] 4,412,2566680,1484700,0,0,0,0,990750,0
[E2OURS-CSV] 4,413,2206180,1210350,0,0,0,0,922730,0
[E2OURS-CSV] 4,414,2557470,1465550,0,0,0,0,1000330,0
[E2OURS-CSV] 4,415,2467420,1419090,0,0,0,0,965950,0
[E2OURS-CSV] 4,416,2520900,1442650,0,0,0,0,993100,0
[E2OURS-CSV] 4,417,560450,328420,0,0,0,0,200740,0
[E2OURS-CSV] 4,418,2700010,1705530,0,0,0,0,887790,0
[E2OURS-CSV] 4,419,2783580,1761590,0,0,0,0,909680,0
[E2OURS-CSV] 4,420,2765020,1764280,0,0,0,0,903190,0
[E2OURS-CSV] 4,421,2601580,1526870,0,0,0,0,990780,0
[E2OURS-CSV] 4,422,2705240,1733200,0,0,0,0,888850,0
[E2OURS-CSV] 4,423,2582890,1496350,0,0,0,0,1001510,0
[E2OURS-CSV] 4,424,5141550,3158740,0,0,0,0,1808940,0
[E2OURS-CSV] 4,425,3165410,1744460,0,0,0,0,1303340,0
[E2OURS-CSV] 4,426,2481130,1429750,0,0,0,0,972870,0
[E2OURS-CSV] 4,427,5292390,2908170,0,0,0,0,1992130,0
[E2OURS-CSV] 4,428,3151550,1745130,0,0,0,0,1294010,0
[E2OURS-CSV] 4,429,3414600,2204600,0,0,0,0,1062130,0
[E2OURS-CSV] 4,430,2549030,1465820,0,0,0,0,993780,0
[E2OURS-CSV] 4,431,2470790,1429740,0,0,0,0,962010,0
[E2OURS-CSV] 4,432,2533400,1461170,0,0,0,0,992970,0
[E2OURS-CSV] 4,433,2433620,1405950,0,0,0,0,954920,0
[E2OURS-CSV] 4,434,5112170,3153110,0,0,0,0,1795270,0
[E2OURS-CSV] 4,435,5074580,3148950,0,0,0,0,1766290,0
[E2OURS-CSV] 4,436,4809720,2688290,0,0,0,0,1989730,0
[E2OURS-CSV] 4,437,2840800,1489040,0,0,0,0,1073220,0
[E2OURS-CSV] 4,438,2500640,1443320,0,0,0,0,977400,0
[E2OURS-CSV] 4,439,4592820,2298250,0,0,0,0,2180940,0
[E2OURS-CSV] 4,440,3286740,1982800,0,0,0,0,1159970,0
[E2OURS-CSV] 4,441,2952690,1795780,0,0,0,0,1069170,0
[E2OURS-CSV] 4,442,4853000,2808110,0,0,0,0,1893490,0
[E2OURS-CSV] 4,443,5035310,2889390,0,0,0,0,1764170,0
[E2OURS-CSV] 4,444,5049830,3095020,0,0,0,0,1790370,0
[E2OURS-CSV] 4,445,2638350,1663450,0,0,0,0,880940,0
[E2OURS-CSV] 4,446,2520550,1464040,0,0,0,0,975140,0
[E2OURS-CSV] 4,447,3367000,1917360,0,0,0,0,1076180,0
[E2OURS-CSV] 4,448,2948340,1741300,0,0,0,0,1117890,0
[E2OURS-CSV] 4,449,3342210,1959330,0,0,0,0,1041970,0
[E2OURS-CSV] 4,450,4823880,3021450,0,0,0,0,1652210,0
[E2OURS-CSV] 4,451,2530150,1465050,0,0,0,0,983010,0
[E2OURS-CSV] 4,452,3360050,1932670,0,0,0,0,1070230,0
[E2OURS-CSV] 4,453,2571650,1490240,0,0,0,0,997160,0
[E2OURS-CSV] 4,454,3367980,1952570,0,0,0,0,1076940,0
[E2OURS-CSV] 4,455,3733030,2000160,0,0,0,0,1400750,0
[E2OURS-CSV] 4,456,2535950,1449030,0,0,0,0,997720,0
[E2OURS-CSV] 4,457,2610260,1506200,0,0,0,0,858670,0
[E2OURS-CSV] 4,458,2955000,1810720,0,0,0,0,1062580,0
[E2OURS-CSV] 4,459,2573680,1469470,0,0,0,0,1005130,0
[E2OURS-CSV] 4,460,2755880,1776830,0,0,0,0,883940,0
[E2OURS-CSV] 4,461,2570110,1476310,0,0,0,0,1002110,0
[E2OURS-CSV] 4,462,2595940,1632940,0,0,0,0,873970,0
[E2OURS-CSV] 4,463,2563440,1476240,0,0,0,0,999050,0
[E2OURS-CSV] 4,464,2653500,1666980,0,0,0,0,883970,0
[E2OURS-CSV] 4,465,2551490,1461160,0,0,0,0,998720,0
[E2OURS-CSV] 4,466,2591470,1616520,0,0,0,0,875580,0
[E2OURS-CSV] 4,467,2690090,1677670,0,0,0,0,921490,0
[E2OURS-CSV] 4,468,2385730,1350600,0,0,0,0,962640,0
[E2OURS-CSV] 4,469,2589000,1630500,0,0,0,0,864210,0
[E2OURS-CSV] 4,470,2539470,1468600,0,0,0,0,984640,0
[E2OURS-CSV] 4,471,2577060,1623240,0,0,0,0,865370,0
[E2OURS-CSV] 4,472,2895770,1748660,0,0,0,0,1069140,0
[E2OURS-CSV] 4,473,2532110,1429790,0,0,0,0,1016290,0
[E2OURS-CSV] 4,474,5060270,2887630,0,0,0,0,1818200,0
[E2OURS-CSV] 4,475,3313740,1953490,0,0,0,0,1041710,0
[E2OURS-CSV] 4,476,3442680,1967360,0,0,0,0,1139300,0
[E2OURS-CSV] 4,477,2629190,1668450,0,0,0,0,875600,0
[E2OURS-CSV] 4,478,2571650,1616690,0,0,0,0,871070,0
[E2OURS-CSV] 4,479,5465390,3135390,0,0,0,0,2168900,0
[E2OURS-CSV] 4,480,3372330,1989460,0,0,0,0,1056270,0
[E2OURS-CSV] 4,481,3297280,1932610,0,0,0,0,1039880,0
[E2OURS-CSV] 4,482,2672780,1690690,0,0,0,0,904050,0
[E2OURS-CSV] 4,483,2888860,1776690,0,0,0,0,1033700,0
[E2OURS-CSV] 4,484,3364520,1968730,0,0,0,0,1061400,0
[E2OURS-CSV] 4,485,2563200,1631720,0,0,0,0,842270,0
[E2OURS-CSV] 4,486,2436550,1388040,0,0,0,0,975940,0
[E2OURS-CSV] 4,487,2446240,1388620,0,0,0,0,979680,0
[E2OURS-CSV] 4,488,3930780,2241300,0,0,0,0,1360400,0
[E2OURS-CSV] 4,489,3387140,2006290,0,0,0,0,1047790,0
[E2OURS-CSV] 4,490,3339830,1965100,0,0,0,0,1047850,0
[E2OURS-CSV] 4,491,2581940,1636580,0,0,0,0,859880,0
[E2OURS-CSV] 4,492,3031210,1427890,0,0,0,0,1521340,0
[E2OURS-CSV] 4,493,2940690,1417260,0,0,0,0,1434410,0
[E2OURS-CSV] 4,494,5330570,2919440,0,0,0,0,2055660,0
[E2OURS-CSV] 4,495,4934120,2706010,0,0,0,0,1908880,0
[E2OURS-CSV] 4,496,2651030,1682810,0,0,0,0,877200,0
[E2OURS-CSV] 4,497,2745430,1745220,0,0,0,0,910540,0
[E2OURS-CSV] 4,498,3284180,1943690,0,0,0,0,1022410,0
[E2OURS-CSV] 4,499,3436680,2162270,0,0,0,0,920110,0
[E2OURS-CSV] 4,500,5337560,2923000,0,0,0,0,2083130,0
[E2OURS-CSV] 4,501,2633140,1677130,0,0,0,0,866450,0
[E2OURS-CSV] 4,502,2470770,1430790,0,0,0,0,961170,0
[E2OURS-CSV] 4,503,2417200,1369290,0,0,0,0,974860,0
[E2OURS-CSV] 4,504,3359370,1988660,0,0,0,0,1039980,0
[E2OURS-CSV] 4,505,5254610,2870490,0,0,0,0,2036640,0
[E2OURS-CSV] 4,506,5271330,2884470,0,0,0,0,2059890,0
[E2OURS-CSV] 4,507,4943360,2845200,0,0,0,0,1756440,0
[E2OURS-CSV] 4,508,4701350,2203440,0,0,0,0,2171160,0
[E2OURS-CSV] 4,509,3205590,1984950,0,0,0,0,1069270,0
[E2OURS-SUMMARY] chain_len=4 e2e_avg=2841624 publish_avg=1587007 sched_avg=1135755
[RTExecutor] Exited
[E2OURS-EXIT] Reached semihosting exit
