audio: Device lm4549: audiodev default parameter is deprecated, please specify audiodev=none

RTEMS Shell on /dev/console. Use 'help' to list commands.
SHLL [/] # nexus0: <RTEMS Nexus device>
info: lo0: link state changed to UP
=== Exp2-Ours: Task Chain (n=3) RTExecutor ===
Period: 200ms, Rounds: 500
[E2OURS-CSV] chain_len,round,e2e_ns,publish_ns,gc_trigger_ns,invoke_cb_ns,getnext_ns,take_data_ns,sched_ns,dispatch_ns
[RTExecutor] Constructed (kernel-driven, no spin)
666666
CPP Msg not nullptr
CPP Msg not nullptr
CPP Msg not nullptr
CPP Msg not nullptr
C Msg not NULL
C Msg not NULL
CPP Srv not nullptr
CPP Srv not nullptr
CPP Srv not nullptr
CPP Srv not nullptr
CPP Srv not nullptr
CPP Srv not nullptr
CPP Msg not nullptr
CPP Msg not nullptr
CPP Msg not nullptr
CPP Msg not nullptr
CPP Msg not nullptr
CPP Msg not nullptr
C Msg not NULL
C Msg not NULL
CPP Srv not nullptr
CPP Srv not nullptr
CPP Srv not nullptr
CPP Srv not nullptr
CPP Srv not nullptr
CPP Srv not nullptr
CPP Msg not nullptr
CPP Msg not nullptr
CPP Msg not nullptr
CPP Msg not nullptr
CPP Msg not nullptr
CPP Msg not nullptr
CPP Msg not nullptr
CPP Msg not nullptr
C Msg not NULL
C Msg not NULL
CPP Srv not nullptr
CPP Srv not nullptr
CPP Srv not nullptr
CPP Srv not nullptr
CPP Srv not nullptr
CPP Srv not nullptr
CPP Msg not nullptr
CPP Msg not nullptr
CPP Msg not nullptr
CPP Msg not nullptr
CPP Msg not nullptr
CPP Msg not nullptr
[RTExecutor] Registered timer ch=0 period=200ms pri=60
[CallbackTask] Started 'SUB0' pri=80 tid=167837713
[RTExecutor] Registered subscription 'chain_1' pri=80 direct_notify=ON
[CallbackTask] Started 'SUB1' pri=80 tid=167837714
[RTExecutor] Registered subscription 'chain_2' pri=80 direct_notify=ON
[CallbackTask] Started 'TM0' pri=60 tid=167837715
[RTExecutor] Timer ch=0 period=200t target=167837715
[RTExecutor] Running — ALL callbacks kernel-driven, NO polling
[E2OURS-CSV] 3,10,3651960,1929770,0,0,0,0,1585050,0
[E2OURS-CSV] 3,11,3592320,1946810,0,0,0,0,1510600,0
[E2OURS-CSV] 3,12,3128450,2273110,0,0,0,0,724530,0
[E2OURS-CSV] 3,13,1876650,1182460,0,0,0,0,599660,0
[E2OURS-CSV] 3,14,1689190,913160,0,0,0,0,708200,0
[E2OURS-CSV] 3,15,1802020,1117380,0,0,0,0,605700,0
[E2OURS-CSV] 3,16,1781120,960220,0,0,0,0,735000,0
[E2OURS-CSV] 3,17,1923410,1219290,0,0,0,0,626230,0
[E2OURS-CSV] 3,18,1926120,1211840,0,0,0,0,604820,0
[E2OURS-CSV] 3,19,1842860,1142960,0,0,0,0,608130,0
[E2OURS-CSV] 3,20,1829270,1145930,0,0,0,0,602680,0
[E2OURS-CSV] 3,21,1738480,938830,0,0,0,0,725380,0
[E2OURS-CSV] 3,22,1753630,950920,0,0,0,0,726510,0
[E2OURS-CSV] 3,23,2770180,1973150,0,0,0,0,650420,0
[E2OURS-CSV] 3,24,3085900,1771310,0,0,0,0,1190600,0
[E2OURS-CSV] 3,25,1856420,1172630,0,0,0,0,598400,0
[E2OURS-CSV] 3,26,2616520,1469780,0,0,0,0,1024790,0
[E2OURS-CSV] 3,27,1861860,1165910,0,0,0,0,608630,0
[E2OURS-CSV] 3,28,2264590,1355620,0,0,0,0,815280,0
[E2OURS-CSV] 3,29,2615820,1485370,0,0,0,0,1004940,0
[E2OURS-CSV] 3,30,1837920,1170460,0,0,0,0,585490,0
[E2OURS-CSV] 3,31,2233540,1317110,0,0,0,0,827600,0
[E2OURS-CSV] 3,32,2017210,1262200,0,0,0,0,662030,0
[E2OURS-CSV] 3,33,3683980,1994010,0,0,0,0,1541480,0
[E2OURS-CSV] 3,34,2677280,1510450,0,0,0,0,1048490,0
[E2OURS-CSV] 3,35,1885310,1203130,0,0,0,0,593920,0
[E2OURS-CSV] 3,36,1749270,935860,0,0,0,0,742460,0
[E2OURS-CSV] 3,37,1819890,1130590,0,0,0,0,598780,0
[E2OURS-CSV] 3,38,1908570,1208910,0,0,0,0,612450,0
[E2OURS-CSV] 3,39,1864100,1166180,0,0,0,0,609820,0
[E2OURS-CSV] 3,40,2284550,1355010,0,0,0,0,843960,0
[E2OURS-CSV] 3,41,1821950,1129460,0,0,0,0,607480,0
[E2OURS-CSV] 3,42,1840910,1147210,0,0,0,0,610570,0
[E2OURS-CSV] 3,43,1909980,1209220,0,0,0,0,606690,0
[E2OURS-CSV] 3,44,1760080,1084030,0,0,0,0,597900,0
[E2OURS-CSV] 3,45,1811260,1126950,0,0,0,0,596090,0
[E2OURS-CSV] 3,46,1791830,1117990,0,0,0,0,591270,0
[E2OURS-CSV] 3,47,1975100,1240560,0,0,0,0,651710,0
[E2OURS-CSV] 3,48,1930670,1212870,0,0,0,0,611530,0
[E2OURS-CSV] 3,49,1810220,1133900,0,0,0,0,597390,0
[E2OURS-CSV] 3,50,2709520,1923150,0,0,0,0,653020,0
[E2OURS-CSV] 3,51,1829570,1136930,0,0,0,0,607600,0
[E2OURS-CSV] 3,52,2195730,1298120,0,0,0,0,817720,0
[E2OURS-CSV] 3,53,3389200,2121600,0,0,0,0,1123780,0
[E2OURS-CSV] 3,54,1821400,1129070,0,0,0,0,605510,0
[E2OURS-CSV] 3,55,1814920,1124760,0,0,0,0,614650,0
[E2OURS-CSV] 3,56,1739360,1088710,0,0,0,0,576330,0
[E2OURS-CSV] 3,57,1770390,1106790,0,0,0,0,590880,0
[E2OURS-CSV] 3,58,1908650,1208360,0,0,0,0,606640,0
[E2OURS-CSV] 3,59,1869990,1160410,0,0,0,0,616280,0
[E2OURS-CSV] 3,60,1749890,1093060,0,0,0,0,581230,0
[E2OURS-CSV] 3,61,1728450,1087090,0,0,0,0,567040,0
[E2OURS-CSV] 3,62,2043720,1281700,0,0,0,0,669530,0
[E2OURS-CSV] 3,63,1919660,1206360,0,0,0,0,614420,0
[E2OURS-CSV] 3,64,1808290,1114080,0,0,0,0,608720,0
[E2OURS-CSV] 3,65,1817910,1127890,0,0,0,0,598440,0
[E2OURS-CSV] 3,66,1898120,1190440,0,0,0,0,619450,0
[E2OURS-CSV] 3,67,1859250,1150260,0,0,0,0,618260,0
[E2OURS-CSV] 3,68,1893300,1180140,0,0,0,0,620610,0
[E2OURS-CSV] 3,69,1878060,1173180,0,0,0,0,616120,0
[E2OURS-CSV] 3,70,1853220,1138170,0,0,0,0,624080,0
[E2OURS-CSV] 3,71,1830970,1143310,0,0,0,0,602530,0
[E2OURS-CSV] 3,72,1807410,1119190,0,0,0,0,601390,0
[E2OURS-CSV] 3,73,1924670,1209950,0,0,0,0,623230,0
[E2OURS-CSV] 3,74,1812550,1125060,0,0,0,0,602380,0
[E2OURS-CSV] 3,75,1838320,1143470,0,0,0,0,604570,0
[E2OURS-CSV] 3,76,1859640,1155300,0,0,0,0,613010,0
[E2OURS-CSV] 3,77,1981080,1256000,0,0,0,0,639590,0
[E2OURS-CSV] 3,78,2833990,2008930,0,0,0,0,675800,0
[E2OURS-CSV] 3,79,2031040,1187260,0,0,0,0,750260,0
[E2OURS-CSV] 3,80,1828020,1133070,0,0,0,0,603770,0
[E2OURS-CSV] 3,81,1768490,1104530,0,0,0,0,586670,0
[E2OURS-CSV] 3,82,1680250,1052640,0,0,0,0,557900,0
[E2OURS-CSV] 3,83,1839200,1141170,0,0,0,0,605640,0
[E2OURS-CSV] 3,84,2151380,1321260,0,0,0,0,754700,0
[E2OURS-CSV] 3,85,1790720,1105910,0,0,0,0,597030,0
[E2OURS-CSV] 3,86,1876530,1174680,0,0,0,0,616330,0
[E2OURS-CSV] 3,87,2194980,1319480,0,0,0,0,790070,0
[E2OURS-CSV] 3,88,1900730,1174980,0,0,0,0,631730,0
[E2OURS-CSV] 3,89,1888570,1158060,0,0,0,0,634450,0
[E2OURS-CSV] 3,90,1893160,1179160,0,0,0,0,624740,0
[E2OURS-CSV] 3,91,1821370,1131150,0,0,0,0,607810,0
[E2OURS-CSV] 3,92,1961460,1222210,0,0,0,0,665020,0
[E2OURS-CSV] 3,93,1841310,1135760,0,0,0,0,605820,0
[E2OURS-CSV] 3,94,2429810,1364150,0,0,0,0,981280,0
[E2OURS-CSV] 3,95,1687840,1039920,0,0,0,0,574840,0
[E2OURS-CSV] 3,96,1806070,1124200,0,0,0,0,600080,0
[E2OURS-CSV] 3,97,1858960,1154130,0,0,0,0,622380,0
[E2OURS-CSV] 3,98,1865940,1159860,0,0,0,0,614630,0
[E2OURS-CSV] 3,99,2364750,1105510,0,0,0,0,965150,0
[E2OURS-CSV] 3,100,3587650,1981280,0,0,0,0,1268630,0
[E2OURS-CSV] 3,101,2359100,1088460,0,0,0,0,1180360,0
[E2OURS-CSV] 3,102,2596290,1627400,0,0,0,0,641130,0
[E2OURS-CSV] 3,103,2406980,1121130,0,0,0,0,1188660,0
[E2OURS-CSV] 3,104,2651590,1673160,0,0,0,0,660380,0
[E2OURS-CSV] 3,105,1843440,1146150,0,0,0,0,612950,0
[E2OURS-CSV] 3,106,1871370,1158080,0,0,0,0,620330,0
[E2OURS-CSV] 3,107,1930240,1222530,0,0,0,0,632290,0
[E2OURS-CSV] 3,108,2646540,1675590,0,0,0,0,643750,0
[E2OURS-CSV] 3,109,2342000,1136280,0,0,0,0,1115750,0
[E2OURS-CSV] 3,110,2592590,1632120,0,0,0,0,645640,0
[E2OURS-CSV] 3,111,1828640,1160240,0,0,0,0,590390,0
[E2OURS-CSV] 3,112,3551970,1960970,0,0,0,0,1274060,0
[E2OURS-CSV] 3,113,3629390,2004010,0,0,0,0,1287260,0
[E2OURS-CSV] 3,114,2004380,1100810,0,0,0,0,786760,0
[E2OURS-CSV] 3,115,2604440,1655240,0,0,0,0,633590,0
[E2OURS-CSV] 3,116,1851670,1147050,0,0,0,0,621560,0
[E2OURS-CSV] 3,117,1779620,1116740,0,0,0,0,585210,0
[E2OURS-CSV] 3,118,1896740,1207990,0,0,0,0,594930,0
[E2OURS-CSV] 3,119,2355820,1089670,0,0,0,0,1174340,0
[E2OURS-CSV] 3,120,2567410,1632530,0,0,0,0,617940,0
[E2OURS-CSV] 3,121,1825650,1085000,0,0,0,0,658170,0
[E2OURS-CSV] 3,122,1857930,1156820,0,0,0,0,628710,0
[E2OURS-CSV] 3,123,3710130,2074160,0,0,0,0,1287590,0
[E2OURS-CSV] 3,124,2479300,1141000,0,0,0,0,1231320,0
[E2OURS-CSV] 3,125,1798950,1112230,0,0,0,0,603740,0
[E2OURS-CSV] 3,126,1722380,1069080,0,0,0,0,579710,0
[E2OURS-CSV] 3,127,1710800,1066510,0,0,0,0,571560,0
[E2OURS-CSV] 3,128,2675820,1675500,0,0,0,0,654920,0
[E2OURS-CSV] 3,129,1813730,1117180,0,0,0,0,608370,0
[E2OURS-CSV] 3,130,3253570,2023070,0,0,0,0,883650,0
[E2OURS-CSV] 3,131,2355630,1079980,0,0,0,0,1182400,0
[E2OURS-CSV] 3,132,1846610,1138730,0,0,0,0,615150,0
[E2OURS-CSV] 3,133,3351060,1657400,0,0,0,0,1129770,0
[E2OURS-CSV] 3,134,1885000,1152110,0,0,0,0,643670,0
[E2OURS-CSV] 3,135,1829050,1116060,0,0,0,0,634650,0
[E2OURS-CSV] 3,136,1881890,1084230,0,0,0,0,723280,0
[E2OURS-CSV] 3,137,1926070,1204960,0,0,0,0,635930,0
[E2OURS-CSV] 3,138,2491060,1539060,0,0,0,0,609260,0
[E2OURS-CSV] 3,139,3668990,2038880,0,0,0,0,1295810,0
[E2OURS-CSV] 3,140,3421140,1877250,0,0,0,0,1238140,0
[E2OURS-CSV] 3,141,2707310,1750210,0,0,0,0,655630,0
[E2OURS-CSV] 3,142,2541890,1584480,0,0,0,0,631160,0
[E2OURS-CSV] 3,143,3748670,2465140,0,0,0,0,936740,0
[E2OURS-CSV] 3,144,1850860,1158660,0,0,0,0,609420,0
[E2OURS-CSV] 3,145,1843840,1141040,0,0,0,0,614600,0
[E2OURS-CSV] 3,146,1780140,1119210,0,0,0,0,585180,0
[E2OURS-CSV] 3,147,1891160,1070230,0,0,0,0,616120,0
[E2OURS-CSV] 3,148,3616650,2075050,0,0,0,0,1389290,0
[E2OURS-CSV] 3,149,3248350,1917310,0,0,0,0,1210110,0
[E2OURS-CSV] 3,150,3077490,1629170,0,0,0,0,1305340,0
[E2OURS-CSV] 3,151,1790390,999810,0,0,0,0,597360,0
[E2OURS-CSV] 3,152,1938840,958830,0,0,0,0,632660,0
[E2OURS-CSV] 3,153,2506710,1716490,0,0,0,0,651350,0
[E2OURS-CSV] 3,154,1889430,1070360,0,0,0,0,614990,0
[E2OURS-CSV] 3,155,1866380,1038330,0,0,0,0,613540,0
[E2OURS-CSV] 3,156,1840360,1027890,0,0,0,0,624500,0
[E2OURS-CSV] 3,157,2370150,1598860,0,0,0,0,642600,0
[E2OURS-CSV] 3,158,2507990,1663770,0,0,0,0,708970,0
[E2OURS-CSV] 3,159,1842890,1023270,0,0,0,0,625730,0
[E2OURS-CSV] 3,160,2435530,1669240,0,0,0,0,634260,0
[E2OURS-CSV] 3,161,2367600,934830,0,0,0,0,1235000,0
[E2OURS-CSV] 3,162,1796750,1005940,0,0,0,0,592310,0
[E2OURS-CSV] 3,163,2499880,1713610,0,0,0,0,649580,0
[E2OURS-CSV] 3,164,3470590,1737530,0,0,0,0,1596080,0
[E2OURS-CSV] 3,165,1838280,1034230,0,0,0,0,606440,0
[E2OURS-CSV] 3,166,3035380,1569840,0,0,0,0,1103890,0
[E2OURS-CSV] 3,167,1928320,942820,0,0,0,0,787970,0
[E2OURS-CSV] 3,168,3501880,2053600,0,0,0,0,1306900,0
[E2OURS-CSV] 3,169,2455060,1676150,0,0,0,0,656600,0
[E2OURS-CSV] 3,170,2265160,946940,0,0,0,0,1124950,0
[E2OURS-CSV] 3,171,1802250,1024410,0,0,0,0,592330,0
[E2OURS-CSV] 3,172,1684030,944510,0,0,0,0,565520,0
[E2OURS-CSV] 3,173,3454130,2025760,0,0,0,0,1279710,0
[E2OURS-CSV] 3,174,2518960,1725600,0,0,0,0,667390,0
[E2OURS-CSV] 3,175,2232760,939170,0,0,0,0,1204150,0
[E2OURS-CSV] 3,176,3311270,1942060,0,0,0,0,1239480,0
[E2OURS-CSV] 3,177,1921690,890540,0,0,0,0,831420,0
[E2OURS-CSV] 3,178,1905620,888770,0,0,0,0,822330,0
[E2OURS-CSV] 3,179,1902820,907370,0,0,0,0,906260,0
[E2OURS-CSV] 3,180,1852390,1038300,0,0,0,0,617790,0
[E2OURS-CSV] 3,181,3111820,1619780,0,0,0,0,1353720,0
[E2OURS-CSV] 3,182,2299360,940880,0,0,0,0,1270450,0
[E2OURS-CSV] 3,183,1864590,885180,0,0,0,0,774480,0
[E2OURS-CSV] 3,184,3435240,2027240,0,0,0,0,1266260,0
[E2OURS-CSV] 3,185,1907160,899860,0,0,0,0,795110,0
[E2OURS-CSV] 3,186,2302420,940170,0,0,0,0,1177660,0
[E2OURS-CSV] 3,187,1697390,1013960,0,0,0,0,598010,0
[E2OURS-CSV] 3,188,3562450,2046740,0,0,0,0,1357230,0
[E2OURS-CSV] 3,189,2533840,1709550,0,0,0,0,715230,0
[E2OURS-CSV] 3,190,2434440,1649140,0,0,0,0,653430,0
[E2OURS-CSV] 3,191,2205810,931450,0,0,0,0,1188300,0
[E2OURS-CSV] 3,192,1649270,979290,0,0,0,0,594450,0
[E2OURS-CSV] 3,193,3126890,1654320,0,0,0,0,1322810,0
[E2OURS-CSV] 3,194,2185900,940580,0,0,0,0,1161800,0
[E2OURS-CSV] 3,195,3046040,1746040,0,0,0,0,1167320,0
[E2OURS-CSV] 3,196,1761970,1007710,0,0,0,0,671420,0
[E2OURS-CSV] 3,197,2129670,978830,0,0,0,0,1062580,0
[E2OURS-CSV] 3,198,2305840,1025010,0,0,0,0,1177720,0
[E2OURS-CSV] 3,199,1716660,1017880,0,0,0,0,612680,0
[E2OURS-CSV] 3,200,1777570,1011180,0,0,0,0,676660,0
[E2OURS-CSV] 3,201,1739190,1042180,0,0,0,0,611290,0
[E2OURS-CSV] 3,202,1729140,1035680,0,0,0,0,605580,0
[E2OURS-CSV] 3,203,1768110,892280,0,0,0,0,776190,0
[E2OURS-CSV] 3,204,1738460,876570,0,0,0,0,613160,0
[E2OURS-CSV] 3,205,1675200,983010,0,0,0,0,608500,0
[E2OURS-CSV] 3,206,1645640,986930,0,0,0,0,577220,0
[E2OURS-CSV] 3,207,1640900,988940,0,0,0,0,576150,0
[E2OURS-CSV] 3,208,1681070,1010220,0,0,0,0,586490,0
[E2OURS-CSV] 3,209,1744460,873250,0,0,0,0,771420,0
[E2OURS-CSV] 3,210,1762470,893450,0,0,0,0,768880,0
[E2OURS-CSV] 3,211,2331170,994360,0,0,0,0,1239860,0
[E2OURS-CSV] 3,212,1865880,944400,0,0,0,0,829060,0
[E2OURS-CSV] 3,213,1784850,899060,0,0,0,0,788080,0
[E2OURS-CSV] 3,214,1739830,1023110,0,0,0,0,626520,0
[E2OURS-CSV] 3,215,1725160,845970,0,0,0,0,787360,0
[E2OURS-CSV] 3,216,1798260,893580,0,0,0,0,798460,0
[E2OURS-CSV] 3,217,1761490,886070,0,0,0,0,779740,0
[E2OURS-CSV] 3,218,1746510,888100,0,0,0,0,759530,0
[E2OURS-CSV] 3,219,1643380,975650,0,0,0,0,584950,0
[E2OURS-CSV] 3,220,1730780,871670,0,0,0,0,762700,0
[E2OURS-CSV] 3,221,1701280,861020,0,0,0,0,601080,0
[E2OURS-CSV] 3,222,1760190,894270,0,0,0,0,774540,0
[E2OURS-CSV] 3,223,1801500,912030,0,0,0,0,794300,0
[E2OURS-CSV] 3,224,1722030,869690,0,0,0,0,759880,0
[E2OURS-CSV] 3,225,1646040,982480,0,0,0,0,578750,0
[E2OURS-CSV] 3,226,1707280,855100,0,0,0,0,761880,0
[E2OURS-CSV] 3,227,1747370,898020,0,0,0,0,775840,0
[E2OURS-CSV] 3,228,1739140,873690,0,0,0,0,773230,0
[E2OURS-CSV] 3,229,2163650,872450,0,0,0,0,1199760,0
[E2OURS-CSV] 3,230,1728650,851130,0,0,0,0,776750,0
[E2OURS-CSV] 3,231,1724020,869880,0,0,0,0,762140,0
[E2OURS-CSV] 3,232,2262470,975230,0,0,0,0,1194390,0
[E2OURS-CSV] 3,233,1729840,871290,0,0,0,0,763070,0
[E2OURS-CSV] 3,234,1673650,852390,0,0,0,0,731110,0
[E2OURS-CSV] 3,235,1635420,965010,0,0,0,0,581690,0
[E2OURS-CSV] 3,236,1571180,939910,0,0,0,0,559470,0
[E2OURS-CSV] 3,237,1617120,971500,0,0,0,0,571830,0
[E2OURS-CSV] 3,238,2182010,982830,0,0,0,0,1096620,0
[E2OURS-CSV] 3,239,1728560,866510,0,0,0,0,768550,0
[E2OURS-CSV] 3,240,1737160,865570,0,0,0,0,778630,0
[E2OURS-CSV] 3,241,1700900,855990,0,0,0,0,755550,0
[E2OURS-CSV] 3,242,1718720,878740,0,0,0,0,766080,0
[E2OURS-CSV] 3,243,1720360,870120,0,0,0,0,754740,0
[E2OURS-CSV] 3,244,2299270,991010,0,0,0,0,1212390,0
[E2OURS-CSV] 3,245,1727600,843380,0,0,0,0,794420,0
[E2OURS-CSV] 3,246,1834250,870600,0,0,0,0,875660,0
[E2OURS-CSV] 3,247,2201590,922720,0,0,0,0,1196860,0
[E2OURS-CSV] 3,248,2168760,932630,0,0,0,0,1144460,0
[E2OURS-CSV] 3,249,1764470,898800,0,0,0,0,769790,0
[E2OURS-CSV] 3,250,1674070,833820,0,0,0,0,604850,0
[E2OURS-CSV] 3,251,1618400,964760,0,0,0,0,574190,0
[E2OURS-CSV] 3,252,1725080,873920,0,0,0,0,761890,0
[E2OURS-CSV] 3,253,1708720,853460,0,0,0,0,768270,0
[E2OURS-CSV] 3,254,1765440,888380,0,0,0,0,776450,0
[E2OURS-CSV] 3,255,1689160,848160,0,0,0,0,604590,0
[E2OURS-CSV] 3,256,1704730,864710,0,0,0,0,601050,0
[E2OURS-CSV] 3,257,1817940,930870,0,0,0,0,805660,0
[E2OURS-CSV] 3,258,1723390,858950,0,0,0,0,764580,0
[E2OURS-CSV] 3,259,1778780,898500,0,0,0,0,785300,0
[E2OURS-CSV] 3,260,366670,203230,0,0,0,0,137110,0
[E2OURS-CSV] 3,261,1692060,857890,0,0,0,0,748720,0
[E2OURS-CSV] 3,262,1651100,988780,0,0,0,0,585820,0
[E2OURS-CSV] 3,263,2405090,1225960,0,0,0,0,1069920,0
[E2OURS-CSV] 3,264,1720420,864510,0,0,0,0,766020,0
[E2OURS-CSV] 3,265,1787020,884240,0,0,0,0,809910,0
[E2OURS-CSV] 3,266,1711970,856590,0,0,0,0,767460,0
[E2OURS-CSV] 3,267,1670220,997230,0,0,0,0,595250,0
[E2OURS-CSV] 3,268,1707290,865680,0,0,0,0,753560,0
[E2OURS-CSV] 3,269,1790540,901510,0,0,0,0,793760,0
[E2OURS-CSV] 3,270,1715000,862500,0,0,0,0,761310,0
[E2OURS-CSV] 3,271,1767840,885110,0,0,0,0,790310,0
[E2OURS-CSV] 3,272,1789240,917770,0,0,0,0,797460,0
[E2OURS-CSV] 3,273,1722030,855380,0,0,0,0,774940,0
[E2OURS-CSV] 3,274,1735000,878610,0,0,0,0,759980,0
[E2OURS-CSV] 3,275,1722220,874530,0,0,0,0,758450,0
[E2OURS-CSV] 3,276,1635800,977300,0,0,0,0,580800,0
[E2OURS-CSV] 3,277,1583000,948840,0,0,0,0,560560,0
[E2OURS-CSV] 3,278,1761500,887630,0,0,0,0,779410,0
[E2OURS-CSV] 3,279,531000,294200,0,0,0,0,196140,0
[E2OURS-CSV] 3,280,1963600,908470,0,0,0,0,954350,0
[E2OURS-CSV] 3,281,1720320,867130,0,0,0,0,764190,0
[E2OURS-CSV] 3,282,1685020,841540,0,0,0,0,762290,0
[E2OURS-CSV] 3,283,1685470,851140,0,0,0,0,749140,0
[E2OURS-CSV] 3,284,2432860,1211800,0,0,0,0,1100350,0
[E2OURS-CSV] 3,285,1727640,854160,0,0,0,0,789310,0
[E2OURS-CSV] 3,286,1712780,869040,0,0,0,0,756020,0
[E2OURS-CSV] 3,287,1757540,890340,0,0,0,0,791480,0
[E2OURS-CSV] 3,288,1690740,844930,0,0,0,0,759280,0
[E2OURS-CSV] 3,289,1779730,890650,0,0,0,0,795780,0
[E2OURS-CSV] 3,290,1770080,882120,0,0,0,0,797490,0
[E2OURS-CSV] 3,291,1730850,871680,0,0,0,0,769060,0
[E2OURS-CSV] 3,292,1716910,863740,0,0,0,0,763880,0
[E2OURS-CSV] 3,293,1630830,823140,0,0,0,0,728270,0
[E2OURS-CSV] 3,294,1769230,894690,0,0,0,0,777890,0
[E2OURS-CSV] 3,295,1668810,835980,0,0,0,0,748620,0
[E2OURS-CSV] 3,296,2302890,1158500,0,0,0,0,1041400,0
[E2OURS-CSV] 3,297,1858500,861400,0,0,0,0,911060,0
[E2OURS-CSV] 3,298,1676240,837770,0,0,0,0,756060,0
[E2OURS-CSV] 3,299,1938470,899160,0,0,0,0,942930,0
[E2OURS-CSV] 3,300,1770810,888600,0,0,0,0,775730,0
[E2OURS-CSV] 3,301,1670180,830620,0,0,0,0,749960,0
[E2OURS-CSV] 3,302,1969510,935070,0,0,0,0,957760,0
[E2OURS-CSV] 3,303,2075750,955780,0,0,0,0,1032660,0
[E2OURS-CSV] 3,304,1763410,873610,0,0,0,0,788630,0
[E2OURS-CSV] 3,305,2269700,1006640,0,0,0,0,1174680,0
[E2OURS-CSV] 3,306,1715700,841610,0,0,0,0,786670,0
[E2OURS-CSV] 3,307,1678790,846510,0,0,0,0,747430,0
[E2OURS-CSV] 3,308,1640250,835320,0,0,0,0,727820,0
[E2OURS-CSV] 3,309,1894430,882160,0,0,0,0,912150,0
[E2OURS-CSV] 3,310,1721900,885400,0,0,0,0,748630,0
[E2OURS-CSV] 3,311,1684890,840490,0,0,0,0,752840,0
[E2OURS-CSV] 3,312,1594870,788140,0,0,0,0,726670,0
[E2OURS-CSV] 3,313,1721350,860300,0,0,0,0,775090,0
[E2OURS-CSV] 3,314,1910500,875420,0,0,0,0,934030,0
[E2OURS-CSV] 3,315,2581930,1784070,0,0,0,0,661880,0
[E2OURS-CSV] 3,316,1886140,836860,0,0,0,0,959790,0
[E2OURS-CSV] 3,317,2285010,1166380,0,0,0,0,1043260,0
[E2OURS-CSV] 3,318,1664110,839060,0,0,0,0,741950,0
[E2OURS-CSV] 3,319,1885140,864730,0,0,0,0,925380,0
[E2OURS-CSV] 3,320,1898480,887930,0,0,0,0,917120,0
[E2OURS-CSV] 3,321,1648180,832810,0,0,0,0,733880,0
[E2OURS-CSV] 3,322,1648830,835370,0,0,0,0,728130,0
[E2OURS-CSV] 3,323,1634960,836150,0,0,0,0,716570,0
[E2OURS-CSV] 3,324,1933560,918540,0,0,0,0,917700,0
[E2OURS-CSV] 3,325,1695900,870830,0,0,0,0,739810,0
[E2OURS-CSV] 3,326,1673060,837840,0,0,0,0,754510,0
[E2OURS-CSV] 3,327,1894470,891470,0,0,0,0,901370,0
[E2OURS-CSV] 3,328,1653190,843540,0,0,0,0,725270,0
[E2OURS-CSV] 3,329,1881310,869550,0,0,0,0,908210,0
[E2OURS-CSV] 3,330,1695160,854190,0,0,0,0,745600,0
[E2OURS-CSV] 3,331,1694030,853450,0,0,0,0,759960,0
[E2OURS-CSV] 3,332,1997330,950020,0,0,0,0,972010,0
[E2OURS-CSV] 3,333,1640760,842160,0,0,0,0,714480,0
[E2OURS-CSV] 3,334,1966050,916860,0,0,0,0,946580,0
[E2OURS-CSV] 3,335,1939380,1101960,0,0,0,0,739780,0
[E2OURS-CSV] 3,336,1714010,855860,0,0,0,0,772340,0
[E2OURS-CSV] 3,337,1570850,795060,0,0,0,0,700380,0
[E2OURS-CSV] 3,338,1878500,861290,0,0,0,0,927310,0
[E2OURS-CSV] 3,339,1868190,866250,0,0,0,0,908060,0
[E2OURS-CSV] 3,340,1862830,872250,0,0,0,0,901320,0
[E2OURS-CSV] 3,341,1648810,833850,0,0,0,0,722210,0
[E2OURS-CSV] 3,342,1872020,885980,0,0,0,0,891610,0
[E2OURS-CSV] 3,343,1608890,810630,0,0,0,0,724060,0
[E2OURS-CSV] 3,344,1687390,853110,0,0,0,0,741660,0
[E2OURS-CSV] 3,345,1682900,842790,0,0,0,0,752500,0
[E2OURS-CSV] 3,346,1624810,830730,0,0,0,0,718210,0
[E2OURS-CSV] 3,347,1934040,917820,0,0,0,0,930170,0
[E2OURS-CSV] 3,348,1620440,826720,0,0,0,0,719160,0
[E2OURS-CSV] 3,349,1849640,851150,0,0,0,0,893720,0
[E2OURS-CSV] 3,350,1907780,864490,0,0,0,0,949530,0
[E2OURS-CSV] 3,351,1894780,880430,0,0,0,0,924490,0
[E2OURS-CSV] 3,352,1620410,804000,0,0,0,0,732830,0
[E2OURS-CSV] 3,353,1625660,811600,0,0,0,0,736340,0
[E2OURS-CSV] 3,354,1919180,880640,0,0,0,0,942340,0
[E2OURS-CSV] 3,355,1898460,891640,0,0,0,0,906260,0
[E2OURS-CSV] 3,356,1615610,812650,0,0,0,0,730290,0
[E2OURS-CSV] 3,357,1642090,834390,0,0,0,0,723730,0
[E2OURS-CSV] 3,358,1565130,791660,0,0,0,0,703140,0
[E2OURS-CSV] 3,359,1994480,934650,0,0,0,0,947920,0
[E2OURS-CSV] 3,360,1834840,851430,0,0,0,0,897650,0
[E2OURS-CSV] 3,361,1651290,843710,0,0,0,0,727790,0
[E2OURS-CSV] 3,362,1893380,892510,0,0,0,0,923620,0
[E2OURS-CSV] 3,363,1892690,872910,0,0,0,0,927690,0
[E2OURS-CSV] 3,364,1966910,1094930,0,0,0,0,768120,0
[E2OURS-CSV] 3,365,1854320,851780,0,0,0,0,910430,0
[E2OURS-CSV] 3,366,1633470,821880,0,0,0,0,730390,0
[E2OURS-CSV] 3,367,1645760,832350,0,0,0,0,727560,0
[E2OURS-CSV] 3,368,1854750,865390,0,0,0,0,895550,0
[E2OURS-CSV] 3,369,2297110,1189920,0,0,0,0,1000180,0
[E2OURS-CSV] 3,370,1867900,862160,0,0,0,0,917400,0
[E2OURS-CSV] 3,371,1612380,827090,0,0,0,0,710510,0
[E2OURS-CSV] 3,372,1631240,814560,0,0,0,0,739140,0
[E2OURS-CSV] 3,373,1587660,798100,0,0,0,0,716050,0
[E2OURS-CSV] 3,374,1893250,880560,0,0,0,0,909880,0
[E2OURS-CSV] 3,375,1804390,845080,0,0,0,0,870480,0
[E2OURS-CSV] 3,376,1564990,780170,0,0,0,0,709840,0
[E2OURS-CSV] 3,377,1926550,916120,0,0,0,0,936140,0
[E2OURS-CSV] 3,378,1557600,779180,0,0,0,0,704740,0
[E2OURS-CSV] 3,379,1971950,1071450,0,0,0,0,793170,0
[E2OURS-CSV] 3,380,1865870,872090,0,0,0,0,901780,0
[E2OURS-CSV] 3,381,1939540,1250180,0,0,0,0,594720,0
[E2OURS-CSV] 3,382,1615600,823980,0,0,0,0,716490,0
[E2OURS-CSV] 3,383,1895310,867970,0,0,0,0,929360,0
[E2OURS-CSV] 3,384,1955550,1259850,0,0,0,0,599860,0
[E2OURS-CSV] 3,385,1884760,873070,0,0,0,0,924510,0
[E2OURS-CSV] 3,386,1798790,837380,0,0,0,0,880310,0
[E2OURS-CSV] 3,387,1792020,834130,0,0,0,0,877120,0
[E2OURS-CSV] 3,388,1589700,796930,0,0,0,0,715420,0
[E2OURS-CSV] 3,389,1846730,862160,0,0,0,0,893670,0
[E2OURS-CSV] 3,390,1859740,851530,0,0,0,0,918580,0
[E2OURS-CSV] 3,391,1755720,820430,0,0,0,0,859600,0
[E2OURS-CSV] 3,392,1951920,1082950,0,0,0,0,794420,0
[E2OURS-CSV] 3,393,1590170,801100,0,0,0,0,714510,0
[E2OURS-CSV] 3,394,1945150,1084520,0,0,0,0,766530,0
[E2OURS-CSV] 3,395,1872710,861750,0,0,0,0,919430,0
[E2OURS-CSV] 3,396,1861630,866490,0,0,0,0,910510,0
[E2OURS-CSV] 3,397,1851040,846220,0,0,0,0,919920,0
[E2OURS-CSV] 3,398,1850640,834210,0,0,0,0,936580,0
[E2OURS-CSV] 3,399,1932330,1068740,0,0,0,0,768780,0
[E2OURS-CSV] 3,400,1873140,867380,0,0,0,0,917820,0
[E2OURS-CSV] 3,401,1815490,831560,0,0,0,0,899370,0
[E2OURS-CSV] 3,402,1731670,803120,0,0,0,0,853530,0
[E2OURS-CSV] 3,403,1813810,838720,0,0,0,0,894820,0
[E2OURS-CSV] 3,404,1892260,1054330,0,0,0,0,741770,0
[E2OURS-CSV] 3,405,1832040,988590,0,0,0,0,755750,0
[E2OURS-CSV] 3,406,1853740,1017610,0,0,0,0,748070,0
[E2OURS-CSV] 3,407,1995950,1098200,0,0,0,0,807140,0
[E2OURS-CSV] 3,408,1811700,839800,0,0,0,0,892150,0
[E2OURS-CSV] 3,409,1955880,1086520,0,0,0,0,771650,0
[E2OURS-CSV] 3,410,1911560,1065570,0,0,0,0,753650,0
[E2OURS-CSV] 3,411,1820430,852670,0,0,0,0,887850,0
[E2OURS-CSV] 3,412,1940440,1065120,0,0,0,0,774150,0
[E2OURS-CSV] 3,413,1769530,820990,0,0,0,0,868650,0
[E2OURS-CSV] 3,414,1993490,1269830,0,0,0,0,623610,0
[E2OURS-CSV] 3,415,2016190,1142900,0,0,0,0,785360,0
[E2OURS-CSV] 3,416,1937370,1086000,0,0,0,0,765210,0
[E2OURS-CSV] 3,417,1909960,1101600,0,0,0,0,726090,0
[E2OURS-CSV] 3,418,1918920,850500,0,0,0,0,989490,0
[E2OURS-CSV] 3,419,2003500,1202030,0,0,0,0,704800,0
[E2OURS-CSV] 3,420,2075870,1281720,0,0,0,0,702810,0
[E2OURS-CSV] 3,421,1915060,1066970,0,0,0,0,767270,0
[E2OURS-CSV] 3,422,2148390,1388140,0,0,0,0,676580,0
[E2OURS-CSV] 3,423,1937130,1000640,0,0,0,0,855730,0
[E2OURS-CSV] 3,424,2163820,1047250,0,0,0,0,1023620,0
[E2OURS-CSV] 3,425,2001770,1068940,0,0,0,0,850290,0
[E2OURS-CSV] 3,426,1891370,1037400,0,0,0,0,760190,0
[E2OURS-CSV] 3,427,2003950,961050,0,0,0,0,959340,0
[E2OURS-CSV] 3,428,1880900,1006940,0,0,0,0,787250,0
[E2OURS-CSV] 3,429,1974140,1091160,0,0,0,0,785660,0
[E2OURS-CSV] 3,430,1992060,1257570,0,0,0,0,632840,0
[E2OURS-CSV] 3,431,1858060,997570,0,0,0,0,779640,0
[E2OURS-CSV] 3,432,1820200,981310,0,0,0,0,756420,0
[E2OURS-CSV] 3,433,1842910,1001350,0,0,0,0,762400,0
[E2OURS-CSV] 3,434,1936840,1072720,0,0,0,0,770890,0
[E2OURS-CSV] 3,435,1876840,1038180,0,0,0,0,748600,0
[E2OURS-CSV] 3,436,1702820,794470,0,0,0,0,834570,0
[E2OURS-CSV] 3,437,1914740,1055260,0,0,0,0,788030,0
[E2OURS-CSV] 3,438,1763270,954930,0,0,0,0,729710,0
[E2OURS-CSV] 3,439,1896580,1042970,0,0,0,0,755100,0
[E2OURS-CSV] 3,440,1870390,1036860,0,0,0,0,738930,0
[E2OURS-CSV] 3,441,1774160,957930,0,0,0,0,742930,0
[E2OURS-CSV] 3,442,1993750,1261550,0,0,0,0,616200,0
[E2OURS-CSV] 3,443,2203450,1317800,0,0,0,0,811890,0
[E2OURS-CSV] 3,444,1916150,1051010,0,0,0,0,766880,0
[E2OURS-CSV] 3,445,1907990,1044170,0,0,0,0,768780,0
[E2OURS-CSV] 3,446,1837660,994620,0,0,0,0,757800,0
[E2OURS-CSV] 3,447,1802190,976600,0,0,0,0,747530,0
[E2OURS-CSV] 3,448,1768210,955460,0,0,0,0,734560,0
[E2OURS-CSV] 3,449,2329850,1463150,0,0,0,0,767600,0
[E2OURS-CSV] 3,450,2147440,1033000,0,0,0,0,1022670,0
[E2OURS-CSV] 3,451,1817350,986150,0,0,0,0,747760,0
[E2OURS-CSV] 3,452,1942640,1213740,0,0,0,0,656960,0
[E2OURS-CSV] 3,453,1817060,990980,0,0,0,0,749520,0
[E2OURS-CSV] 3,454,2294620,1469340,0,0,0,0,727170,0
[E2OURS-CSV] 3,455,1839250,997680,0,0,0,0,752560,0
[E2OURS-CSV] 3,456,1833220,1020690,0,0,0,0,726110,0
[E2OURS-CSV] 3,457,1876860,1013120,0,0,0,0,775900,0
[E2OURS-CSV] 3,458,1729490,944830,0,0,0,0,714430,0
[E2OURS-CSV] 3,459,3647240,1985170,0,0,0,0,1513660,0
[E2OURS-CSV] 3,460,2340000,1524620,0,0,0,0,707970,0
[E2OURS-CSV] 3,461,1816260,984940,0,0,0,0,749470,0
[E2OURS-CSV] 3,462,2208790,1304120,0,0,0,0,819730,0
[E2OURS-CSV] 3,463,1827860,1006360,0,0,0,0,736650,0
[E2OURS-CSV] 3,464,1788690,976340,0,0,0,0,727970,0
[E2OURS-CSV] 3,465,2263700,1334940,0,0,0,0,846320,0
[E2OURS-CSV] 3,466,1855460,996270,0,0,0,0,772980,0
[E2OURS-CSV] 3,467,1913620,1185570,0,0,0,0,654230,0
[E2OURS-CSV] 3,468,1817650,972680,0,0,0,0,755860,0
[E2OURS-CSV] 3,469,1865330,1027430,0,0,0,0,751520,0
[E2OURS-CSV] 3,470,1898060,1039400,0,0,0,0,768740,0
[E2OURS-CSV] 3,471,1855800,1003040,0,0,0,0,767270,0
[E2OURS-CSV] 3,472,2044210,1334350,0,0,0,0,616730,0
[E2OURS-CSV] 3,473,2236580,1351670,0,0,0,0,803370,0
[E2OURS-CSV] 3,474,2293100,1494390,0,0,0,0,702800,0
[E2OURS-CSV] 3,475,1861140,1021490,0,0,0,0,749170,0
[E2OURS-CSV] 3,476,1840320,954060,0,0,0,0,815750,0
[E2OURS-CSV] 3,477,2047780,999540,0,0,0,0,963260,0
[E2OURS-CSV] 3,478,1860400,865640,0,0,0,0,910890,0
[E2OURS-CSV] 3,479,1891030,1176270,0,0,0,0,616670,0
[E2OURS-CSV] 3,480,2729470,1505570,0,0,0,0,1083080,0
[E2OURS-CSV] 3,481,1893220,1179970,0,0,0,0,623120,0
[E2OURS-CSV] 3,482,2830100,1548810,0,0,0,0,1167160,0
[E2OURS-CSV] 3,483,1910090,1040400,0,0,0,0,786690,0
[E2OURS-CSV] 3,484,2317570,1374010,0,0,0,0,851320,0
[E2OURS-CSV] 3,485,3147270,1793320,0,0,0,0,1219900,0
[E2OURS-CSV] 3,486,1893420,1191060,0,0,0,0,617550,0
[E2OURS-CSV] 3,487,1782420,951000,0,0,0,0,757310,0
[E2OURS-CSV] 3,488,1835520,979120,0,0,0,0,771520,0
[E2OURS-CSV] 3,489,1898720,1190470,0,0,0,0,612320,0
[E2OURS-CSV] 3,490,1837880,989970,0,0,0,0,757910,0
[E2OURS-CSV] 3,491,3141720,1810300,0,0,0,0,1177280,0
[E2OURS-CSV] 3,492,1817680,977550,0,0,0,0,754300,0
[E2OURS-CSV] 3,493,1816010,973060,0,0,0,0,760150,0
[E2OURS-CSV] 3,494,1972190,1247450,0,0,0,0,634150,0
[E2OURS-CSV] 3,495,2268730,1364780,0,0,0,0,809330,0
[E2OURS-CSV] 3,496,1835890,986600,0,0,0,0,760100,0
[E2OURS-CSV] 3,497,1944130,1233780,0,0,0,0,635810,0
[E2OURS-CSV] 3,498,2476760,1381590,0,0,0,0,965290,0
[E2OURS-CSV] 3,499,1934270,1223860,0,0,0,0,617230,0
[E2OURS-CSV] 3,500,3935800,2055570,0,0,0,0,1718240,0
[E2OURS-CSV] 3,501,2001240,1274140,0,0,0,0,633550,0
[E2OURS-CSV] 3,502,2311100,1375980,0,0,0,0,851870,0
[E2OURS-CSV] 3,503,1804850,976220,0,0,0,0,745610,0
[E2OURS-CSV] 3,504,1913720,1213780,0,0,0,0,601320,0
[E2OURS-CSV] 3,505,2326670,1371590,0,0,0,0,871910,0
[E2OURS-CSV] 3,506,2105300,1272990,0,0,0,0,744450,0
[E2OURS-CSV] 3,507,1798210,971750,0,0,0,0,752770,0
[E2OURS-CSV] 3,508,2583390,1457800,0,0,0,0,998320,0
[E2OURS-CSV] 3,509,3784170,2065460,0,0,0,0,1571670,0
[E2OURS-SUMMARY] chain_len=3 e2e_avg=2006279 publish_avg=1105026 sched_avg=793011
[RTExecutor] Exited
[E2OURS-EXIT] Reached semihosting exit
