audio: Device lm4549: audiodev default parameter is deprecated, please specify audiodev=none

RTEMS Shell on /dev/console. Use 'help' to list commands.
SHLL [/] # nexus0: <RTEMS Nexus device>
info: lo0: link state changed to UP
=== Exp2-Picas: Task Chain (n=2) SingleThreadedExecutor+PiCAS ===
Period: 200ms, Rounds: 500
[E3P-CSV] chain_len,round,e2e_ns,publish_ns,gc_trigger_ns,invoke_cb_ns,getnext_ns,take_data_ns,sched_ns,dispatch_ns
666666
CPP Msg not nullptr
CPP Msg not nullptr
CPP Msg not nullptr
CPP Msg not nullptr
C Msg not NULL
C Msg not NULL
CPP Srv not nullptr
CPP Srv not nullptr
CPP Srv not nullptr
CPP Srv not nullptr
CPP Srv not nullptr
CPP Srv not nullptr
CPP Msg not nullptr
CPP Msg not nullptr
CPP Msg not nullptr
CPP Msg not nullptr
CPP Msg not nullptr
CPP Msg not nullptr
C Msg not NULL
C Msg not NULL
CPP Srv not nullptr
CPP Srv not nullptr
CPP Srv not nullptr
CPP Srv not nullptr
CPP Srv not nullptr
CPP Srv not nullptr
CPP Msg not nullptr
CPP Msg not nullptr
CPP Msg not nullptr
CPP Msg not nullptr
CPP Msg not nullptr
CPP Msg not nullptr
[0m[INFO] [0567993600.632374639] [rclcpp]: Singlethreadedexecutor spin: in Thread ID 167837697[0m
[E3P-CSV] 2,10,6033470,502650,0,0,0,0,5167370,0
[E3P-CSV] 2,11,5340120,761940,0,0,0,0,4484100,0
[E3P-CSV] 2,12,5872770,631660,0,0,0,0,5138710,0
[E3P-CSV] 2,13,5895090,479650,0,0,0,0,5043420,0
[E3P-CSV] 2,14,6489120,657370,0,0,0,0,5732240,0
[E3P-CSV] 2,15,5936580,640310,0,0,0,0,5194080,0
[E3P-CSV] 2,16,6023150,820200,0,0,0,0,5100830,0
[E3P-CSV] 2,17,5967710,503730,0,0,0,0,5097590,0
[E3P-CSV] 2,18,5043060,551960,0,0,0,0,4399620,0
[E3P-CSV] 2,19,5971400,641540,0,0,0,0,5230390,0
[E3P-CSV] 2,20,5949140,762200,0,0,0,0,5089300,0
[E3P-CSV] 2,21,6447580,741440,0,0,0,0,5613660,0
[E3P-CSV] 2,22,5487740,858650,0,0,0,0,4525100,0
[E3P-CSV] 2,23,5642990,649880,0,0,0,0,4907540,0
[E3P-CSV] 2,24,5565540,658740,0,0,0,0,4803230,0
[E3P-CSV] 2,25,5797620,462530,0,0,0,0,5247590,0
[E3P-CSV] 2,26,5987340,757370,0,0,0,0,5124420,0
[E3P-CSV] 2,27,5939520,777740,0,0,0,0,5063450,0
[E3P-CSV] 2,28,5866230,760750,0,0,0,0,5003830,0
[E3P-CSV] 2,29,5268280,777440,0,0,0,0,4391740,0
[E3P-CSV] 2,30,5365080,522870,0,0,0,0,4573160,0
[E3P-CSV] 2,31,6021410,650920,0,0,0,0,5283130,0
[E3P-CSV] 2,32,6069310,499090,0,0,0,0,5202660,0
[E3P-CSV] 2,33,6009990,495580,0,0,0,0,5422820,0
[E3P-CSV] 2,34,5957770,494420,0,0,0,0,5169990,0
[E3P-CSV] 2,35,5489130,516250,0,0,0,0,4610920,0
[E3P-CSV] 2,36,6251620,486290,0,0,0,0,5511100,0
[E3P-CSV] 2,37,5868910,782310,0,0,0,0,4999350,0
[E3P-CSV] 2,38,5947910,641550,0,0,0,0,5213130,0
[E3P-CSV] 2,39,5414550,776180,0,0,0,0,4551460,0
[E3P-CSV] 2,40,5843090,461410,0,0,0,0,5289070,0
[E3P-CSV] 2,41,5968190,642960,0,0,0,0,5227510,0
[E3P-CSV] 2,42,5921520,781750,0,0,0,0,5054350,0
[E3P-CSV] 2,43,5947520,485150,0,0,0,0,5194860,0
[E3P-CSV] 2,44,5783720,650800,0,0,0,0,5048500,0
[E3P-CSV] 2,45,5617110,647330,0,0,0,0,4884140,0
[E3P-CSV] 2,46,6213110,515670,0,0,0,0,5599380,0
[E3P-CSV] 2,47,6570240,670650,0,0,0,0,5796380,0
[E3P-CSV] 2,48,5994090,496310,0,0,0,0,5254310,0
[E3P-CSV] 2,49,6033710,536590,0,0,0,0,5230390,0
[E3P-CSV] 2,50,5819940,651140,0,0,0,0,5081930,0
[E3P-CSV] 2,51,5887700,465480,0,0,0,0,5154000,0
[E3P-CSV] 2,52,6237560,498010,0,0,0,0,5479660,0
[E3P-CSV] 2,53,6292550,684800,0,0,0,0,5504710,0
[E3P-CSV] 2,54,6360660,498840,0,0,0,0,5554610,0
[E3P-CSV] 2,55,5475650,671990,0,0,0,0,4716420,0
[E3P-CSV] 2,56,5918440,651830,0,0,0,0,5174260,0
[E3P-CSV] 2,57,6005860,518020,0,0,0,0,5221310,0
[E3P-CSV] 2,58,5880250,649710,0,0,0,0,5142270,0
[E3P-CSV] 2,59,5628630,637840,0,0,0,0,4903440,0
[E3P-CSV] 2,60,5441030,632230,0,0,0,0,4722310,0
[E3P-CSV] 2,61,5817000,633570,0,0,0,0,5097740,0
[E3P-CSV] 2,62,6020440,511490,0,0,0,0,5242820,0
[E3P-CSV] 2,63,6115850,523220,0,0,0,0,5496600,0
[E3P-CSV] 2,64,6266510,511200,0,0,0,0,5485910,0
[E3P-CSV] 2,65,6034060,677230,0,0,0,0,5269380,0
[E3P-CSV] 2,66,7009260,465980,0,0,0,0,6457720,0
[E3P-CSV] 2,67,5921690,646160,0,0,0,0,5186870,0
[E3P-CSV] 2,68,5912880,659220,0,0,0,0,5166320,0
[E3P-CSV] 2,69,5908500,651070,0,0,0,0,5170730,0
[E3P-CSV] 2,70,5869930,671900,0,0,0,0,5113640,0
[E3P-CSV] 2,71,5919950,633060,0,0,0,0,5201970,0
[E3P-CSV] 2,72,6110250,783610,0,0,0,0,5235930,0
[E3P-CSV] 2,73,6065750,699740,0,0,0,0,5274650,0
[E3P-CSV] 2,74,6036770,654760,0,0,0,0,5293580,0
[E3P-CSV] 2,75,6052370,689000,0,0,0,0,5267300,0
[E3P-CSV] 2,76,5976230,684120,0,0,0,0,5195890,0
[E3P-CSV] 2,77,6223580,505130,0,0,0,0,5444170,0
[E3P-CSV] 2,78,6212610,505360,0,0,0,0,5445400,0
[E3P-CSV] 2,79,6008520,688270,0,0,0,0,5229100,0
[E3P-CSV] 2,80,5926350,687410,0,0,0,0,5151830,0
[E3P-CSV] 2,81,6300020,681320,0,0,0,0,5520910,0
[E3P-CSV] 2,82,6448490,524270,0,0,0,0,5665000,0
[E3P-CSV] 2,83,9111650,1073580,0,0,0,0,7896260,0
[E3P-CSV] 2,84,5957440,455670,0,0,0,0,5416310,0
[E3P-CSV] 2,85,5974600,685010,0,0,0,0,5205500,0
[E3P-CSV] 2,86,5877250,636120,0,0,0,0,5156820,0
[E3P-CSV] 2,87,6082600,738730,0,0,0,0,5249610,0
[E3P-CSV] 2,88,5914920,655770,0,0,0,0,5170480,0
[E3P-CSV] 2,89,6001720,504450,0,0,0,0,5236460,0
[E3P-CSV] 2,90,5294820,513300,0,0,0,0,4511300,0
[E3P-CSV] 2,91,5891030,657360,0,0,0,0,5150670,0
[E3P-CSV] 2,92,5910330,649760,0,0,0,0,5173250,0
[E3P-CSV] 2,93,6002360,521810,0,0,0,0,5229510,0
[E3P-CSV] 2,94,5913310,654760,0,0,0,0,5167890,0
[E3P-CSV] 2,95,5863460,665810,0,0,0,0,5112790,0
[E3P-CSV] 2,96,5868720,666730,0,0,0,0,5117910,0
[E3P-CSV] 2,97,5837390,657820,0,0,0,0,5091870,0
[E3P-CSV] 2,98,5938760,652070,0,0,0,0,5201400,0
[E3P-CSV] 2,99,5859840,657650,0,0,0,0,5114620,0
[E3P-CSV] 2,100,6031500,506230,0,0,0,0,5251700,0
[E3P-CSV] 2,101,6272100,498990,0,0,0,0,5502730,0
[E3P-CSV] 2,102,5939340,661190,0,0,0,0,5188090,0
[E3P-CSV] 2,103,5873370,644180,0,0,0,0,5140580,0
[E3P-CSV] 2,104,5811280,647210,0,0,0,0,5081270,0
[E3P-CSV] 2,105,5901700,666140,0,0,0,0,5141840,0
[E3P-CSV] 2,106,5928700,652170,0,0,0,0,5189080,0
[E3P-CSV] 2,107,5860070,644490,0,0,0,0,5127920,0
[E3P-CSV] 2,108,5966230,496460,0,0,0,0,5218170,0
[E3P-CSV] 2,109,5914550,659420,0,0,0,0,5164010,0
[E3P-CSV] 2,110,5833560,654020,0,0,0,0,5091410,0
[E3P-CSV] 2,111,6006920,657030,0,0,0,0,5256290,0
[E3P-CSV] 2,112,5943170,502290,0,0,0,0,5186980,0
[E3P-CSV] 2,113,5420200,676520,0,0,0,0,4652500,0
[E3P-CSV] 2,114,5228370,647290,0,0,0,0,4493000,0
[E3P-CSV] 2,115,5938250,674820,0,0,0,0,5171580,0
[E3P-CSV] 2,116,5937040,649570,0,0,0,0,5198920,0
[E3P-CSV] 2,117,7050420,664050,0,0,0,0,6302930,0
[E3P-CSV] 2,118,5938890,694140,0,0,0,0,5153710,0
[E3P-CSV] 2,119,5911790,653840,0,0,0,0,5173340,0
[E3P-CSV] 2,120,5928680,691110,0,0,0,0,5147050,0
[E3P-CSV] 2,121,5542650,650700,0,0,0,0,4804010,0
[E3P-CSV] 2,122,5902550,644180,0,0,0,0,5173490,0
[E3P-CSV] 2,123,4847260,504660,0,0,0,0,4085390,0
[E3P-CSV] 2,124,5982490,652130,0,0,0,0,5241680,0
[E3P-CSV] 2,125,5402100,669050,0,0,0,0,4639030,0
[E3P-CSV] 2,126,5120280,463800,0,0,0,0,4571180,0
[E3P-CSV] 2,127,5696500,469290,0,0,0,0,5135660,0
[E3P-CSV] 2,128,5523950,639930,0,0,0,0,4791830,0
[E3P-CSV] 2,129,5959820,657210,0,0,0,0,5214950,0
[E3P-CSV] 2,130,5800650,511690,0,0,0,0,5188670,0
[E3P-CSV] 2,131,6072350,531290,0,0,0,0,5279180,0
[E3P-CSV] 2,132,5968480,657360,0,0,0,0,5224540,0
[E3P-CSV] 2,133,6003730,501870,0,0,0,0,5230580,0
[E3P-CSV] 2,134,5833890,654270,0,0,0,0,5098020,0
[E3P-CSV] 2,135,6009250,680620,0,0,0,0,5237810,0
[E3P-CSV] 2,136,5904650,664980,0,0,0,0,5153420,0
[E3P-CSV] 2,137,6223740,494970,0,0,0,0,5464180,0
[E3P-CSV] 2,138,6033770,514490,0,0,0,0,5427120,0
[E3P-CSV] 2,139,6003640,699880,0,0,0,0,5216410,0
[E3P-CSV] 2,140,6056610,521860,0,0,0,0,5262540,0
[E3P-CSV] 2,141,5948260,654990,0,0,0,0,5197870,0
[E3P-CSV] 2,142,5973390,664640,0,0,0,0,5217510,0
[E3P-CSV] 2,143,4799010,666810,0,0,0,0,4039330,0
[E3P-CSV] 2,144,6036160,469380,0,0,0,0,5247560,0
[E3P-CSV] 2,145,5690140,455820,0,0,0,0,5150490,0
[E3P-CSV] 2,146,6023860,661320,0,0,0,0,5270390,0
[E3P-CSV] 2,147,5863450,652840,0,0,0,0,5124080,0
[E3P-CSV] 2,148,5879360,646590,0,0,0,0,5143140,0
[E3P-CSV] 2,149,5306170,673020,0,0,0,0,4541640,0
[E3P-CSV] 2,150,6522110,696550,0,0,0,0,5732350,0
[E3P-CSV] 2,151,5963570,668550,0,0,0,0,5201970,0
[E3P-CSV] 2,152,5476650,675830,0,0,0,0,4712290,0
[E3P-CSV] 2,153,5948940,779280,0,0,0,0,5076940,0
[E3P-CSV] 2,154,5933950,659230,0,0,0,0,5182490,0
[E3P-CSV] 2,155,4487680,1056730,0,0,0,0,3287430,0
[E3P-CSV] 2,156,5218040,470480,0,0,0,0,4650070,0
[E3P-CSV] 2,157,6464120,536720,0,0,0,0,5667340,0
[E3P-CSV] 2,158,5859520,770720,0,0,0,0,4997300,0
[E3P-CSV] 2,159,5959120,678170,0,0,0,0,5191600,0
[E3P-CSV] 2,160,5546550,662340,0,0,0,0,4798050,0
[E3P-CSV] 2,161,5920590,676790,0,0,0,0,5152630,0
[E3P-CSV] 2,162,6494210,826450,0,0,0,0,5578770,0
[E3P-CSV] 2,163,5860030,657350,0,0,0,0,5108540,0
[E3P-CSV] 2,164,5815300,645480,0,0,0,0,5082720,0
[E3P-CSV] 2,165,5885810,660120,0,0,0,0,5138520,0
[E3P-CSV] 2,166,5961000,661380,0,0,0,0,5208100,0
[E3P-CSV] 2,167,5434680,534310,0,0,0,0,4647770,0
[E3P-CSV] 2,168,7284340,525320,0,0,0,0,6651550,0
[E3P-CSV] 2,169,5903870,647260,0,0,0,0,5169150,0
[E3P-CSV] 2,170,5545760,672750,0,0,0,0,4784960,0
[E3P-CSV] 2,171,5898440,663350,0,0,0,0,5141890,0
[E3P-CSV] 2,172,6058120,502190,0,0,0,0,5295660,0
[E3P-CSV] 2,173,6335200,505180,0,0,0,0,5464100,0
[E3P-CSV] 2,174,6111950,656890,0,0,0,0,5363870,0
[E3P-CSV] 2,175,4967550,467310,0,0,0,0,4413330,0
[E3P-CSV] 2,176,6029410,701550,0,0,0,0,5236190,0
[E3P-CSV] 2,177,5960660,801480,0,0,0,0,5069980,0
[E3P-CSV] 2,178,5927200,654210,0,0,0,0,5181330,0
[E3P-CSV] 2,179,5632000,679060,0,0,0,0,4863830,0
[E3P-CSV] 2,180,5663740,479750,0,0,0,0,5079620,0
[E3P-CSV] 2,181,5314530,463410,0,0,0,0,4762220,0
[E3P-CSV] 2,182,5938650,652630,0,0,0,0,5196490,0
[E3P-CSV] 2,183,6180270,496830,0,0,0,0,5591630,0
[E3P-CSV] 2,184,5000980,525530,0,0,0,0,4379860,0
[E3P-CSV] 2,185,6007900,532330,0,0,0,0,5215220,0
[E3P-CSV] 2,186,6055380,515070,0,0,0,0,5282270,0
[E3P-CSV] 2,187,5989480,517830,0,0,0,0,5193700,0
[E3P-CSV] 2,188,5966490,654560,0,0,0,0,5223400,0
[E3P-CSV] 2,189,6051740,762890,0,0,0,0,5198270,0
[E3P-CSV] 2,190,5786840,467530,0,0,0,0,5078830,0
[E3P-CSV] 2,191,5539820,462920,0,0,0,0,4990830,0
[E3P-CSV] 2,192,5708930,489670,0,0,0,0,5121350,0
[E3P-CSV] 2,193,6329080,649530,0,0,0,0,5589140,0
[E3P-CSV] 2,194,5650100,796700,0,0,0,0,4757810,0
[E3P-CSV] 2,195,5790510,638350,0,0,0,0,5067190,0
[E3P-CSV] 2,196,8405840,655360,0,0,0,0,7662740,0
[E3P-CSV] 2,197,6383390,1029250,0,0,0,0,5215420,0
[E3P-CSV] 2,198,5957550,511420,0,0,0,0,5092740,0
[E3P-CSV] 2,199,5858740,650630,0,0,0,0,5113990,0
[E3P-CSV] 2,200,5871980,660320,0,0,0,0,5125170,0
[E3P-CSV] 2,201,5919900,662590,0,0,0,0,5169220,0
[E3P-CSV] 2,202,5940890,662260,0,0,0,0,5189510,0
[E3P-CSV] 2,203,5444220,655200,0,0,0,0,4699300,0
[E3P-CSV] 2,204,5467850,665220,0,0,0,0,4715700,0
[E3P-CSV] 2,205,6036920,511610,0,0,0,0,5279240,0
[E3P-CSV] 2,206,5931620,656340,0,0,0,0,5186560,0
[E3P-CSV] 2,207,5876470,659060,0,0,0,0,5128800,0
[E3P-CSV] 2,208,5848570,657020,0,0,0,0,5103950,0
[E3P-CSV] 2,209,5864680,649050,0,0,0,0,5124990,0
[E3P-CSV] 2,210,5947320,651220,0,0,0,0,5209340,0
[E3P-CSV] 2,211,5853310,663050,0,0,0,0,5100370,0
[E3P-CSV] 2,212,6371750,642890,0,0,0,0,5642080,0
[E3P-CSV] 2,213,5960330,506090,0,0,0,0,5216240,0
[E3P-CSV] 2,214,6042380,506400,0,0,0,0,5105580,0
[E3P-CSV] 2,215,5410390,631170,0,0,0,0,4692440,0
[E3P-CSV] 2,216,5859170,650430,0,0,0,0,5121450,0
[E3P-CSV] 2,217,6482560,494870,0,0,0,0,5885590,0
[E3P-CSV] 2,218,6658390,483080,0,0,0,0,6085400,0
[E3P-CSV] 2,219,9426090,1090460,0,0,0,0,8193120,0
[E3P-CSV] 2,220,10593420,1002790,0,0,0,0,9171270,0
[E3P-CSV] 2,221,7031760,1021920,0,0,0,0,5873280,0
[E3P-CSV] 2,222,6209650,475800,0,0,0,0,5493600,0
[E3P-CSV] 2,223,5977150,764850,0,0,0,0,5123500,0
[E3P-CSV] 2,224,5983370,658440,0,0,0,0,5233950,0
[E3P-CSV] 2,225,5917920,760590,0,0,0,0,5067870,0
[E3P-CSV] 2,226,8759790,644020,0,0,0,0,8028450,0
[E3P-CSV] 2,227,5053280,794270,0,0,0,0,4169950,0
[E3P-CSV] 2,228,6199920,521530,0,0,0,0,5415650,0
[E3P-CSV] 2,229,4850210,651850,0,0,0,0,4109200,0
[E3P-CSV] 2,230,5902550,666010,0,0,0,0,5148460,0
[E3P-CSV] 2,231,5919610,660890,0,0,0,0,5170720,0
[E3P-CSV] 2,232,5759890,502270,0,0,0,0,5157940,0
[E3P-CSV] 2,233,5862050,658820,0,0,0,0,5112480,0
[E3P-CSV] 2,234,6358950,757920,0,0,0,0,5512140,0
[E3P-CSV] 2,235,5936850,776090,0,0,0,0,5070040,0
[E3P-CSV] 2,236,5797530,492110,0,0,0,0,5216420,0
[E3P-CSV] 2,237,5936560,658660,0,0,0,0,5181170,0
[E3P-CSV] 2,238,5460070,630680,0,0,0,0,4741200,0
[E3P-CSV] 2,239,5845580,664080,0,0,0,0,5094430,0
[E3P-CSV] 2,240,5826930,655740,0,0,0,0,5083470,0
[E3P-CSV] 2,241,6077830,783020,0,0,0,0,5198120,0
[E3P-CSV] 2,242,5953680,473020,0,0,0,0,5373930,0
[E3P-CSV] 2,243,6182860,492330,0,0,0,0,5442820,0
[E3P-CSV] 2,244,5888100,812000,0,0,0,0,4988270,0
[E3P-CSV] 2,245,5348320,778940,0,0,0,0,4485790,0
[E3P-CSV] 2,246,5924000,488130,0,0,0,0,5190330,0
[E3P-CSV] 2,247,5613340,508930,0,0,0,0,4778630,0
[E3P-CSV] 2,248,5534550,656520,0,0,0,0,4786640,0
[E3P-CSV] 2,249,5975530,478460,0,0,0,0,5410690,0
[E3P-CSV] 2,250,5802420,652310,0,0,0,0,5058510,0
[E3P-CSV] 2,251,6376850,814060,0,0,0,0,5470490,0
[E3P-CSV] 2,252,5513010,647900,0,0,0,0,4777500,0
[E3P-CSV] 2,253,5898240,796020,0,0,0,0,5013100,0
[E3P-CSV] 2,254,6031070,501440,0,0,0,0,5053610,0
[E3P-CSV] 2,255,5902760,786050,0,0,0,0,5025380,0
[E3P-CSV] 2,256,5949840,507650,0,0,0,0,5195720,0
[E3P-CSV] 2,257,5901350,657790,0,0,0,0,5152300,0
[E3P-CSV] 2,258,5974270,504620,0,0,0,0,5080480,0
[E3P-CSV] 2,259,5968050,805180,0,0,0,0,5069960,0
[E3P-CSV] 2,260,5929800,499560,0,0,0,0,5331230,0
[E3P-CSV] 2,261,5406000,796010,0,0,0,0,4520200,0
[E3P-CSV] 2,262,5982210,671660,0,0,0,0,5217170,0
[E3P-CSV] 2,263,5916580,777950,0,0,0,0,5046330,0
[E3P-CSV] 2,264,5911390,800070,0,0,0,0,5020920,0
[E3P-CSV] 2,265,5804000,481750,0,0,0,0,5222000,0
[E3P-CSV] 2,266,5802930,464470,0,0,0,0,5254080,0
[E3P-CSV] 2,267,5376110,819720,0,0,0,0,4469920,0
[E3P-CSV] 2,268,6065010,542000,0,0,0,0,5262030,0
[E3P-CSV] 2,269,6384230,801420,0,0,0,0,5494780,0
[E3P-CSV] 2,270,5900190,655510,0,0,0,0,5152840,0
[E3P-CSV] 2,271,5773980,793340,0,0,0,0,4892810,0
[E3P-CSV] 2,272,5917300,498310,0,0,0,0,5033980,0
[E3P-CSV] 2,273,6027020,511480,0,0,0,0,5426210,0
[E3P-CSV] 2,274,5365110,542460,0,0,0,0,4394930,0
[E3P-CSV] 2,275,5569260,648820,0,0,0,0,4835920,0
[E3P-CSV] 2,276,6587110,671850,0,0,0,0,5825240,0
[E3P-CSV] 2,277,5717350,488280,0,0,0,0,5142390,0
[E3P-CSV] 2,278,5610350,768190,0,0,0,0,4752870,0
[E3P-CSV] 2,279,5837850,665640,0,0,0,0,5086600,0
[E3P-CSV] 2,280,5726390,745170,0,0,0,0,4900510,0
[E3P-CSV] 2,281,5802280,661440,0,0,0,0,5047040,0
[E3P-CSV] 2,282,5880010,640050,0,0,0,0,5152310,0
[E3P-CSV] 2,283,6437550,746790,0,0,0,0,5598460,0
[E3P-CSV] 2,284,5878170,658020,0,0,0,0,5129940,0
[E3P-CSV] 2,285,6125350,639670,0,0,0,0,5402990,0
[E3P-CSV] 2,286,5859220,767360,0,0,0,0,5005660,0
[E3P-CSV] 2,287,5968340,813550,0,0,0,0,5065850,0
[E3P-CSV] 2,288,6188600,516780,0,0,0,0,5294610,0
[E3P-CSV] 2,289,5757260,484120,0,0,0,0,5181270,0
[E3P-CSV] 2,290,6026680,756470,0,0,0,0,5183190,0
[E3P-CSV] 2,291,5945880,495620,0,0,0,0,5206160,0
[E3P-CSV] 2,292,6408670,845130,0,0,0,0,5475360,0
[E3P-CSV] 2,293,5822980,749410,0,0,0,0,4984900,0
[E3P-CSV] 2,294,5850700,758860,0,0,0,0,5007800,0
[E3P-CSV] 2,295,5898230,787100,0,0,0,0,5023450,0
[E3P-CSV] 2,296,5850000,655340,0,0,0,0,5108940,0
[E3P-CSV] 2,297,5538410,771830,0,0,0,0,4677010,0
[E3P-CSV] 2,298,5994400,506540,0,0,0,0,5225030,0
[E3P-CSV] 2,299,5907110,663130,0,0,0,0,5157320,0
[E3P-CSV] 2,300,5998510,774610,0,0,0,0,5133150,0
[E3P-CSV] 2,301,6276990,540550,0,0,0,0,5343770,0
[E3P-CSV] 2,302,5716990,641130,0,0,0,0,4989350,0
[E3P-CSV] 2,303,5920340,494040,0,0,0,0,5190090,0
[E3P-CSV] 2,304,5815710,758620,0,0,0,0,4970080,0
[E3P-CSV] 2,305,5842500,662030,0,0,0,0,5094200,0
[E3P-CSV] 2,306,6414030,517210,0,0,0,0,5532060,0
[E3P-CSV] 2,307,5932560,790630,0,0,0,0,5052830,0
[E3P-CSV] 2,308,5763360,678180,0,0,0,0,4990810,0
[E3P-CSV] 2,309,4833190,638420,0,0,0,0,4111890,0
[E3P-CSV] 2,310,5906440,514350,0,0,0,0,5295640,0
[E3P-CSV] 2,311,5884600,789000,0,0,0,0,5002760,0
[E3P-CSV] 2,312,5932160,762710,0,0,0,0,5079800,0
[E3P-CSV] 2,313,5549500,647160,0,0,0,0,4813990,0
[E3P-CSV] 2,314,6020210,663460,0,0,0,0,5267580,0
[E3P-CSV] 2,315,5876880,665760,0,0,0,0,5122440,0
[E3P-CSV] 2,316,5950190,772410,0,0,0,0,5085670,0
[E3P-CSV] 2,317,5529220,790970,0,0,0,0,4649200,0
[E3P-CSV] 2,318,6326760,497930,0,0,0,0,5588440,0
[E3P-CSV] 2,319,5842520,783880,0,0,0,0,4972530,0
[E3P-CSV] 2,320,4848980,799960,0,0,0,0,3960010,0
[E3P-CSV] 2,321,7072430,640940,0,0,0,0,6343690,0
[E3P-CSV] 2,322,5913660,681850,0,0,0,0,5143760,0
[E3P-CSV] 2,323,6422470,643300,0,0,0,0,5692840,0
[E3P-CSV] 2,324,5957230,744080,0,0,0,0,5123050,0
[E3P-CSV] 2,325,5849690,749660,0,0,0,0,5015550,0
[E3P-CSV] 2,326,5827850,472000,0,0,0,0,5266990,0
[E3P-CSV] 2,327,9046600,1058730,0,0,0,0,7826890,0
[E3P-CSV] 2,328,5900310,768040,0,0,0,0,5041780,0
[E3P-CSV] 2,329,5988710,796650,0,0,0,0,5101330,0
[E3P-CSV] 2,330,6288480,507910,0,0,0,0,5381660,0
[E3P-CSV] 2,331,6332260,848430,0,0,0,0,5397030,0
[E3P-CSV] 2,332,4685730,653280,0,0,0,0,3943210,0
[E3P-CSV] 2,333,5972250,494320,0,0,0,0,5225720,0
[E3P-CSV] 2,334,5921740,765940,0,0,0,0,5067480,0
[E3P-CSV] 2,335,5498440,775670,0,0,0,0,4635170,0
[E3P-CSV] 2,336,5958350,666890,0,0,0,0,5203460,0
[E3P-CSV] 2,337,5945180,771230,0,0,0,0,5087200,0
[E3P-CSV] 2,338,5912430,789750,0,0,0,0,5029790,0
[E3P-CSV] 2,339,5518790,610490,0,0,0,0,4821800,0
[E3P-CSV] 2,340,5830650,676530,0,0,0,0,5062140,0
[E3P-CSV] 2,341,5514240,668290,0,0,0,0,4761990,0
[E3P-CSV] 2,342,5683450,638790,0,0,0,0,4958060,0
[E3P-CSV] 2,343,5705930,649700,0,0,0,0,4966430,0
[E3P-CSV] 2,344,5762870,612170,0,0,0,0,5065500,0
[E3P-CSV] 2,345,6816370,1138600,0,0,0,0,5532110,0
[E3P-CSV] 2,346,6026010,519500,0,0,0,0,5416650,0
[E3P-CSV] 2,347,6078130,656160,0,0,0,0,5323180,0
[E3P-CSV] 2,348,6093470,518960,0,0,0,0,5482670,0
[E3P-CSV] 2,349,7411710,499690,0,0,0,0,6602300,0
[E3P-CSV] 2,350,5967330,677880,0,0,0,0,5196000,0
[E3P-CSV] 2,351,5902690,474890,0,0,0,0,5340250,0
[E3P-CSV] 2,352,5869430,643010,0,0,0,0,5139020,0
[E3P-CSV] 2,353,5876480,649160,0,0,0,0,5136110,0
[E3P-CSV] 2,354,5349090,495540,0,0,0,0,4614230,0
[E3P-CSV] 2,355,5695770,643380,0,0,0,0,4963850,0
[E3P-CSV] 2,356,6002350,485140,0,0,0,0,5426080,0
[E3P-CSV] 2,357,5853520,475080,0,0,0,0,5290520,0
[E3P-CSV] 2,358,5989480,662360,0,0,0,0,5234930,0
[E3P-CSV] 2,359,5915330,654670,0,0,0,0,5173420,0
[E3P-CSV] 2,360,5849520,661540,0,0,0,0,5099180,0
[E3P-CSV] 2,361,5939250,673290,0,0,0,0,5172710,0
[E3P-CSV] 2,362,11520310,1261960,0,0,0,0,10116550,0
[E3P-CSV] 2,363,5817020,491930,0,0,0,0,5234050,0
[E3P-CSV] 2,364,5650680,658480,0,0,0,0,4903130,0
[E3P-CSV] 2,365,6388840,636430,0,0,0,0,5660040,0
[E3P-CSV] 2,366,5409980,651150,0,0,0,0,4671550,0
[E3P-CSV] 2,367,5993440,670040,0,0,0,0,5231480,0
[E3P-CSV] 2,368,5869980,655060,0,0,0,0,5126500,0
[E3P-CSV] 2,369,5877350,624060,0,0,0,0,5169770,0
[E3P-CSV] 2,370,5870660,639360,0,0,0,0,5144570,0
[E3P-CSV] 2,371,5862370,459670,0,0,0,0,5318270,0
[E3P-CSV] 2,372,5982040,684130,0,0,0,0,5203750,0
[E3P-CSV] 2,373,6076940,530590,0,0,0,0,5455930,0
[E3P-CSV] 2,374,6324370,770560,0,0,0,0,5465830,0
[E3P-CSV] 2,375,6382330,679150,0,0,0,0,5599650,0
[E3P-CSV] 2,376,6024460,673500,0,0,0,0,5264960,0
[E3P-CSV] 2,377,6450550,523880,0,0,0,0,5648860,0
[E3P-CSV] 2,378,6157690,508240,0,0,0,0,5558860,0
[E3P-CSV] 2,379,6041030,671510,0,0,0,0,5282610,0
[E3P-CSV] 2,380,6028150,489030,0,0,0,0,5271810,0
[E3P-CSV] 2,381,6003050,657730,0,0,0,0,5260290,0
[E3P-CSV] 2,382,6384090,632350,0,0,0,0,5664990,0
[E3P-CSV] 2,383,6027150,500410,0,0,0,0,5435270,0
[E3P-CSV] 2,384,5833140,619180,0,0,0,0,5130820,0
[E3P-CSV] 2,385,5887530,626740,0,0,0,0,5172960,0
[E3P-CSV] 2,386,10001540,502800,0,0,0,0,9410690,0
[E3P-CSV] 2,387,6008420,654220,0,0,0,0,5263050,0
[E3P-CSV] 2,388,5934890,654830,0,0,0,0,5188190,0
[E3P-CSV] 2,389,4439900,1071200,0,0,0,0,3204510,0
[E3P-CSV] 2,390,5934790,639620,0,0,0,0,5206400,0
[E3P-CSV] 2,391,6420510,678980,0,0,0,0,5653520,0
[E3P-CSV] 2,392,5886150,653930,0,0,0,0,5145320,0
[E3P-CSV] 2,393,6064900,802630,0,0,0,0,5168420,0
[E3P-CSV] 2,394,6383950,652600,0,0,0,0,5635520,0
[E3P-CSV] 2,395,5864450,470380,0,0,0,0,5307940,0
[E3P-CSV] 2,396,5933620,677960,0,0,0,0,5165900,0
[E3P-CSV] 2,397,5991950,514440,0,0,0,0,5222030,0
[E3P-CSV] 2,398,5737520,641580,0,0,0,0,5007840,0
[E3P-CSV] 2,399,5005640,621610,0,0,0,0,4301430,0
[E3P-CSV] 2,400,7038740,628300,0,0,0,0,6327610,0
[E3P-CSV] 2,401,5822960,642250,0,0,0,0,5095570,0
[E3P-CSV] 2,402,5506310,628400,0,0,0,0,4794660,0
[E3P-CSV] 2,403,6002650,498400,0,0,0,0,5194820,0
[E3P-CSV] 2,404,5917190,634700,0,0,0,0,5192350,0
[E3P-CSV] 2,405,5894880,654250,0,0,0,0,5149710,0
[E3P-CSV] 2,406,5896350,643030,0,0,0,0,5160490,0
[E3P-CSV] 2,407,5940960,669800,0,0,0,0,5179140,0
[E3P-CSV] 2,408,6006810,520140,0,0,0,0,5238520,0
[E3P-CSV] 2,409,6572460,667820,0,0,0,0,5813870,0
[E3P-CSV] 2,410,5112200,490360,0,0,0,0,4536870,0
[E3P-CSV] 2,411,5941820,478890,0,0,0,0,5192000,0
[E3P-CSV] 2,412,5943490,651850,0,0,0,0,5195500,0
[E3P-CSV] 2,413,5970830,498380,0,0,0,0,5216860,0
[E3P-CSV] 2,414,5748750,648550,0,0,0,0,5012120,0
[E3P-CSV] 2,415,6067130,672670,0,0,0,0,5297990,0
[E3P-CSV] 2,416,10885630,1015040,0,0,0,0,9318750,0
[E3P-CSV] 2,417,6296960,650830,0,0,0,0,5548790,0
[E3P-CSV] 2,418,5962730,647160,0,0,0,0,5224920,0
[E3P-CSV] 2,419,5881550,660120,0,0,0,0,5135470,0
[E3P-CSV] 2,420,5880150,644330,0,0,0,0,5145120,0
[E3P-CSV] 2,421,5757250,505200,0,0,0,0,5163140,0
[E3P-CSV] 2,422,6561870,647000,0,0,0,0,5817560,0
[E3P-CSV] 2,423,6075100,528170,0,0,0,0,5453850,0
[E3P-CSV] 2,424,10204560,1059960,0,0,0,0,8980860,0
[E3P-CSV] 2,425,6090860,648890,0,0,0,0,5355060,0
[E3P-CSV] 2,426,6487950,653990,0,0,0,0,5747080,0
[E3P-CSV] 2,427,5946550,646110,0,0,0,0,5214900,0
[E3P-CSV] 2,428,6478740,644700,0,0,0,0,5744470,0
[E3P-CSV] 2,429,5925940,646510,0,0,0,0,5184630,0
[E3P-CSV] 2,430,6385030,652800,0,0,0,0,5646490,0
[E3P-CSV] 2,431,6066980,524810,0,0,0,0,5283500,0
[E3P-CSV] 2,432,5869860,657320,0,0,0,0,5123780,0
[E3P-CSV] 2,433,5797200,610030,0,0,0,0,5100520,0
[E3P-CSV] 2,434,6266150,646310,0,0,0,0,5529280,0
[E3P-CSV] 2,435,6117880,639310,0,0,0,0,5390180,0
[E3P-CSV] 2,436,5956070,501690,0,0,0,0,5362190,0
[E3P-CSV] 2,437,6029820,677310,0,0,0,0,5256590,0
[E3P-CSV] 2,438,5433350,505320,0,0,0,0,4661900,0
[E3P-CSV] 2,439,6463290,498170,0,0,0,0,5714990,0
[E3P-CSV] 2,440,5898840,645100,0,0,0,0,5167140,0
[E3P-CSV] 2,441,5850180,653910,0,0,0,0,5109170,0
[E3P-CSV] 2,442,5880310,641860,0,0,0,0,5154970,0
[E3P-CSV] 2,443,5948790,519710,0,0,0,0,5335890,0
[E3P-CSV] 2,444,6018220,682010,0,0,0,0,5242790,0
[E3P-CSV] 2,445,5802410,640860,0,0,0,0,5071540,0
[E3P-CSV] 2,446,5919420,517860,0,0,0,0,5305770,0
[E3P-CSV] 2,447,5067690,1513340,0,0,0,0,3408160,0
[E3P-CSV] 2,448,6010310,628730,0,0,0,0,5288740,0
[E3P-CSV] 2,449,5952710,692840,0,0,0,0,5169370,0
[E3P-CSV] 2,450,5650380,658370,0,0,0,0,4892700,0
[E3P-CSV] 2,451,7340900,495280,0,0,0,0,6751260,0
[E3P-CSV] 2,452,5891400,638730,0,0,0,0,5165870,0
[E3P-CSV] 2,453,5936980,479350,0,0,0,0,5212730,0
[E3P-CSV] 2,454,5907290,644840,0,0,0,0,5171000,0
[E3P-CSV] 2,455,5861570,648610,0,0,0,0,5124710,0
[E3P-CSV] 2,456,5915580,686300,0,0,0,0,5132900,0
[E3P-CSV] 2,457,5972270,681670,0,0,0,0,5191170,0
[E3P-CSV] 2,458,5990010,660520,0,0,0,0,5238660,0
[E3P-CSV] 2,459,5939700,638680,0,0,0,0,5213560,0
[E3P-CSV] 2,460,5918830,637270,0,0,0,0,5195820,0
[E3P-CSV] 2,461,6132970,797700,0,0,0,0,5242270,0
[E3P-CSV] 2,462,6051730,676160,0,0,0,0,5267310,0
[E3P-CSV] 2,463,5899630,653660,0,0,0,0,5158400,0
[E3P-CSV] 2,464,5150460,659420,0,0,0,0,4390190,0
[E3P-CSV] 2,465,6004300,504810,0,0,0,0,5238930,0
[E3P-CSV] 2,466,5875500,659850,0,0,0,0,5128950,0
[E3P-CSV] 2,467,6226020,504870,0,0,0,0,5422150,0
[E3P-CSV] 2,468,5975480,499880,0,0,0,0,5249180,0
[E3P-CSV] 2,469,5914660,476730,0,0,0,0,5192820,0
[E3P-CSV] 2,470,6224190,506140,0,0,0,0,5447640,0
[E3P-CSV] 2,471,9798670,1211990,0,0,0,0,8169830,0
[E3P-CSV] 2,472,5645180,640530,0,0,0,0,4915530,0
[E3P-CSV] 2,473,5935120,517150,0,0,0,0,5176280,0
[E3P-CSV] 2,474,5869920,486300,0,0,0,0,5131730,0
[E3P-CSV] 2,475,7899170,1087110,0,0,0,0,6673010,0
[E3P-CSV] 2,476,4902020,1268080,0,0,0,0,3495770,0
[E3P-CSV] 2,477,6051510,637850,0,0,0,0,5312110,0
[E3P-CSV] 2,478,5773430,679010,0,0,0,0,5003700,0
[E3P-CSV] 2,479,6516030,661350,0,0,0,0,5764960,0
[E3P-CSV] 2,480,6399600,665320,0,0,0,0,5640070,0
[E3P-CSV] 2,481,5927920,681960,0,0,0,0,5149360,0
[E3P-CSV] 2,482,5847190,646190,0,0,0,0,5106040,0
[E3P-CSV] 2,483,6517590,512670,0,0,0,0,5760080,0
[E3P-CSV] 2,484,5960350,478770,0,0,0,0,5393940,0
[E3P-CSV] 2,485,6461490,631170,0,0,0,0,5739790,0
[E3P-CSV] 2,486,6044910,514650,0,0,0,0,5213550,0
[E3P-CSV] 2,487,6388630,644630,0,0,0,0,5651200,0
[E3P-CSV] 2,488,5487980,646390,0,0,0,0,4750670,0
[E3P-CSV] 2,489,6235430,506640,0,0,0,0,5412940,0
[E3P-CSV] 2,490,6341090,653040,0,0,0,0,5582460,0
[E3P-CSV] 2,491,5865070,632880,0,0,0,0,5137650,0
[E3P-CSV] 2,492,5849090,654210,0,0,0,0,5098630,0
[E3P-CSV] 2,493,5922380,641570,0,0,0,0,5177790,0
[E3P-CSV] 2,494,5840980,645190,0,0,0,0,5103260,0
[E3P-CSV] 2,495,5907740,641460,0,0,0,0,5166410,0
[E3P-CSV] 2,496,5910190,629900,0,0,0,0,5177780,0
[E3P-CSV] 2,497,5923170,649850,0,0,0,0,5183670,0
[E3P-CSV] 2,498,6432420,498420,0,0,0,0,5689530,0
[E3P-CSV] 2,499,5917130,646830,0,0,0,0,5181110,0
[E3P-CSV] 2,500,5819730,633940,0,0,0,0,5090360,0
[E3P-CSV] 2,501,5812250,633340,0,0,0,0,5078700,0
[E3P-CSV] 2,502,5723730,644690,0,0,0,0,4983940,0
[E3P-CSV] 2,503,5876760,642650,0,0,0,0,5141780,0
[E3P-CSV] 2,504,6006080,494570,0,0,0,0,5251190,0
[E3P-CSV] 2,505,5870100,634280,0,0,0,0,5136490,0
[E3P-CSV] 2,506,6369270,651970,0,0,0,0,5623000,0
[E3P-CSV] 2,507,5608270,529450,0,0,0,0,4979120,0
[E3P-CSV] 2,508,6189230,509480,0,0,0,0,5408340,0
[E3P-CSV] 2,509,1217760,150010,0,0,0,0,1035560,0
[E3P-SUMMARY] chain_len=2 e2e_avg=5998818 publish_avg=641223 sched_avg=5228044

*** FATAL ***
fatal source: 9 (RTEMS_FATAL_SOURCE_EXCEPTION)

R0   = 0x015957f8 R8  = 0x00000000
R1   = 0x00000000 R9  = 0x00000000
R2   = 0x00000010 R10 = 0x00000000
R3   = 0x015958f8 R11 = 0x00000000
R4   = 0x00c00f78 R12 = 0x015958f8
R5   = 0x002d0535 SP  = 0x015957e8
R6   = 0x00000000 LR  = 0x00000000
R7   = 0x015957e8 PC  = 0x002d05bc
CPSR = 0x600d0173 VEC = 0x00000001
FPEXC = 0x40000000
FPSCR = 0x20000010
D00 = 0x0000000000000000
D01 = 0x0000000000000001
D02 = 0x0000000000000000
D03 = 0x0000000000000000
D04 = 0x0000000000000000
D05 = 0x0000000000000000
D06 = 0x00a9c53c00a9c53c
D07 = 0x000186a00061a800
D08 = 0x0000000000000000
D09 = 0x0000000000000000
D10 = 0x0000000000000000
D11 = 0x0000000000000000
D12 = 0x0000000000000000
D13 = 0x0000000000000000
D14 = 0x0000000000000000
D15 = 0x0000000000000000
D16 = 0x0000000000000000
D17 = 0x0000000000000000
D18 = 0x0000000000000000
D19 = 0x0000000000000000
D20 = 0x00a9c79400a9c780
D21 = 0x00a9c7c400a9c7a8
D22 = 0x00a9c6dc00a9c6cc
D23 = 0x00a9c6fc00a9c6ec
D24 = 0x00a9c69c00a9c68c
D25 = 0x00a9c6bc00a9c6ac
D26 = 0x00a9c62800a9c600
D27 = 0x00a9c66800a9c64c
D28 = 0x00a9c5a800a9c578
D29 = 0x00a9c5e000a9c5c4
D30 = 0x00a9ca6000a9ca60
D31 = 0x00a9c56c00a9c560
RTEMS version: 6.1.0.not-released
RTEMS tools: 13.3.0 20240521 (RTEMS 6, RSB no-repo, Newlib 1b3dcfd)
executing thread ID: 0x0a010001
executing thread name: UI1 
