audio: Device lm4549: audiodev default parameter is deprecated, please specify audiodev=none

RTEMS Shell on /dev/console. Use 'help' to list commands.
SHLL [/] # nexus0: <RTEMS Nexus device>
info: lo0: link state changed to UP
=== Exp2-ROSRT: Task Chain (n=2) NoExecutor ===
Period: 200ms, Rounds: 500
[E2ROSRT-CSV] chain_len,round,e2e_ns,publish_ns,gc_trigger_ns,invoke_cb_ns,getnext_ns,take_data_ns,sched_ns,dispatch_ns
666666
CPP Msg not nullptr
CPP Msg not nullptr
CPP Msg not nullptr
CPP Msg not nullptr
C Msg not NULL
C Msg not NULL
CPP Srv not nullptr
CPP Srv not nullptr
CPP Srv not nullptr
CPP Srv not nullptr
CPP Srv not nullptr
CPP Srv not nullptr
CPP Msg not nullptr
CPP Msg not nullptr
CPP Msg not nullptr
CPP Msg not nullptr
CPP Msg not nullptr
CPP Msg not nullptr
C Msg not NULL
C Msg not NULL
CPP Srv not nullptr
CPP Srv not nullptr
CPP Srv not nullptr
CPP Srv not nullptr
CPP Srv not nullptr
CPP Srv not nullptr
CPP Msg not nullptr
CPP Msg not nullptr
CPP Msg not nullptr
CPP Msg not nullptr
CPP Msg not nullptr
CPP Msg not nullptr
[E2ROSRT-CSV] 2,10,2753340,1786240,0,0,0,0,861780,0
[E2ROSRT-CSV] 2,11,2146380,1687400,0,0,0,0,348590,0
[E2ROSRT-CSV] 2,12,2986990,2102730,0,0,0,0,752470,0
[E2ROSRT-CSV] 2,13,2764500,1794070,0,0,0,0,864280,0
[E2ROSRT-CSV] 2,14,2397250,1769660,0,0,0,0,526070,0
[E2ROSRT-CSV] 2,15,1992240,1525120,0,0,0,0,350620,0
[E2ROSRT-CSV] 2,16,1684080,1118450,0,0,0,0,487420,0
[E2ROSRT-CSV] 2,17,2919130,1892050,0,0,0,0,912660,0
[E2ROSRT-CSV] 2,18,2119980,1659760,0,0,0,0,350380,0
[E2ROSRT-CSV] 2,19,1678860,1104030,0,0,0,0,522350,0
[E2ROSRT-CSV] 2,20,1588800,1033970,0,0,0,0,498870,0
[E2ROSRT-CSV] 2,21,1662870,1084360,0,0,0,0,498440,0
[E2ROSRT-CSV] 2,22,1654880,1076330,0,0,0,0,494300,0
[E2ROSRT-CSV] 2,23,2109680,1663040,0,0,0,0,339670,0
[E2ROSRT-CSV] 2,24,2876020,1879700,0,0,0,0,893950,0
[E2ROSRT-CSV] 2,25,2402370,1764630,0,0,0,0,533950,0
[E2ROSRT-CSV] 2,26,1672220,1035620,0,0,0,0,551650,0
[E2ROSRT-CSV] 2,27,1761940,1318600,0,0,0,0,317930,0
[E2ROSRT-CSV] 2,28,1648490,1076360,0,0,0,0,499720,0
[E2ROSRT-CSV] 2,29,1633780,1063910,0,0,0,0,511820,0
[E2ROSRT-CSV] 2,30,1677970,1101890,0,0,0,0,511990,0
[E2ROSRT-CSV] 2,31,2872120,1906870,0,0,0,0,847300,0
[E2ROSRT-CSV] 2,32,1816810,1170010,0,0,0,0,550740,0
[E2ROSRT-CSV] 2,33,2029350,1583610,0,0,0,0,335470,0
[E2ROSRT-CSV] 2,34,2810960,1847710,0,0,0,0,859480,0
[E2ROSRT-CSV] 2,35,1971350,1526120,0,0,0,0,344280,0
[E2ROSRT-CSV] 2,36,1657870,1047490,0,0,0,0,518680,0
[E2ROSRT-CSV] 2,37,2851320,1887990,0,0,0,0,846470,0
[E2ROSRT-CSV] 2,38,1715580,1109090,0,0,0,0,516180,0
[E2ROSRT-CSV] 2,39,1693750,1094620,0,0,0,0,540920,0
[E2ROSRT-CSV] 2,40,2635070,1921140,0,0,0,0,597920,0
[E2ROSRT-CSV] 2,41,1689460,1130710,0,0,0,0,494710,0
[E2ROSRT-CSV] 2,42,2803390,1836230,0,0,0,0,859630,0
[E2ROSRT-CSV] 2,43,2707400,1793840,0,0,0,0,807350,0
[E2ROSRT-CSV] 2,44,2326940,1726460,0,0,0,0,503430,0
[E2ROSRT-CSV] 2,45,2453010,1913680,0,0,0,0,441260,0
[E2ROSRT-CSV] 2,46,2118900,1642720,0,0,0,0,364660,0
[E2ROSRT-CSV] 2,47,2092400,1659320,0,0,0,0,372570,0
[E2ROSRT-CSV] 2,48,1673320,1078300,0,0,0,0,534660,0
[E2ROSRT-CSV] 2,49,2088050,1608100,0,0,0,0,363590,0
[E2ROSRT-CSV] 2,50,2845140,1883860,0,0,0,0,852370,0
[E2ROSRT-CSV] 2,51,2720270,1808760,0,0,0,0,805750,0
[E2ROSRT-CSV] 2,52,1647650,1062600,0,0,0,0,522210,0
[E2ROSRT-CSV] 2,53,1592720,1048020,0,0,0,0,489630,0
[E2ROSRT-CSV] 2,54,1653340,1077720,0,0,0,0,512590,0
[E2ROSRT-CSV] 2,55,1631890,1024160,0,0,0,0,527160,0
[E2ROSRT-CSV] 2,56,2781070,1824360,0,0,0,0,848310,0
[E2ROSRT-CSV] 2,57,1720880,1068910,0,0,0,0,554920,0
[E2ROSRT-CSV] 2,58,2366550,1873880,0,0,0,0,380340,0
[E2ROSRT-CSV] 2,59,2352110,1856720,0,0,0,0,388820,0
[E2ROSRT-CSV] 2,60,1458250,1029870,0,0,0,0,347940,0
[E2ROSRT-CSV] 2,61,2432770,1792810,0,0,0,0,532330,0
[E2ROSRT-CSV] 2,62,1715030,1127830,0,0,0,0,521340,0
[E2ROSRT-CSV] 2,63,2804710,1858380,0,0,0,0,838430,0
[E2ROSRT-CSV] 2,64,1661380,1059420,0,0,0,0,518260,0
[E2ROSRT-CSV] 2,65,1718910,1075470,0,0,0,0,538950,0
[E2ROSRT-CSV] 2,66,1664960,1122760,0,0,0,0,479120,0
[E2ROSRT-CSV] 2,67,2835700,1885970,0,0,0,0,835170,0
[E2ROSRT-CSV] 2,68,1665870,1049670,0,0,0,0,529010,0
[E2ROSRT-CSV] 2,69,1981280,1591630,0,0,0,0,326650,0
[E2ROSRT-CSV] 2,70,2796450,1807390,0,0,0,0,882490,0
[E2ROSRT-CSV] 2,71,2405930,1766610,0,0,0,0,534750,0
[E2ROSRT-CSV] 2,72,1670370,1108400,0,0,0,0,497370,0
[E2ROSRT-CSV] 2,73,1651760,1063820,0,0,0,0,530810,0
[E2ROSRT-CSV] 2,74,1650620,1093700,0,0,0,0,499320,0
[E2ROSRT-CSV] 2,75,1671670,1094460,0,0,0,0,516050,0
[E2ROSRT-CSV] 2,76,1637520,1086850,0,0,0,0,490210,0
[E2ROSRT-CSV] 2,77,354720,231030,0,0,0,0,102750,0
[E2ROSRT-CSV] 2,78,1387000,988630,0,0,0,0,327150,0
[E2ROSRT-CSV] 2,79,1646270,1068560,0,0,0,0,514380,0
[E2ROSRT-CSV] 2,80,1993190,1564030,0,0,0,0,357130,0
[E2ROSRT-CSV] 2,81,2764760,1812300,0,0,0,0,839150,0
[E2ROSRT-CSV] 2,82,1707040,1074260,0,0,0,0,533350,0
[E2ROSRT-CSV] 2,83,786930,395550,0,0,0,0,358780,0
[E2ROSRT-CSV] 2,84,1193340,882690,0,0,0,0,254120,0
[E2ROSRT-CSV] 2,85,2829150,1862930,0,0,0,0,853830,0
[E2ROSRT-CSV] 2,86,2426870,1787250,0,0,0,0,531390,0
[E2ROSRT-CSV] 2,87,2861300,1896530,0,0,0,0,867960,0
[E2ROSRT-CSV] 2,88,1751160,1336100,0,0,0,0,347420,0
[E2ROSRT-CSV] 2,89,1982800,1536950,0,0,0,0,335020,0
[E2ROSRT-CSV] 2,90,2409790,1790720,0,0,0,0,516610,0
[E2ROSRT-CSV] 2,91,1624600,1059170,0,0,0,0,501190,0
[E2ROSRT-CSV] 2,92,504130,333680,0,0,0,0,138270,0
[E2ROSRT-CSV] 2,93,1793340,1048410,0,0,0,0,332870,0
[E2ROSRT-CSV] 2,94,1640570,1080630,0,0,0,0,502080,0
[E2ROSRT-CSV] 2,95,2697820,1773520,0,0,0,0,817110,0
[E2ROSRT-CSV] 2,96,1640070,974630,0,0,0,0,328320,0
[E2ROSRT-CSV] 2,97,1655800,1065450,0,0,0,0,533360,0
[E2ROSRT-CSV] 2,98,1851180,1452020,0,0,0,0,330030,0
[E2ROSRT-CSV] 2,99,1637890,1066950,0,0,0,0,503580,0
[E2ROSRT-CSV] 2,100,2774060,1815790,0,0,0,0,850720,0
[E2ROSRT-CSV] 2,101,1679190,1083090,0,0,0,0,507940,0
[E2ROSRT-CSV] 2,102,2601660,1901390,0,0,0,0,588400,0
[E2ROSRT-CSV] 2,103,1698550,1106440,0,0,0,0,531160,0
[E2ROSRT-CSV] 2,104,1677420,1099590,0,0,0,0,514200,0
[E2ROSRT-CSV] 2,105,1653710,1083450,0,0,0,0,515160,0
[E2ROSRT-CSV] 2,106,1801470,1195170,0,0,0,0,546820,0
[E2ROSRT-CSV] 2,107,1951990,1521960,0,0,0,0,367770,0
[E2ROSRT-CSV] 2,108,1675110,1096040,0,0,0,0,519400,0
[E2ROSRT-CSV] 2,109,1631830,1058240,0,0,0,0,512250,0
[E2ROSRT-CSV] 2,110,1593300,1213080,0,0,0,0,318480,0
[E2ROSRT-CSV] 2,111,1589010,1037110,0,0,0,0,492830,0
[E2ROSRT-CSV] 2,112,1632550,1073150,0,0,0,0,495880,0
[E2ROSRT-CSV] 2,113,1678100,1069420,0,0,0,0,550340,0
[E2ROSRT-CSV] 2,114,1668150,1074330,0,0,0,0,529760,0
[E2ROSRT-CSV] 2,115,1637450,1062530,0,0,0,0,514960,0
[E2ROSRT-CSV] 2,116,1655790,1095910,0,0,0,0,498950,0
[E2ROSRT-CSV] 2,117,1627000,1058240,0,0,0,0,510920,0
[E2ROSRT-CSV] 2,118,1658910,1071010,0,0,0,0,525790,0
[E2ROSRT-CSV] 2,119,1632090,1059390,0,0,0,0,513420,0
[E2ROSRT-CSV] 2,120,1699090,1111330,0,0,0,0,529110,0
[E2ROSRT-CSV] 2,121,1682770,1151630,0,0,0,0,468620,0
[E2ROSRT-CSV] 2,122,1757560,1165370,0,0,0,0,530440,0
[E2ROSRT-CSV] 2,123,1679380,997790,0,0,0,0,326680,0
[E2ROSRT-CSV] 2,124,1695850,1104260,0,0,0,0,534080,0
[E2ROSRT-CSV] 2,125,1670080,1093640,0,0,0,0,517890,0
[E2ROSRT-CSV] 2,126,2718370,1759610,0,0,0,0,843570,0
[E2ROSRT-CSV] 2,127,1657300,1094670,0,0,0,0,496100,0
[E2ROSRT-CSV] 2,128,1747780,1093850,0,0,0,0,593610,0
[E2ROSRT-CSV] 2,129,1656140,1083820,0,0,0,0,515790,0
[E2ROSRT-CSV] 2,130,1685780,1112570,0,0,0,0,512750,0
[E2ROSRT-CSV] 2,131,1760610,1172510,0,0,0,0,525370,0
[E2ROSRT-CSV] 2,132,1634920,1096960,0,0,0,0,476280,0
[E2ROSRT-CSV] 2,133,2148240,1603050,0,0,0,0,437350,0
[E2ROSRT-CSV] 2,134,1726890,1135670,0,0,0,0,522530,0
[E2ROSRT-CSV] 2,135,1654240,1082170,0,0,0,0,513740,0
[E2ROSRT-CSV] 2,136,1711570,1127920,0,0,0,0,520430,0
[E2ROSRT-CSV] 2,137,2878760,1629060,0,0,0,0,849730,0
[E2ROSRT-CSV] 2,138,1675530,1114310,0,0,0,0,497560,0
[E2ROSRT-CSV] 2,139,1692350,1132670,0,0,0,0,493260,0
[E2ROSRT-CSV] 2,140,1714940,1150950,0,0,0,0,500890,0
[E2ROSRT-CSV] 2,141,1727850,1141000,0,0,0,0,524900,0
[E2ROSRT-CSV] 2,142,2002860,1530300,0,0,0,0,410950,0
[E2ROSRT-CSV] 2,143,1697730,1115360,0,0,0,0,525760,0
[E2ROSRT-CSV] 2,144,1669860,1100170,0,0,0,0,507860,0
[E2ROSRT-CSV] 2,145,1713590,1115130,0,0,0,0,537070,0
[E2ROSRT-CSV] 2,146,1662670,1132720,0,0,0,0,466780,0
[E2ROSRT-CSV] 2,147,3086280,2689530,0,0,0,0,338850,0
[E2ROSRT-CSV] 2,148,1925810,1526350,0,0,0,0,330410,0
[E2ROSRT-CSV] 2,149,1614850,1042200,0,0,0,0,514670,0
[E2ROSRT-CSV] 2,150,1581170,1196100,0,0,0,0,324000,0
[E2ROSRT-CSV] 2,151,2502180,1324870,0,0,0,0,769490,0
[E2ROSRT-CSV] 2,152,1721590,1299010,0,0,0,0,350310,0
[E2ROSRT-CSV] 2,153,1685990,1100790,0,0,0,0,522510,0
[E2ROSRT-CSV] 2,154,1693660,1106920,0,0,0,0,525720,0
[E2ROSRT-CSV] 2,155,1656510,1068650,0,0,0,0,525030,0
[E2ROSRT-CSV] 2,156,1723130,1136090,0,0,0,0,515100,0
[E2ROSRT-CSV] 2,157,1643070,1059710,0,0,0,0,518220,0
[E2ROSRT-CSV] 2,158,1674520,1086700,0,0,0,0,530580,0
[E2ROSRT-CSV] 2,159,1629780,1041310,0,0,0,0,529720,0
[E2ROSRT-CSV] 2,160,1676110,1122460,0,0,0,0,497170,0
[E2ROSRT-CSV] 2,161,1709790,1114980,0,0,0,0,525250,0
[E2ROSRT-CSV] 2,162,1644130,1065630,0,0,0,0,518920,0
[E2ROSRT-CSV] 2,163,1584400,1026410,0,0,0,0,504380,0
[E2ROSRT-CSV] 2,164,1843830,1120950,0,0,0,0,345510,0
[E2ROSRT-CSV] 2,165,1662130,1090100,0,0,0,0,512020,0
[E2ROSRT-CSV] 2,166,1667010,1085720,0,0,0,0,519930,0
[E2ROSRT-CSV] 2,167,1714960,1126740,0,0,0,0,524940,0
[E2ROSRT-CSV] 2,168,1637120,1070760,0,0,0,0,506490,0
[E2ROSRT-CSV] 2,169,1677380,1089600,0,0,0,0,520450,0
[E2ROSRT-CSV] 2,170,1614020,950570,0,0,0,0,321400,0
[E2ROSRT-CSV] 2,171,1655530,1075900,0,0,0,0,519740,0
[E2ROSRT-CSV] 2,172,1675490,1071030,0,0,0,0,537120,0
[E2ROSRT-CSV] 2,173,1661040,1090780,0,0,0,0,511510,0
[E2ROSRT-CSV] 2,174,1682860,1089000,0,0,0,0,538130,0
[E2ROSRT-CSV] 2,175,1657870,1056710,0,0,0,0,538940,0
[E2ROSRT-CSV] 2,176,1725880,1165840,0,0,0,0,490060,0
[E2ROSRT-CSV] 2,177,1670380,1062920,0,0,0,0,548960,0
[E2ROSRT-CSV] 2,178,1712840,1159630,0,0,0,0,493860,0
[E2ROSRT-CSV] 2,179,1576550,1191330,0,0,0,0,325120,0
[E2ROSRT-CSV] 2,180,1569810,1015020,0,0,0,0,488240,0
[E2ROSRT-CSV] 2,181,1634010,1066820,0,0,0,0,504500,0
[E2ROSRT-CSV] 2,182,1742850,1151500,0,0,0,0,526390,0
[E2ROSRT-CSV] 2,183,1666840,1087580,0,0,0,0,518730,0
[E2ROSRT-CSV] 2,184,1658170,1092170,0,0,0,0,505110,0
[E2ROSRT-CSV] 2,185,1648790,1063550,0,0,0,0,516310,0
[E2ROSRT-CSV] 2,186,1629480,1069550,0,0,0,0,497480,0
[E2ROSRT-CSV] 2,187,1614090,1043830,0,0,0,0,510420,0
[E2ROSRT-CSV] 2,188,1677930,1084160,0,0,0,0,523880,0
[E2ROSRT-CSV] 2,189,1730720,1113100,0,0,0,0,555580,0
[E2ROSRT-CSV] 2,190,1644790,1062090,0,0,0,0,520410,0
[E2ROSRT-CSV] 2,191,1685500,1112600,0,0,0,0,508560,0
[E2ROSRT-CSV] 2,192,1649310,1080800,0,0,0,0,504280,0
[E2ROSRT-CSV] 2,193,1631750,997560,0,0,0,0,317490,0
[E2ROSRT-CSV] 2,194,1644150,1078550,0,0,0,0,498460,0
[E2ROSRT-CSV] 2,195,1680240,1086460,0,0,0,0,529520,0
[E2ROSRT-CSV] 2,196,2727220,1959410,0,0,0,0,648970,0
[E2ROSRT-CSV] 2,197,1708430,1113120,0,0,0,0,529530,0
[E2ROSRT-CSV] 2,198,3293150,2698690,0,0,0,0,526450,0
[E2ROSRT-CSV] 2,199,1738980,1113010,0,0,0,0,556950,0
[E2ROSRT-CSV] 2,200,2738080,1808800,0,0,0,0,821920,0
[E2ROSRT-CSV] 2,201,1948050,1151040,0,0,0,0,727150,0
[E2ROSRT-CSV] 2,202,1679070,1293040,0,0,0,0,318780,0
[E2ROSRT-CSV] 2,203,1667080,1078700,0,0,0,0,526150,0
[E2ROSRT-CSV] 2,204,575400,381900,0,0,0,0,162240,0
[E2ROSRT-CSV] 2,205,1689320,1113170,0,0,0,0,521510,0
[E2ROSRT-CSV] 2,206,1653680,1097530,0,0,0,0,490250,0
[E2ROSRT-CSV] 2,207,1690330,1096000,0,0,0,0,532020,0
[E2ROSRT-CSV] 2,208,1628680,1048610,0,0,0,0,520170,0
[E2ROSRT-CSV] 2,209,1642270,1049030,0,0,0,0,524480,0
[E2ROSRT-CSV] 2,210,1773290,1360940,0,0,0,0,342550,0
[E2ROSRT-CSV] 2,211,1639850,1079350,0,0,0,0,496710,0
[E2ROSRT-CSV] 2,212,1728340,1127670,0,0,0,0,537820,0
[E2ROSRT-CSV] 2,213,1671950,1074720,0,0,0,0,532020,0
[E2ROSRT-CSV] 2,214,1717830,1153850,0,0,0,0,508470,0
[E2ROSRT-CSV] 2,215,1662080,1072130,0,0,0,0,529630,0
[E2ROSRT-CSV] 2,216,304440,203060,0,0,0,0,84040,0
[E2ROSRT-CSV] 2,217,1726390,1309880,0,0,0,0,350080,0
[E2ROSRT-CSV] 2,218,332490,223540,0,0,0,0,88570,0
[E2ROSRT-CSV] 2,219,1616460,1055430,0,0,0,0,497970,0
[E2ROSRT-CSV] 2,220,1586270,1027830,0,0,0,0,502160,0
[E2ROSRT-CSV] 2,221,2746840,1834110,0,0,0,0,803580,0
[E2ROSRT-CSV] 2,222,1701500,1309320,0,0,0,0,325290,0
[E2ROSRT-CSV] 2,223,1598180,1047230,0,0,0,0,492320,0
[E2ROSRT-CSV] 2,224,1350590,986720,0,0,0,0,316740,0
[E2ROSRT-CSV] 2,225,1287840,950940,0,0,0,0,287490,0
[E2ROSRT-CSV] 2,226,1559950,1036380,0,0,0,0,468790,0
[E2ROSRT-CSV] 2,227,2812960,1842960,0,0,0,0,852500,0
[E2ROSRT-CSV] 2,228,1710610,1150220,0,0,0,0,495420,0
[E2ROSRT-CSV] 2,229,1566580,1025940,0,0,0,0,487530,0
[E2ROSRT-CSV] 2,230,1664790,1278790,0,0,0,0,324350,0
[E2ROSRT-CSV] 2,231,1573490,1041140,0,0,0,0,476950,0
[E2ROSRT-CSV] 2,232,1531070,996700,0,0,0,0,478940,0
[E2ROSRT-CSV] 2,233,1284900,938690,0,0,0,0,299100,0
[E2ROSRT-CSV] 2,234,1597370,1045690,0,0,0,0,493680,0
[E2ROSRT-CSV] 2,235,1667550,1263670,0,0,0,0,325600,0
[E2ROSRT-CSV] 2,236,1574260,1046060,0,0,0,0,475230,0
[E2ROSRT-CSV] 2,237,1508740,976650,0,0,0,0,477850,0
[E2ROSRT-CSV] 2,238,1348110,989980,0,0,0,0,305560,0
[E2ROSRT-CSV] 2,239,1539830,996430,0,0,0,0,490660,0
[E2ROSRT-CSV] 2,240,1271640,932400,0,0,0,0,293570,0
[E2ROSRT-CSV] 2,241,1557430,1020600,0,0,0,0,480790,0
[E2ROSRT-CSV] 2,242,1639730,1039420,0,0,0,0,544220,0
[E2ROSRT-CSV] 2,243,1594760,1040270,0,0,0,0,489980,0
[E2ROSRT-CSV] 2,244,1569810,1021300,0,0,0,0,485290,0
[E2ROSRT-CSV] 2,245,1309270,963270,0,0,0,0,296630,0
[E2ROSRT-CSV] 2,246,1587770,1037640,0,0,0,0,497100,0
[E2ROSRT-CSV] 2,247,1532370,1003990,0,0,0,0,471840,0
[E2ROSRT-CSV] 2,248,1560770,1039830,0,0,0,0,469740,0
[E2ROSRT-CSV] 2,249,2959240,2588540,0,0,0,0,316620,0
[E2ROSRT-CSV] 2,250,1313470,971980,0,0,0,0,291760,0
[E2ROSRT-CSV] 2,251,1568230,971180,0,0,0,0,531650,0
[E2ROSRT-CSV] 2,252,1621010,1046510,0,0,0,0,520530,0
[E2ROSRT-CSV] 2,253,1627660,1250070,0,0,0,0,313090,0
[E2ROSRT-CSV] 2,254,1311410,961300,0,0,0,0,301570,0
[E2ROSRT-CSV] 2,255,1331580,976410,0,0,0,0,301940,0
[E2ROSRT-CSV] 2,256,1519850,986010,0,0,0,0,479190,0
[E2ROSRT-CSV] 2,257,1672520,1267950,0,0,0,0,338130,0
[E2ROSRT-CSV] 2,258,1352250,991540,0,0,0,0,307770,0
[E2ROSRT-CSV] 2,259,1629970,1069490,0,0,0,0,498350,0
[E2ROSRT-CSV] 2,260,1545830,1013470,0,0,0,0,478680,0
[E2ROSRT-CSV] 2,261,1597230,1077260,0,0,0,0,457820,0
[E2ROSRT-CSV] 2,262,1311570,956300,0,0,0,0,304380,0
[E2ROSRT-CSV] 2,263,1521600,990630,0,0,0,0,478990,0
[E2ROSRT-CSV] 2,264,1555240,990350,0,0,0,0,511050,0
[E2ROSRT-CSV] 2,265,1551550,996090,0,0,0,0,501410,0
[E2ROSRT-CSV] 2,266,1560390,1015450,0,0,0,0,490660,0
[E2ROSRT-CSV] 2,267,1623960,1050040,0,0,0,0,510790,0
[E2ROSRT-CSV] 2,268,1371530,1003520,0,0,0,0,313370,0
[E2ROSRT-CSV] 2,269,1564860,1019260,0,0,0,0,486520,0
[E2ROSRT-CSV] 2,270,1536370,999680,0,0,0,0,481530,0
[E2ROSRT-CSV] 2,271,1566780,953500,0,0,0,0,318460,0
[E2ROSRT-CSV] 2,272,1630590,1223530,0,0,0,0,345470,0
[E2ROSRT-CSV] 2,273,1628210,1069420,0,0,0,0,496710,0
[E2ROSRT-CSV] 2,274,1572340,1026470,0,0,0,0,481270,0
[E2ROSRT-CSV] 2,275,1339500,984730,0,0,0,0,302650,0
[E2ROSRT-CSV] 2,276,1318960,964070,0,0,0,0,304880,0
[E2ROSRT-CSV] 2,277,1320400,970010,0,0,0,0,302010,0
[E2ROSRT-CSV] 2,278,1515640,984070,0,0,0,0,478530,0
[E2ROSRT-CSV] 2,279,1286180,936180,0,0,0,0,301240,0
[E2ROSRT-CSV] 2,280,1307550,947500,0,0,0,0,307420,0
[E2ROSRT-CSV] 2,281,1336570,975700,0,0,0,0,307990,0
[E2ROSRT-CSV] 2,282,1504660,980600,0,0,0,0,471190,0
[E2ROSRT-CSV] 2,283,1551130,1018400,0,0,0,0,476560,0
[E2ROSRT-CSV] 2,284,1564440,1018490,0,0,0,0,489280,0
[E2ROSRT-CSV] 2,285,1316970,961110,0,0,0,0,304790,0
[E2ROSRT-CSV] 2,286,1549330,1012100,0,0,0,0,484060,0
[E2ROSRT-CSV] 2,287,1750530,1355200,0,0,0,0,331150,0
[E2ROSRT-CSV] 2,288,1326620,971320,0,0,0,0,302270,0
[E2ROSRT-CSV] 2,289,1534810,976380,0,0,0,0,505830,0
[E2ROSRT-CSV] 2,290,1314880,973930,0,0,0,0,293360,0
[E2ROSRT-CSV] 2,291,1339800,979520,0,0,0,0,308850,0
[E2ROSRT-CSV] 2,292,1316810,972480,0,0,0,0,296030,0
[E2ROSRT-CSV] 2,293,1333730,974540,0,0,0,0,309090,0
[E2ROSRT-CSV] 2,294,1292760,955290,0,0,0,0,286570,0
[E2ROSRT-CSV] 2,295,1520500,989550,0,0,0,0,477720,0
[E2ROSRT-CSV] 2,296,1532370,993090,0,0,0,0,485510,0
[E2ROSRT-CSV] 2,297,1645240,1095460,0,0,0,0,485770,0
[E2ROSRT-CSV] 2,298,1587350,1042720,0,0,0,0,485530,0
[E2ROSRT-CSV] 2,299,1294190,941140,0,0,0,0,305230,0
[E2ROSRT-CSV] 2,300,2898050,2540640,0,0,0,0,300670,0
[E2ROSRT-CSV] 2,301,1306940,952510,0,0,0,0,304910,0
[E2ROSRT-CSV] 2,302,1611890,1058380,0,0,0,0,494760,0
[E2ROSRT-CSV] 2,303,1344390,980940,0,0,0,0,310930,0
[E2ROSRT-CSV] 2,304,1278860,933210,0,0,0,0,298690,0
[E2ROSRT-CSV] 2,305,1360000,993670,0,0,0,0,312150,0
[E2ROSRT-CSV] 2,306,1608000,1058580,0,0,0,0,487020,0
[E2ROSRT-CSV] 2,307,1585950,1062340,0,0,0,0,462080,0
[E2ROSRT-CSV] 2,308,1363560,1008750,0,0,0,0,300710,0
[E2ROSRT-CSV] 2,309,1283430,929750,0,0,0,0,306980,0
[E2ROSRT-CSV] 2,310,1350100,990250,0,0,0,0,305550,0
[E2ROSRT-CSV] 2,311,1577130,1039510,0,0,0,0,475820,0
[E2ROSRT-CSV] 2,312,1814720,1128470,0,0,0,0,613530,0
[E2ROSRT-CSV] 2,313,1338500,971750,0,0,0,0,313840,0
[E2ROSRT-CSV] 2,314,1268500,930580,0,0,0,0,290270,0
[E2ROSRT-CSV] 2,315,1283910,927360,0,0,0,0,307960,0
[E2ROSRT-CSV] 2,316,1594500,1034770,0,0,0,0,503630,0
[E2ROSRT-CSV] 2,317,1613620,1048940,0,0,0,0,497590,0
[E2ROSRT-CSV] 2,318,1315700,966000,0,0,0,0,297890,0
[E2ROSRT-CSV] 2,319,1280070,933250,0,0,0,0,300520,0
[E2ROSRT-CSV] 2,320,1332490,977980,0,0,0,0,302010,0
[E2ROSRT-CSV] 2,321,1545180,1002040,0,0,0,0,489980,0
[E2ROSRT-CSV] 2,322,1666220,1104380,0,0,0,0,508970,0
[E2ROSRT-CSV] 2,323,1330180,972230,0,0,0,0,306600,0
[E2ROSRT-CSV] 2,324,1287280,949720,0,0,0,0,291720,0
[E2ROSRT-CSV] 2,325,1615990,1081740,0,0,0,0,470730,0
[E2ROSRT-CSV] 2,326,1581490,1040820,0,0,0,0,484040,0
[E2ROSRT-CSV] 2,327,1810860,1160950,0,0,0,0,598980,0
[E2ROSRT-CSV] 2,328,1537550,992190,0,0,0,0,493710,0
[E2ROSRT-CSV] 2,329,1365440,1016340,0,0,0,0,299920,0
[E2ROSRT-CSV] 2,330,1291710,942070,0,0,0,0,302030,0
[E2ROSRT-CSV] 2,331,1321380,965630,0,0,0,0,304240,0
[E2ROSRT-CSV] 2,332,1623400,1069770,0,0,0,0,500440,0
[E2ROSRT-CSV] 2,333,1315480,954440,0,0,0,0,306800,0
[E2ROSRT-CSV] 2,334,1532710,998230,0,0,0,0,481620,0
[E2ROSRT-CSV] 2,335,1270020,925590,0,0,0,0,297980,0
[E2ROSRT-CSV] 2,336,1555560,1008940,0,0,0,0,490830,0
[E2ROSRT-CSV] 2,337,1639920,1265000,0,0,0,0,307580,0
[E2ROSRT-CSV] 2,338,1574860,1026960,0,0,0,0,486340,0
[E2ROSRT-CSV] 2,339,1733130,1003080,0,0,0,0,681060,0
[E2ROSRT-CSV] 2,340,1623740,1059070,0,0,0,0,504420,0
[E2ROSRT-CSV] 2,341,1561160,1015270,0,0,0,0,491040,0
[E2ROSRT-CSV] 2,342,1565860,1021220,0,0,0,0,481140,0
[E2ROSRT-CSV] 2,343,1649410,1060640,0,0,0,0,527580,0
[E2ROSRT-CSV] 2,344,1377070,978390,0,0,0,0,330790,0
[E2ROSRT-CSV] 2,345,2399910,1751100,0,0,0,0,536430,0
[E2ROSRT-CSV] 2,346,1586360,1005700,0,0,0,0,520550,0
[E2ROSRT-CSV] 2,347,1744890,1326450,0,0,0,0,343170,0
[E2ROSRT-CSV] 2,348,1560170,1019180,0,0,0,0,480460,0
[E2ROSRT-CSV] 2,349,1525940,986590,0,0,0,0,484020,0
[E2ROSRT-CSV] 2,350,1279000,936300,0,0,0,0,296580,0
[E2ROSRT-CSV] 2,351,2835510,2333820,0,0,0,0,454230,0
[E2ROSRT-CSV] 2,352,1547700,1005170,0,0,0,0,487300,0
[E2ROSRT-CSV] 2,353,1311530,963810,0,0,0,0,290350,0
[E2ROSRT-CSV] 2,354,1289370,945410,0,0,0,0,295910,0
[E2ROSRT-CSV] 2,355,1267140,917260,0,0,0,0,302170,0
[E2ROSRT-CSV] 2,356,1363020,997360,0,0,0,0,312090,0
[E2ROSRT-CSV] 2,357,1661070,1105740,0,0,0,0,478600,0
[E2ROSRT-CSV] 2,358,1327280,931000,0,0,0,0,325830,0
[E2ROSRT-CSV] 2,359,1504380,977470,0,0,0,0,477280,0
[E2ROSRT-CSV] 2,360,1302690,951410,0,0,0,0,303930,0
[E2ROSRT-CSV] 2,361,1695010,1163150,0,0,0,0,456680,0
[E2ROSRT-CSV] 2,362,1636670,1062100,0,0,0,0,519050,0
[E2ROSRT-CSV] 2,363,1544070,1001900,0,0,0,0,483970,0
[E2ROSRT-CSV] 2,364,1309460,956480,0,0,0,0,302000,0
[E2ROSRT-CSV] 2,365,1260430,916930,0,0,0,0,297830,0
[E2ROSRT-CSV] 2,366,2623940,1731870,0,0,0,0,793870,0
[E2ROSRT-CSV] 2,367,1544740,1005750,0,0,0,0,484680,0
[E2ROSRT-CSV] 2,368,1813000,1176740,0,0,0,0,521690,0
[E2ROSRT-CSV] 2,369,1331800,970350,0,0,0,0,304390,0
[E2ROSRT-CSV] 2,370,1817520,1142230,0,0,0,0,497120,0
[E2ROSRT-CSV] 2,371,1345590,980640,0,0,0,0,310680,0
[E2ROSRT-CSV] 2,372,1305460,954470,0,0,0,0,299710,0
[E2ROSRT-CSV] 2,373,2055920,1402430,0,0,0,0,541120,0
[E2ROSRT-CSV] 2,374,1332290,981990,0,0,0,0,299150,0
[E2ROSRT-CSV] 2,375,1332890,968040,0,0,0,0,314880,0
[E2ROSRT-CSV] 2,376,1668360,1295200,0,0,0,0,301510,0
[E2ROSRT-CSV] 2,377,1585370,1033090,0,0,0,0,498330,0
[E2ROSRT-CSV] 2,378,1350370,988710,0,0,0,0,310550,0
[E2ROSRT-CSV] 2,379,1251140,908970,0,0,0,0,296020,0
[E2ROSRT-CSV] 2,380,1246630,905710,0,0,0,0,294510,0
[E2ROSRT-CSV] 2,381,1754480,1110870,0,0,0,0,492720,0
[E2ROSRT-CSV] 2,382,1359550,997360,0,0,0,0,310060,0
[E2ROSRT-CSV] 2,383,1341480,981710,0,0,0,0,308510,0
[E2ROSRT-CSV] 2,384,1278440,940600,0,0,0,0,290180,0
[E2ROSRT-CSV] 2,385,1809340,1270060,0,0,0,0,491470,0
[E2ROSRT-CSV] 2,386,1824050,1176130,0,0,0,0,479700,0
[E2ROSRT-CSV] 2,387,1350560,999770,0,0,0,0,297610,0
[E2ROSRT-CSV] 2,388,1299950,949970,0,0,0,0,300980,0
[E2ROSRT-CSV] 2,389,1340620,978360,0,0,0,0,310250,0
[E2ROSRT-CSV] 2,390,1284490,937890,0,0,0,0,297700,0
[E2ROSRT-CSV] 2,391,1300410,935890,0,0,0,0,313940,0
[E2ROSRT-CSV] 2,392,1589560,1036770,0,0,0,0,496780,0
[E2ROSRT-CSV] 2,393,1274350,895980,0,0,0,0,312380,0
[E2ROSRT-CSV] 2,394,1317140,963210,0,0,0,0,302470,0
[E2ROSRT-CSV] 2,395,1340890,983610,0,0,0,0,304040,0
[E2ROSRT-CSV] 2,396,1319350,962600,0,0,0,0,305730,0
[E2ROSRT-CSV] 2,397,1573810,1030940,0,0,0,0,485920,0
[E2ROSRT-CSV] 2,398,1356470,989550,0,0,0,0,314390,0
[E2ROSRT-CSV] 2,399,1292090,943470,0,0,0,0,298290,0
[E2ROSRT-CSV] 2,400,1363610,997820,0,0,0,0,307150,0
[E2ROSRT-CSV] 2,401,1683590,1052280,0,0,0,0,578310,0
[E2ROSRT-CSV] 2,402,2870090,2360700,0,0,0,0,445920,0
[E2ROSRT-CSV] 2,403,1307840,949730,0,0,0,0,301140,0
[E2ROSRT-CSV] 2,404,1305820,929370,0,0,0,0,311420,0
[E2ROSRT-CSV] 2,405,1264460,904090,0,0,0,0,304570,0
[E2ROSRT-CSV] 2,406,1345030,977640,0,0,0,0,314380,0
[E2ROSRT-CSV] 2,407,1624290,1036380,0,0,0,0,527760,0
[E2ROSRT-CSV] 2,408,1351910,988650,0,0,0,0,311840,0
[E2ROSRT-CSV] 2,409,1631040,1090030,0,0,0,0,473980,0
[E2ROSRT-CSV] 2,410,1302010,944720,0,0,0,0,304430,0
[E2ROSRT-CSV] 2,411,1310840,934250,0,0,0,0,312650,0
[E2ROSRT-CSV] 2,412,1937860,1249430,0,0,0,0,591110,0
[E2ROSRT-CSV] 2,413,1339950,991030,0,0,0,0,296440,0
[E2ROSRT-CSV] 2,414,1350320,973820,0,0,0,0,310220,0
[E2ROSRT-CSV] 2,415,1297940,934690,0,0,0,0,307460,0
[E2ROSRT-CSV] 2,416,1305770,955200,0,0,0,0,300290,0
[E2ROSRT-CSV] 2,417,1340580,976920,0,0,0,0,308590,0
[E2ROSRT-CSV] 2,418,1354500,978030,0,0,0,0,309910,0
[E2ROSRT-CSV] 2,419,1309910,933260,0,0,0,0,308800,0
[E2ROSRT-CSV] 2,420,1327790,954540,0,0,0,0,314000,0
[E2ROSRT-CSV] 2,421,1258310,915090,0,0,0,0,299550,0
[E2ROSRT-CSV] 2,422,1562140,1010030,0,0,0,0,497640,0
[E2ROSRT-CSV] 2,423,1324650,955540,0,0,0,0,306410,0
[E2ROSRT-CSV] 2,424,1370020,986010,0,0,0,0,313020,0
[E2ROSRT-CSV] 2,425,1329090,950490,0,0,0,0,315800,0
[E2ROSRT-CSV] 2,426,1311820,954900,0,0,0,0,311010,0
[E2ROSRT-CSV] 2,427,1295570,916250,0,0,0,0,314320,0
[E2ROSRT-CSV] 2,428,1383870,1003450,0,0,0,0,313280,0
[E2ROSRT-CSV] 2,429,1579910,1054050,0,0,0,0,458530,0
[E2ROSRT-CSV] 2,430,1343680,957580,0,0,0,0,317090,0
[E2ROSRT-CSV] 2,431,1366320,986620,0,0,0,0,310490,0
[E2ROSRT-CSV] 2,432,1570910,1025970,0,0,0,0,474070,0
[E2ROSRT-CSV] 2,433,1778920,1223560,0,0,0,0,491140,0
[E2ROSRT-CSV] 2,434,1333120,963180,0,0,0,0,318110,0
[E2ROSRT-CSV] 2,435,1264180,918980,0,0,0,0,301860,0
[E2ROSRT-CSV] 2,436,1267430,920940,0,0,0,0,299520,0
[E2ROSRT-CSV] 2,437,1606940,1039330,0,0,0,0,513240,0
[E2ROSRT-CSV] 2,438,1594930,1019240,0,0,0,0,510140,0
[E2ROSRT-CSV] 2,439,1331090,948110,0,0,0,0,313740,0
[E2ROSRT-CSV] 2,440,1309530,945220,0,0,0,0,316910,0
[E2ROSRT-CSV] 2,441,1344730,972480,0,0,0,0,305040,0
[E2ROSRT-CSV] 2,442,1323300,956640,0,0,0,0,306520,0
[E2ROSRT-CSV] 2,443,2295580,1426650,0,0,0,0,771790,0
[E2ROSRT-CSV] 2,444,2250230,1385010,0,0,0,0,773060,0
[E2ROSRT-CSV] 2,445,2226960,1372060,0,0,0,0,762540,0
[E2ROSRT-CSV] 2,446,2040340,1275480,0,0,0,0,679270,0
[E2ROSRT-CSV] 2,447,1589210,1019980,0,0,0,0,498680,0
[E2ROSRT-CSV] 2,448,1334750,978160,0,0,0,0,296870,0
[E2ROSRT-CSV] 2,449,1299390,939490,0,0,0,0,312160,0
[E2ROSRT-CSV] 2,450,1842880,1329560,0,0,0,0,467420,0
[E2ROSRT-CSV] 2,451,1318330,957910,0,0,0,0,311610,0
[E2ROSRT-CSV] 2,452,1889940,1369350,0,0,0,0,340060,0
[E2ROSRT-CSV] 2,453,2964060,2577160,0,0,0,0,315820,0
[E2ROSRT-CSV] 2,454,1582100,1018990,0,0,0,0,495590,0
[E2ROSRT-CSV] 2,455,2267200,1410540,0,0,0,0,760460,0
[E2ROSRT-CSV] 2,456,1284430,911940,0,0,0,0,309870,0
[E2ROSRT-CSV] 2,457,1543340,990220,0,0,0,0,482450,0
[E2ROSRT-CSV] 2,458,2299880,1429390,0,0,0,0,772980,0
[E2ROSRT-CSV] 2,459,1564240,996410,0,0,0,0,496910,0
[E2ROSRT-CSV] 2,460,1299460,926350,0,0,0,0,310150,0
[E2ROSRT-CSV] 2,461,1327450,970560,0,0,0,0,308590,0
[E2ROSRT-CSV] 2,462,2297090,1435330,0,0,0,0,764280,0
[E2ROSRT-CSV] 2,463,1786910,951120,0,0,0,0,776830,0
[E2ROSRT-CSV] 2,464,1749050,1260810,0,0,0,0,436720,0
[E2ROSRT-CSV] 2,465,1259760,895080,0,0,0,0,302220,0
[E2ROSRT-CSV] 2,466,1337930,976050,0,0,0,0,313090,0
[E2ROSRT-CSV] 2,467,1612240,1036460,0,0,0,0,511700,0
[E2ROSRT-CSV] 2,468,1325770,963340,0,0,0,0,317030,0
[E2ROSRT-CSV] 2,469,2359910,1746760,0,0,0,0,515040,0
[E2ROSRT-CSV] 2,470,1300420,918280,0,0,0,0,314110,0
[E2ROSRT-CSV] 2,471,1302100,940470,0,0,0,0,310760,0
[E2ROSRT-CSV] 2,472,1328110,974060,0,0,0,0,306960,0
[E2ROSRT-CSV] 2,473,1789820,970540,0,0,0,0,766510,0
[E2ROSRT-CSV] 2,474,1329530,970880,0,0,0,0,308820,0
[E2ROSRT-CSV] 2,475,1269890,925450,0,0,0,0,299000,0
[E2ROSRT-CSV] 2,476,1292460,946360,0,0,0,0,296560,0
[E2ROSRT-CSV] 2,477,1353330,983480,0,0,0,0,310250,0
[E2ROSRT-CSV] 2,478,1313910,951560,0,0,0,0,314840,0
[E2ROSRT-CSV] 2,479,1571190,1017320,0,0,0,0,501180,0
[E2ROSRT-CSV] 2,480,1365890,962030,0,0,0,0,353480,0
[E2ROSRT-CSV] 2,481,1283750,915020,0,0,0,0,303960,0
[E2ROSRT-CSV] 2,482,1636210,1068070,0,0,0,0,500450,0
[E2ROSRT-CSV] 2,483,1296440,939800,0,0,0,0,311380,0
[E2ROSRT-CSV] 2,484,1292730,940560,0,0,0,0,307780,0
[E2ROSRT-CSV] 2,485,1314300,928020,0,0,0,0,317850,0
[E2ROSRT-CSV] 2,486,1885290,1279940,0,0,0,0,506310,0
[E2ROSRT-CSV] 2,487,1577680,1035750,0,0,0,0,487550,0
[E2ROSRT-CSV] 2,488,1712000,952460,0,0,0,0,711080,0
[E2ROSRT-CSV] 2,489,1533260,992400,0,0,0,0,487970,0
[E2ROSRT-CSV] 2,490,1307340,952710,0,0,0,0,306460,0
[E2ROSRT-CSV] 2,491,1409090,933450,0,0,0,0,430730,0
[E2ROSRT-CSV] 2,492,1321360,946800,0,0,0,0,302890,0
[E2ROSRT-CSV] 2,493,1295190,925550,0,0,0,0,307230,0
[E2ROSRT-CSV] 2,494,1353530,972460,0,0,0,0,323830,0
[E2ROSRT-CSV] 2,495,1341610,961840,0,0,0,0,322120,0
[E2ROSRT-CSV] 2,496,1343970,976890,0,0,0,0,319170,0
[E2ROSRT-CSV] 2,497,1619310,1066550,0,0,0,0,495250,0
[E2ROSRT-CSV] 2,498,1343990,980980,0,0,0,0,311380,0
[E2ROSRT-CSV] 2,499,1340700,966850,0,0,0,0,323320,0
[E2ROSRT-CSV] 2,500,1323350,953690,0,0,0,0,318380,0
[E2ROSRT-CSV] 2,501,1312910,954870,0,0,0,0,311070,0
[E2ROSRT-CSV] 2,502,1373810,1000500,0,0,0,0,321030,0
[E2ROSRT-CSV] 2,503,1357920,975340,0,0,0,0,331020,0
[E2ROSRT-CSV] 2,504,2850650,2365800,0,0,0,0,436620,0
[E2ROSRT-CSV] 2,505,1324400,956750,0,0,0,0,318600,0
[E2ROSRT-CSV] 2,506,1314620,960810,0,0,0,0,307760,0
[E2ROSRT-CSV] 2,507,1369990,986820,0,0,0,0,322780,0
[E2ROSRT-CSV] 2,508,1368910,986480,0,0,0,0,325180,0
[E2ROSRT-CSV] 2,509,1311310,943670,0,0,0,0,319810,0
[E2ROSRT-SUMMARY] chain_len=2 e2e_avg=1665779 publish_avg=1144807 sched_avg=449962
