
RTEMS Shell on /dev/console. Use 'help' to list commands.
SHLL [/] # nexus0: <RTEMS Nexus device>
info: lo0: link state changed to UP
=== Exp3inter-Ours: Task Chain (n=4) RTExecutor ===
Period: 200ms, Rounds: 500
[E3OURS-CSV] chain_len,round,e2e_ns,publish_ns,gc_trigger_ns,invoke_cb_ns,getnext_ns,take_data_ns,sched_ns,dispatch_ns
[RTExecutor] Constructed (kernel-driven, no spin)
666666
CPP Msg not nullptr
CPP Msg not nullptr
CPP Msg not nullptr
CPP Msg not nullptr
C Msg not NULL
C Msg not NULL
CPP Srv not nullptr
CPP Srv not nullptr
CPP Srv not nullptr
CPP Srv not nullptr
CPP Srv not nullptr
CPP Srv not nullptr
CPP Msg not nullptr
CPP Msg not nullptr
CPP Msg not nullptr
CPP Msg not nullptr
CPP Msg not nullptr
CPP Msg not nullptr
C Msg not NULL
C Msg not NULL
CPP Srv not nullptr
CPP Srv not nullptr
CPP Srv not nullptr
CPP Srv not nullptr
CPP Srv not nullptr
CPP Srv not nullptr
CPP Msg not nullptr
CPP Msg not nullptr
CPP Msg not nullptr
CPP Msg not nullptr
CPP Msg not nullptr
CPP Msg not nullptr
CPP Msg not nullptr
CPP Msg not nullptr
C Msg not NULL
C Msg not NULL
CPP Srv not nullptr
CPP Srv not nullptr
CPP Srv not nullptr
CPP Srv not nullptr
CPP Srv not nullptr
CPP Srv not nullptr
CPP Msg not nullptr
CPP Msg not nullptr
CPP Msg not nullptr
CPP Msg not nullptr
CPP Msg not nullptr
CPP Msg not nullptr
CPP Msg not nullptr
CPP Msg not nullptr
C Msg not NULL
C Msg not NULL
CPP Srv not nullptr
CPP Srv not nullptr
CPP Srv not nullptr
CPP Srv not nullptr
CPP Srv not nullptr
CPP Srv not nullptr
CPP Msg not nullptr
CPP Msg not nullptr
CPP Msg not nullptr
CPP Msg not nullptr
CPP Msg not nullptr
CPP Msg not nullptr
[RTExecutor] Registered timer ch=0 period=200ms pri=60
[CallbackTask] Started 'SUB0' pri=80 tid=167837713
[RTExecutor] Registered subscription 'chain_1' pri=80 direct_notify=ON
[CallbackTask] Started 'SUB1' pri=80 tid=167837714
[RTExecutor] Registered subscription 'chain_2' pri=80 direct_notify=ON
[CallbackTask] Started 'SUB2' pri=80 tid=167837715
[RTExecutor] Registered subscription 'chain_3' pri=80 direct_notify=ON
[CallbackTask] Started 'TM0' pri=60 tid=167837716
[RTExecutor] Timer ch=0 period=200t target=167837716
[RTExecutor] Running — ALL callbacks kernel-driven, NO polling
[E3OURS-CSV] 4,0,15019630,7218450,0,0,0,0,6799040,0
[E3OURS-CSV] 4,1,2735900,1412880,0,0,0,0,1231350,0
[E3OURS-CSV] 4,2,3283970,1679450,0,0,0,0,1526210,0
[E3OURS-CSV] 4,3,3145420,1858100,0,0,0,0,1141190,0
[E3OURS-CSV] 4,4,2549310,1435150,0,0,0,0,1022740,0
[E3OURS-CSV] 4,5,3065430,1897800,0,0,0,0,1023500,0
[E3OURS-CSV] 4,6,2449090,1512780,0,0,0,0,852100,0
[E3OURS-CSV] 4,7,2566510,1448870,0,0,0,0,1024960,0
[E3OURS-CSV] 4,8,3105290,1509230,0,0,0,0,1497050,0
[E3OURS-CSV] 4,9,3191950,2151090,0,0,0,0,903540,0
[E3OURS-CSV] 4,10,2722230,1415280,0,0,0,0,1221220,0
[E3OURS-CSV] 4,11,4134470,2612460,0,0,0,0,1375880,0
[E3OURS-CSV] 4,12,4750590,2872320,0,0,0,0,1740320,0
[E3OURS-CSV] 4,13,2602670,1471360,0,0,0,0,1006890,0
[E3OURS-CSV] 4,14,5226560,3029280,0,0,0,0,2031880,0
[E3OURS-CSV] 4,15,3178720,2149400,0,0,0,0,894840,0
[E3OURS-CSV] 4,16,3151120,1954500,0,0,0,0,1072720,0
[E3OURS-CSV] 4,17,2626940,1476730,0,0,0,0,1071290,0
[E3OURS-CSV] 4,18,5275220,3060650,0,0,0,0,2047940,0
[E3OURS-CSV] 4,19,2923860,1894730,0,0,0,0,889000,0
[E3OURS-CSV] 4,20,2502900,1425750,0,0,0,0,989630,0
[E3OURS-CSV] 4,21,2402420,1480210,0,0,0,0,846460,0
[E3OURS-CSV] 4,22,2338110,1446270,0,0,0,0,821310,0
[E3OURS-CSV] 4,23,2612650,1480470,0,0,0,0,1034640,0
[E3OURS-CSV] 4,24,2568680,1456490,0,0,0,0,1023410,0
[E3OURS-CSV] 4,25,2717650,1384470,0,0,0,0,1227860,0
[E3OURS-CSV] 4,26,3143490,2117180,0,0,0,0,890460,0
[E3OURS-CSV] 4,27,2538960,1438680,0,0,0,0,1016930,0
[E3OURS-CSV] 4,28,5455920,2957180,0,0,0,0,2315880,0
[E3OURS-CSV] 4,29,3129290,1505970,0,0,0,0,1523040,0
[E3OURS-CSV] 4,30,2495350,1413460,0,0,0,0,995610,0
[E3OURS-CSV] 4,31,2394840,1478570,0,0,0,0,841940,0
[E3OURS-CSV] 4,32,3366700,1937460,0,0,0,0,1323450,0
[E3OURS-CSV] 4,33,3878340,2321120,0,0,0,0,1377020,0
[E3OURS-CSV] 4,34,3176830,2094540,0,0,0,0,939560,0
[E3OURS-CSV] 4,35,5190010,3010130,0,0,0,0,2026250,0
[E3OURS-CSV] 4,36,5163990,2982040,0,0,0,0,2023270,0
[E3OURS-CSV] 4,37,4673900,3146390,0,0,0,0,1383550,0
[E3OURS-CSV] 4,38,3073550,1871230,0,0,0,0,1046030,0
[E3OURS-CSV] 4,39,5991730,3348990,0,0,0,0,2478340,0
[E3OURS-CSV] 4,40,5299500,3065130,0,0,0,0,2068710,0
[E3OURS-CSV] 4,41,4522490,2887920,0,0,0,0,1482630,0
[E3OURS-CSV] 4,42,3109700,1914760,0,0,0,0,1102040,0
[E3OURS-CSV] 4,43,5408710,3211530,0,0,0,0,2033380,0
[E3OURS-CSV] 4,44,3167250,1938040,0,0,0,0,1130540,0
[E3OURS-CSV] 4,45,5237570,2692770,0,0,0,0,2394290,0
[E3OURS-CSV] 4,46,3114210,1514560,0,0,0,0,1504040,0
[E3OURS-CSV] 4,47,3264710,1726350,0,0,0,0,1438270,0
[E3OURS-CSV] 4,48,5378520,3195940,0,0,0,0,2021500,0
[E3OURS-CSV] 4,49,2644240,1340640,0,0,0,0,1206380,0
[E3OURS-CSV] 4,50,2484560,1390190,0,0,0,0,1005690,0
[E3OURS-CSV] 4,51,3465950,1969370,0,0,0,0,1394590,0
[E3OURS-CSV] 4,52,2503060,1409240,0,0,0,0,1008030,0
[E3OURS-CSV] 4,53,5222710,3029730,0,0,0,0,2030310,0
[E3OURS-CSV] 4,54,2622360,1346350,0,0,0,0,1177500,0
[E3OURS-CSV] 4,55,5368710,3019720,0,0,0,0,2189360,0
[E3OURS-CSV] 4,56,3083320,1507990,0,0,0,0,1482890,0
[E3OURS-CSV] 4,57,2490870,1393980,0,0,0,0,1017350,0
[E3OURS-CSV] 4,58,5340700,3088450,0,0,0,0,2088780,0
[E3OURS-CSV] 4,59,2569800,1427180,0,0,0,0,1040400,0
[E3OURS-CSV] 4,60,5192520,2993160,0,0,0,0,2042050,0
[E3OURS-CSV] 4,61,4438110,2867320,0,0,0,0,1421480,0
[E3OURS-CSV] 4,62,5357670,2852710,0,0,0,0,2131490,0
[E3OURS-CSV] 4,63,5165230,2700350,0,0,0,0,2304280,0
[E3OURS-CSV] 4,64,5630080,2985810,0,0,0,0,2464370,0
[E3OURS-CSV] 4,65,5122250,2696220,0,0,0,0,2282730,0
[E3OURS-CSV] 4,66,2527440,1428060,0,0,0,0,1005630,0
[E3OURS-CSV] 4,67,2386600,1333820,0,0,0,0,978960,0
[E3OURS-CSV] 4,68,2517700,1419460,0,0,0,0,1003870,0
[E3OURS-CSV] 4,69,3351090,2280580,0,0,0,0,918720,0
[E3OURS-CSV] 4,70,2558340,1430050,0,0,0,0,1036480,0
[E3OURS-CSV] 4,71,2516660,1424300,0,0,0,0,1008390,0
[E3OURS-CSV] 4,72,3019750,1463200,0,0,0,0,1478090,0
[E3OURS-CSV] 4,73,5253990,3049670,0,0,0,0,2041800,0
[E3OURS-CSV] 4,74,3356010,2142620,0,0,0,0,937450,0
[E3OURS-CSV] 4,75,2476450,1385040,0,0,0,0,1011780,0
[E3OURS-CSV] 4,76,2388500,1489960,0,0,0,0,823470,0
[E3OURS-CSV] 4,77,2517490,1414520,0,0,0,0,1029470,0
[E3OURS-CSV] 4,78,2539770,1439600,0,0,0,0,1003770,0
[E3OURS-CSV] 4,79,2470440,1378690,0,0,0,0,1011100,0
[E3OURS-CSV] 4,80,5181700,2996730,0,0,0,0,2011870,0
[E3OURS-CSV] 4,81,5074090,2697700,0,0,0,0,2234790,0
[E3OURS-CSV] 4,82,4682030,2803810,0,0,0,0,1735110,0
[E3OURS-CSV] 4,83,5219960,3032470,0,0,0,0,2024140,0
[E3OURS-CSV] 4,84,3461970,2221370,0,0,0,0,1105730,0
[E3OURS-CSV] 4,85,5262420,3089860,0,0,0,0,2023180,0
[E3OURS-CSV] 4,86,2531650,1420310,0,0,0,0,1021540,0
[E3OURS-CSV] 4,87,2492070,1391890,0,0,0,0,1022670,0
[E3OURS-CSV] 4,88,3700530,2318550,0,0,0,0,1235000,0
[E3OURS-CSV] 4,89,3292600,2238880,0,0,0,0,910320,0
[E3OURS-CSV] 4,90,3278630,2198050,0,0,0,0,946950,0
[E3OURS-CSV] 4,91,2417540,1350910,0,0,0,0,984050,0
[E3OURS-CSV] 4,92,2698230,1363500,0,0,0,0,1248880,0
[E3OURS-CSV] 4,93,5230600,3053350,0,0,0,0,2021820,0
[E3OURS-CSV] 4,94,5142580,2940790,0,0,0,0,2041840,0
[E3OURS-CSV] 4,95,4415340,2726830,0,0,0,0,1570000,0
[E3OURS-CSV] 4,96,2526520,1406480,0,0,0,0,1034250,0
[E3OURS-CSV] 4,97,3034740,1895500,0,0,0,0,1011000,0
[E3OURS-CSV] 4,98,3243210,2154000,0,0,0,0,941920,0
[E3OURS-CSV] 4,99,2677930,1363040,0,0,0,0,1211170,0
[E3OURS-CSV] 4,100,2617450,1296310,0,0,0,0,1235480,0
[E3OURS-CSV] 4,101,3172460,2018060,0,0,0,0,1054530,0
[E3OURS-CSV] 4,102,5134680,2957330,0,0,0,0,2024080,0
[E3OURS-CSV] 4,103,4713950,2829570,0,0,0,0,1745480,0
[E3OURS-CSV] 4,104,4954540,2608030,0,0,0,0,1972830,0
[E3OURS-CSV] 4,105,3950170,2242070,0,0,0,0,1584320,0
[E3OURS-CSV] 4,106,422300,238600,0,0,0,0,166780,0
[E3OURS-CSV] 4,107,2481880,1391700,0,0,0,0,1020590,0
[E3OURS-CSV] 4,108,5438870,3205770,0,0,0,0,2071610,0
[E3OURS-CSV] 4,109,3496170,2217480,0,0,0,0,1169340,0
[E3OURS-CSV] 4,110,2541910,1288370,0,0,0,0,1164180,0
[E3OURS-CSV] 4,111,2454590,1381500,0,0,0,0,990020,0
[E3OURS-CSV] 4,112,4073250,2299420,0,0,0,0,1621520,0
[E3OURS-CSV] 4,113,5279500,3009960,0,0,0,0,2110070,0
[E3OURS-CSV] 4,114,4641180,2807010,0,0,0,0,1709150,0
[E3OURS-CSV] 4,115,4294760,2670770,0,0,0,0,1270010,0
[E3OURS-CSV] 4,116,5066340,2921680,0,0,0,0,1998160,0
[E3OURS-CSV] 4,117,3249690,2209810,0,0,0,0,926390,0
[E3OURS-CSV] 4,118,3256790,2059290,0,0,0,0,1053970,0
[E3OURS-CSV] 4,119,5157820,3009820,0,0,0,0,2001760,0
[E3OURS-CSV] 4,120,5051930,2582350,0,0,0,0,2330820,0
[E3OURS-CSV] 4,121,3026810,1876850,0,0,0,0,1063640,0
[E3OURS-CSV] 4,122,2657160,1347370,0,0,0,0,1227620,0
[E3OURS-CSV] 4,123,2578710,1306030,0,0,0,0,1176760,0
[E3OURS-CSV] 4,124,2645340,1306170,0,0,0,0,1247420,0
[E3OURS-CSV] 4,125,2448390,1362030,0,0,0,0,1002360,0
[E3OURS-CSV] 4,126,2548620,1294710,0,0,0,0,1163270,0
[E3OURS-CSV] 4,127,2480090,1384300,0,0,0,0,1011600,0
[E3OURS-CSV] 4,128,3314840,2110050,0,0,0,0,1090170,0
[E3OURS-CSV] 4,129,5135770,2985730,0,0,0,0,1996440,0
[E3OURS-CSV] 4,130,3329760,2089260,0,0,0,0,1123100,0
[E3OURS-CSV] 4,131,5206970,3009910,0,0,0,0,2045710,0
[E3OURS-CSV] 4,132,5016950,2889310,0,0,0,0,1982440,0
[E3OURS-CSV] 4,133,4973560,2609420,0,0,0,0,2222930,0
[E3OURS-CSV] 4,134,4338130,2735360,0,0,0,0,1448290,0
[E3OURS-CSV] 4,135,2532660,1290940,0,0,0,0,1147990,0
[E3OURS-CSV] 4,136,2514510,1292240,0,0,0,0,1133970,0
[E3OURS-CSV] 4,137,2615590,1335880,0,0,0,0,1195360,0
[E3OURS-CSV] 4,138,2526880,1286490,0,0,0,0,1152270,0
[E3OURS-CSV] 4,139,2591050,1315360,0,0,0,0,1179900,0
[E3OURS-CSV] 4,140,2415170,1351970,0,0,0,0,982700,0
[E3OURS-CSV] 4,141,2487700,1256640,0,0,0,0,1145200,0
[E3OURS-CSV] 4,142,2407410,1332430,0,0,0,0,990230,0
[E3OURS-CSV] 4,143,2208200,1250800,0,0,0,0,875430,0
[E3OURS-CSV] 4,144,5182580,3016380,0,0,0,0,2012380,0
[E3OURS-CSV] 4,145,4825930,2554860,0,0,0,0,2137570,0
[E3OURS-CSV] 4,146,4949210,2577280,0,0,0,0,2235770,0
[E3OURS-CSV] 4,147,3286990,2078710,0,0,0,0,1089910,0
[E3OURS-CSV] 4,148,2931060,1307530,0,0,0,0,1522250,0
[E3OURS-CSV] 4,149,5075080,3033020,0,0,0,0,1892430,0
[E3OURS-CSV] 4,150,5221810,2916090,0,0,0,0,2165680,0
[E3OURS-CSV] 4,151,2543390,1283950,0,0,0,0,1171560,0
[E3OURS-CSV] 4,152,2571550,1290440,0,0,0,0,1208640,0
[E3OURS-CSV] 4,153,3240170,2209850,0,0,0,0,897780,0
[E3OURS-CSV] 4,154,2888140,1270270,0,0,0,0,1528870,0
[E3OURS-CSV] 4,155,2551690,1304410,0,0,0,0,1160960,0
[E3OURS-CSV] 4,156,2408310,1330930,0,0,0,0,996700,0
[E3OURS-CSV] 4,157,3250990,2200440,0,0,0,0,909200,0
[E3OURS-CSV] 4,158,2366070,1412370,0,0,0,0,855000,0
[E3OURS-CSV] 4,159,5067050,2913820,0,0,0,0,2012560,0
[E3OURS-CSV] 4,160,3840170,2143080,0,0,0,0,1581700,0
[E3OURS-CSV] 4,161,3079420,1497530,0,0,0,0,1486110,0
[E3OURS-CSV] 4,162,3154650,2138730,0,0,0,0,886380,0
[E3OURS-CSV] 4,163,5021930,2758830,0,0,0,0,2094390,0
[E3OURS-CSV] 4,164,4401440,2591500,0,0,0,0,1667880,0
[E3OURS-CSV] 4,165,5195910,2776710,0,0,0,0,2259390,0
[E3OURS-CSV] 4,166,5531000,3057580,0,0,0,0,2325880,0
[E3OURS-CSV] 4,167,2870620,1546360,0,0,0,0,1240960,0
[E3OURS-CSV] 4,168,2947880,1858040,0,0,0,0,973880,0
[E3OURS-CSV] 4,169,3498230,2054510,0,0,0,0,1299940,0
[E3OURS-CSV] 4,170,4387920,2863010,0,0,0,0,1383270,0
[E3OURS-CSV] 4,171,5121620,2968630,0,0,0,0,2016250,0
[E3OURS-CSV] 4,172,4997940,2850290,0,0,0,0,2004740,0
[E3OURS-CSV] 4,173,2401550,1491320,0,0,0,0,814210,0
[E3OURS-CSV] 4,174,2516610,1240020,0,0,0,0,1189990,0
[E3OURS-CSV] 4,175,3494880,1923460,0,0,0,0,1439400,0
[E3OURS-CSV] 4,176,5130120,2964310,0,0,0,0,2032100,0
[E3OURS-CSV] 4,177,5097310,2946400,0,0,0,0,2006660,0
[E3OURS-CSV] 4,178,4868650,2561300,0,0,0,0,1950740,0
[E3OURS-CSV] 4,179,4877810,2576120,0,0,0,0,2170530,0
[E3OURS-CSV] 4,180,4906370,2965420,0,0,0,0,1785050,0
[E3OURS-CSV] 4,181,2501800,1276170,0,0,0,0,1139820,0
[E3OURS-CSV] 4,182,2785530,1503670,0,0,0,0,1201790,0
[E3OURS-CSV] 4,183,2496700,1260680,0,0,0,0,1139560,0
[E3OURS-CSV] 4,184,2481690,1264500,0,0,0,0,1130760,0
[E3OURS-CSV] 4,185,3163070,2122290,0,0,0,0,901570,0
[E3OURS-CSV] 4,186,5191070,2763980,0,0,0,0,2277060,0
[E3OURS-CSV] 4,187,3234480,2075610,0,0,0,0,1049330,0
[E3OURS-CSV] 4,188,4198530,2583430,0,0,0,0,1460950,0
[E3OURS-CSV] 4,189,3099530,2059350,0,0,0,0,948420,0
[E3OURS-CSV] 4,190,2562040,1251970,0,0,0,0,1231310,0
[E3OURS-CSV] 4,191,5115190,2939280,0,0,0,0,1998940,0
[E3OURS-CSV] 4,192,2878490,1539390,0,0,0,0,1232730,0
[E3OURS-CSV] 4,193,3115680,1607700,0,0,0,0,1401870,0
[E3OURS-CSV] 4,194,2619060,1321600,0,0,0,0,1184980,0
[E3OURS-CSV] 4,195,5129020,2946130,0,0,0,0,2029590,0
[E3OURS-CSV] 4,196,2721140,1451230,0,0,0,0,1176300,0
[E3OURS-CSV] 4,197,5453020,3161910,0,0,0,0,2152780,0
[E3OURS-CSV] 4,198,5049940,2914150,0,0,0,0,1989180,0
[E3OURS-CSV] 4,199,3214850,2004830,0,0,0,0,1079230,0
[E3OURS-CSV] 4,200,2730790,1477010,0,0,0,0,1164270,0
[E3OURS-CSV] 4,201,5159840,2745100,0,0,0,0,2266320,0
[E3OURS-CSV] 4,202,3794120,2094830,0,0,0,0,1564830,0
[E3OURS-CSV] 4,203,3410610,2171130,0,0,0,0,1135390,0
[E3OURS-CSV] 4,204,4030780,2623280,0,0,0,0,1261190,0
[E3OURS-CSV] 4,205,5251820,3065590,0,0,0,0,2027080,0
[E3OURS-CSV] 4,206,3222240,2004700,0,0,0,0,1086050,0
[E3OURS-CSV] 4,207,3854130,2080230,0,0,0,0,1639290,0
[E3OURS-CSV] 4,208,4348570,2602210,0,0,0,0,1632320,0
[E3OURS-CSV] 4,209,3099140,2072590,0,0,0,0,928000,0
[E3OURS-CSV] 4,210,2536690,1433160,0,0,0,0,1018240,0
[E3OURS-CSV] 4,211,2432830,1220020,0,0,0,0,1130650,0
[E3OURS-CSV] 4,212,2723460,1460180,0,0,0,0,1186440,0
[E3OURS-CSV] 4,213,1061180,555370,0,0,0,0,463160,0
[E3OURS-CSV] 4,214,2422270,1366640,0,0,0,0,972380,0
[E3OURS-CSV] 4,215,3236270,2079730,0,0,0,0,1048630,0
[E3OURS-CSV] 4,216,5392140,3121820,0,0,0,0,2110840,0
[E3OURS-CSV] 4,217,3147160,2104280,0,0,0,0,931640,0
[E3OURS-CSV] 4,218,1498180,805830,0,0,0,0,623440,0
[E3OURS-CSV] 4,219,4627850,2669100,0,0,0,0,1798550,0
[E3OURS-CSV] 4,220,3862370,2096800,0,0,0,0,1624580,0
[E3OURS-CSV] 4,221,3066980,2053850,0,0,0,0,921790,0
[E3OURS-CSV] 4,222,2930330,1812300,0,0,0,0,1040780,0
[E3OURS-CSV] 4,223,1100870,659550,0,0,0,0,390170,0
[E3OURS-CSV] 4,224,3332050,1946750,0,0,0,0,1254550,0
[E3OURS-CSV] 4,225,3169180,1982270,0,0,0,0,1056400,0
[E3OURS-CSV] 4,226,2458760,1384830,0,0,0,0,991960,0
[E3OURS-CSV] 4,227,2735470,1472320,0,0,0,0,1182400,0
[E3OURS-CSV] 4,228,2495550,1412290,0,0,0,0,1001870,0
[E3OURS-CSV] 4,229,2440540,1372200,0,0,0,0,979260,0
[E3OURS-CSV] 4,230,2480610,1407060,0,0,0,0,984940,0
[E3OURS-CSV] 4,231,2451940,1371840,0,0,0,0,999620,0
[E3OURS-CSV] 4,232,2392450,1330510,0,0,0,0,984180,0
[E3OURS-CSV] 4,233,2476980,1384570,0,0,0,0,998160,0
[E3OURS-CSV] 4,234,2447680,1363950,0,0,0,0,985660,0
[E3OURS-CSV] 4,235,2490740,1405860,0,0,0,0,996130,0
[E3OURS-CSV] 4,236,3070070,2067340,0,0,0,0,920740,0
[E3OURS-CSV] 4,237,2505630,1406410,0,0,0,0,1016670,0
[E3OURS-CSV] 4,238,2373280,1299860,0,0,0,0,991230,0
[E3OURS-CSV] 4,239,2462440,1377200,0,0,0,0,992110,0
[E3OURS-CSV] 4,240,3018660,2025150,0,0,0,0,912200,0
[E3OURS-CSV] 4,241,2406590,1339360,0,0,0,0,980550,0
[E3OURS-CSV] 4,242,2706410,1580600,0,0,0,0,1045160,0
[E3OURS-CSV] 4,243,2655320,1411610,0,0,0,0,1157230,0
[E3OURS-CSV] 4,244,2658180,1430000,0,0,0,0,1138360,0
[E3OURS-CSV] 4,245,2744950,1775980,0,0,0,0,875000,0
[E3OURS-CSV] 4,246,2480130,1406840,0,0,0,0,980970,0
[E3OURS-CSV] 4,247,5231520,3013590,0,0,0,0,2051230,0
[E3OURS-CSV] 4,248,5240850,3027490,0,0,0,0,2056910,0
[E3OURS-CSV] 4,249,2965510,1758310,0,0,0,0,1087890,0
[E3OURS-CSV] 4,250,3166730,2146870,0,0,0,0,934480,0
[E3OURS-CSV] 4,251,2676820,1432200,0,0,0,0,1161580,0
[E3OURS-CSV] 4,252,2423980,1353910,0,0,0,0,987950,0
[E3OURS-CSV] 4,253,2664550,1562080,0,0,0,0,1000570,0
[E3OURS-CSV] 4,254,3009500,1999090,0,0,0,0,898330,0
[E3OURS-CSV] 4,255,2640650,1419900,0,0,0,0,1136840,0
[E3OURS-CSV] 4,256,2631320,1417910,0,0,0,0,1115040,0
[E3OURS-CSV] 4,257,2728370,1602150,0,0,0,0,1044470,0
[E3OURS-CSV] 4,258,2680830,1563230,0,0,0,0,1004460,0
[E3OURS-CSV] 4,259,3079230,2082840,0,0,0,0,907050,0
[E3OURS-CSV] 4,260,2590940,1385300,0,0,0,0,1120110,0
[E3OURS-CSV] 4,261,2406500,1349830,0,0,0,0,979260,0
[E3OURS-CSV] 4,262,3003520,1992560,0,0,0,0,937680,0
[E3OURS-CSV] 4,263,2712630,1593700,0,0,0,0,1024530,0
[E3OURS-CSV] 4,264,5159370,3003790,0,0,0,0,1983990,0
[E3OURS-CSV] 4,265,2773510,1642060,0,0,0,0,1028830,0
[E3OURS-CSV] 4,266,2386210,1353760,0,0,0,0,956200,0
[E3OURS-CSV] 4,267,2619030,1403820,0,0,0,0,1121550,0
[E3OURS-CSV] 4,268,1039590,622680,0,0,0,0,374080,0
[E3OURS-CSV] 4,269,2675430,1567510,0,0,0,0,1002660,0
[E3OURS-CSV] 4,270,2965680,1969230,0,0,0,0,909200,0
[E3OURS-CSV] 4,271,2651930,1409020,0,0,0,0,1155180,0
[E3OURS-CSV] 4,272,2706290,1584910,0,0,0,0,1047630,0
[E3OURS-CSV] 4,273,3803450,2687620,0,0,0,0,969470,0
[E3OURS-CSV] 4,274,2605130,1527290,0,0,0,0,992860,0
[E3OURS-CSV] 4,275,2632380,1550370,0,0,0,0,996950,0
[E3OURS-CSV] 4,276,2316040,1297710,0,0,0,0,944240,0
[E3OURS-CSV] 4,277,2375220,1325040,0,0,0,0,977920,0
[E3OURS-CSV] 4,278,2758220,1622010,0,0,0,0,1043750,0
[E3OURS-CSV] 4,279,2733670,1617930,0,0,0,0,1023140,0
[E3OURS-CSV] 4,280,2426550,1354720,0,0,0,0,996080,0
[E3OURS-CSV] 4,281,2769760,1681850,0,0,0,0,999830,0
[E3OURS-CSV] 4,282,2614960,1382540,0,0,0,0,1154650,0
[E3OURS-CSV] 4,283,1421720,745060,0,0,0,0,624050,0
[E3OURS-CSV] 4,284,2714120,1576790,0,0,0,0,1040920,0
[E3OURS-CSV] 4,285,2563240,1503190,0,0,0,0,976350,0
[E3OURS-CSV] 4,286,2621720,1544020,0,0,0,0,989660,0
[E3OURS-CSV] 4,287,2716390,1580590,0,0,0,0,1040600,0
[E3OURS-CSV] 4,288,862320,518030,0,0,0,0,306930,0
[E3OURS-CSV] 4,289,3175200,1810040,0,0,0,0,1218150,0
[E3OURS-CSV] 4,290,2611720,1535240,0,0,0,0,993170,0
[E3OURS-CSV] 4,291,2897320,1922910,0,0,0,0,888920,0
[E3OURS-CSV] 4,292,2553760,1354920,0,0,0,0,1120100,0
[E3OURS-CSV] 4,293,1753520,1104080,0,0,0,0,586800,0
[E3OURS-CSV] 4,294,2728900,1614810,0,0,0,0,1011520,0
[E3OURS-CSV] 4,295,3064830,2008520,0,0,0,0,968590,0
[E3OURS-CSV] 4,296,2596490,1502720,0,0,0,0,1009470,0
[E3OURS-CSV] 4,297,2524690,1333170,0,0,0,0,1113330,0
[E3OURS-CSV] 4,298,2117560,1186960,0,0,0,0,859070,0
[E3OURS-CSV] 4,299,2682400,1569410,0,0,0,0,1012800,0
[E3OURS-CSV] 4,300,2643200,1540370,0,0,0,0,1009290,0
[E3OURS-CSV] 4,301,2643000,1541740,0,0,0,0,1009410,0
[E3OURS-CSV] 4,302,2726510,1588180,0,0,0,0,1063550,0
[E3OURS-CSV] 4,303,1616720,910250,0,0,0,0,641330,0
[E3OURS-CSV] 4,304,2690600,1572950,0,0,0,0,1024700,0
[E3OURS-CSV] 4,305,2657260,1562330,0,0,0,0,1005530,0
[E3OURS-CSV] 4,306,2628130,1524710,0,0,0,0,1017110,0
[E3OURS-CSV] 4,307,2557290,1491690,0,0,0,0,975800,0
[E3OURS-CSV] 4,308,1803530,1124460,0,0,0,0,610950,0
[E3OURS-CSV] 4,309,2667170,1557170,0,0,0,0,1019280,0
[E3OURS-CSV] 4,310,2587780,1513290,0,0,0,0,982240,0
[E3OURS-CSV] 4,311,2563340,1509100,0,0,0,0,967780,0
[E3OURS-CSV] 4,312,2572910,1505190,0,0,0,0,989940,0
[E3OURS-CSV] 4,313,1549080,870050,0,0,0,0,619190,0
[E3OURS-CSV] 4,314,2694170,1566550,0,0,0,0,1034820,0
[E3OURS-CSV] 4,315,2632160,1538180,0,0,0,0,1005020,0
[E3OURS-CSV] 4,316,2575780,1504200,0,0,0,0,991000,0
[E3OURS-CSV] 4,317,2654250,1542640,0,0,0,0,1039120,0
[E3OURS-CSV] 4,318,1709690,1051100,0,0,0,0,596000,0
[E3OURS-CSV] 4,319,2997450,1333700,0,0,0,0,1251440,0
[E3OURS-CSV] 4,320,2650540,1561380,0,0,0,0,1002820,0
[E3OURS-CSV] 4,321,1689480,1217220,0,0,0,0,397140,0
[E3OURS-CSV] 4,322,2544600,1335690,0,0,0,0,1138410,0
[E3OURS-CSV] 4,323,1299490,661210,0,0,0,0,592630,0
[E3OURS-CSV] 4,324,2686120,1592100,0,0,0,0,1000510,0
[E3OURS-CSV] 4,325,2719880,1607320,0,0,0,0,1021440,0
[E3OURS-CSV] 4,326,2702180,1579900,0,0,0,0,1025550,0
[E3OURS-CSV] 4,327,2648870,1556750,0,0,0,0,1014760,0
[E3OURS-CSV] 4,328,550830,333050,0,0,0,0,186640,0
[E3OURS-CSV] 4,329,2742770,1607200,0,0,0,0,1040980,0
[E3OURS-CSV] 4,330,2653400,1570740,0,0,0,0,996760,0
[E3OURS-CSV] 4,331,2633510,1541770,0,0,0,0,1014550,0
[E3OURS-CSV] 4,332,2656240,1560780,0,0,0,0,1021050,0
[E3OURS-CSV] 4,333,2889890,1444270,0,0,0,0,1363460,0
[E3OURS-CSV] 4,334,2814040,1817270,0,0,0,0,877670,0
[E3OURS-CSV] 4,335,2712000,1600100,0,0,0,0,1022230,0
[E3OURS-CSV] 4,336,2637110,1542160,0,0,0,0,1008640,0
[E3OURS-CSV] 4,337,2650040,1565700,0,0,0,0,1003400,0
[E3OURS-CSV] 4,338,3136810,1974120,0,0,0,0,1067460,0
[E3OURS-CSV] 4,339,2721720,1598940,0,0,0,0,1029920,0
[E3OURS-CSV] 4,340,2695990,1570470,0,0,0,0,1037530,0
[E3OURS-CSV] 4,341,2543800,1487660,0,0,0,0,979640,0
[E3OURS-CSV] 4,342,2558810,1488570,0,0,0,0,990200,0
[E3OURS-CSV] 4,343,589390,323840,0,0,0,0,237560,0
[E3OURS-CSV] 4,344,2753640,1776420,0,0,0,0,884320,0
[E3OURS-CSV] 4,345,2646100,1539200,0,0,0,0,1006200,0
[E3OURS-CSV] 4,346,2604810,1534660,0,0,0,0,990550,0
[E3OURS-CSV] 4,347,2735890,1737470,0,0,0,0,915950,0
[E3OURS-CSV] 4,348,2132870,1199060,0,0,0,0,849830,0
[E3OURS-CSV] 4,349,2701100,1733990,0,0,0,0,876010,0
[E3OURS-CSV] 4,350,2696650,1579390,0,0,0,0,1030630,0
[E3OURS-CSV] 4,351,2599620,1523640,0,0,0,0,995270,0
[E3OURS-CSV] 4,352,2571670,1497160,0,0,0,0,998240,0
[E3OURS-CSV] 4,353,2737210,1561300,0,0,0,0,1095180,0
[E3OURS-CSV] 4,354,2764740,1797680,0,0,0,0,872720,0
[E3OURS-CSV] 4,355,2694260,1724660,0,0,0,0,866120,0
[E3OURS-CSV] 4,356,2618000,1543970,0,0,0,0,985940,0
[E3OURS-CSV] 4,357,5528990,3073460,0,0,0,0,2047660,0
[E3OURS-CSV] 4,358,1996350,1263590,0,0,0,0,648110,0
[E3OURS-CSV] 4,359,2742400,1766180,0,0,0,0,882690,0
[E3OURS-CSV] 4,360,2798770,1818100,0,0,0,0,875160,0
[E3OURS-CSV] 4,361,2594950,1522720,0,0,0,0,985660,0
[E3OURS-CSV] 4,362,2835400,1827250,0,0,0,0,930450,0
[E3OURS-CSV] 4,363,1879740,1066080,0,0,0,0,737730,0
[E3OURS-CSV] 4,364,2754440,1452730,0,0,0,0,1024250,0
[E3OURS-CSV] 4,365,2645390,1549300,0,0,0,0,1008530,0
[E3OURS-CSV] 4,366,2605520,1506170,0,0,0,0,1013370,0
[E3OURS-CSV] 4,367,2595080,1518260,0,0,0,0,986520,0
[E3OURS-CSV] 4,368,1185060,705770,0,0,0,0,428340,0
[E3OURS-CSV] 4,369,2708970,1743860,0,0,0,0,870780,0
[E3OURS-CSV] 4,370,2685770,1723890,0,0,0,0,866220,0
[E3OURS-CSV] 4,371,2624920,1520360,0,0,0,0,1014810,0
[E3OURS-CSV] 4,372,2666180,1701620,0,0,0,0,877500,0
[E3OURS-CSV] 4,373,2040200,1161840,0,0,0,0,797710,0
[E3OURS-CSV] 4,374,3055100,1673860,0,0,0,0,1279550,0
[E3OURS-CSV] 4,375,2669590,1697130,0,0,0,0,876090,0
[E3OURS-CSV] 4,376,2696060,1742990,0,0,0,0,861750,0
[E3OURS-CSV] 4,377,2773310,1769270,0,0,0,0,916010,0
[E3OURS-CSV] 4,378,1983790,1135710,0,0,0,0,769180,0
[E3OURS-CSV] 4,379,2610690,1521840,0,0,0,0,996110,0
[E3OURS-CSV] 4,380,2658480,1691300,0,0,0,0,869150,0
[E3OURS-CSV] 4,381,2642400,1672790,0,0,0,0,878230,0
[E3OURS-CSV] 4,382,2704490,1730560,0,0,0,0,877220,0
[E3OURS-CSV] 4,383,2372150,1419300,0,0,0,0,858750,0
[E3OURS-CSV] 4,384,5693670,3153990,0,0,0,0,2154970,0
[E3OURS-CSV] 4,385,2756090,1755290,0,0,0,0,897840,0
[E3OURS-CSV] 4,386,2611800,1527100,0,0,0,0,1001520,0
[E3OURS-CSV] 4,387,3105110,1676200,0,0,0,0,1350710,0
[E3OURS-CSV] 4,388,2738240,1746120,0,0,0,0,893920,0
[E3OURS-CSV] 4,389,2650540,1695530,0,0,0,0,865190,0
[E3OURS-CSV] 4,390,2605220,1529430,0,0,0,0,998230,0
[E3OURS-CSV] 4,391,2978900,1343530,0,0,0,0,1268280,0
[E3OURS-CSV] 4,392,4939730,2420470,0,0,0,0,2415690,0
[E3OURS-CSV] 4,393,2648980,1694430,0,0,0,0,868460,0
[E3OURS-CSV] 4,394,2647690,1681190,0,0,0,0,871710,0
[E3OURS-CSV] 4,395,2666660,1700600,0,0,0,0,877320,0
[E3OURS-CSV] 4,396,2616420,1668670,0,0,0,0,862020,0
[E3OURS-CSV] 4,397,5630670,3133550,0,0,0,0,2069950,0
[E3OURS-CSV] 4,398,2702430,1744320,0,0,0,0,869100,0
[E3OURS-CSV] 4,399,3033730,1674930,0,0,0,0,1265460,0
[E3OURS-CSV] 4,400,2726860,1429340,0,0,0,0,1022200,0
[E3OURS-CSV] 4,401,2636020,1677350,0,0,0,0,871160,0
[E3OURS-CSV] 4,402,3050720,1661840,0,0,0,0,1302350,0
[E3OURS-CSV] 4,403,883180,518140,0,0,0,0,324400,0
[E3OURS-CSV] 4,404,2674530,1703220,0,0,0,0,869440,0
[E3OURS-CSV] 4,405,2728800,1441260,0,0,0,0,1031010,0
[E3OURS-CSV] 4,406,2623930,1668610,0,0,0,0,871690,0
[E3OURS-CSV] 4,407,2763120,1757830,0,0,0,0,917120,0
[E3OURS-CSV] 4,408,2653490,1689530,0,0,0,0,865390,0
[E3OURS-CSV] 4,409,2616750,1662380,0,0,0,0,862100,0
[E3OURS-CSV] 4,410,2602150,1647770,0,0,0,0,866850,0
[E3OURS-CSV] 4,411,3346000,1904860,0,0,0,0,1347690,0
[E3OURS-CSV] 4,412,2618320,1665090,0,0,0,0,870050,0
[E3OURS-CSV] 4,413,2611750,1657020,0,0,0,0,865770,0
[E3OURS-CSV] 4,414,2706990,1719900,0,0,0,0,894330,0
[E3OURS-CSV] 4,415,2694540,1724380,0,0,0,0,863840,0
[E3OURS-CSV] 4,416,2727050,1444930,0,0,0,0,1028340,0
[E3OURS-CSV] 4,417,2654730,1690090,0,0,0,0,873630,0
[E3OURS-CSV] 4,418,2763800,1783480,0,0,0,0,882070,0
[E3OURS-CSV] 4,419,2720500,1744050,0,0,0,0,876840,0
[E3OURS-CSV] 4,420,2533050,1458610,0,0,0,0,983950,0
[E3OURS-CSV] 4,421,2581290,1624080,0,0,0,0,868930,0
[E3OURS-CSV] 4,422,2688910,1714830,0,0,0,0,900520,0
[E3OURS-CSV] 4,423,2690780,1715000,0,0,0,0,882300,0
[E3OURS-CSV] 4,424,2770080,1649230,0,0,0,0,1025630,0
[E3OURS-CSV] 4,425,509950,274180,0,0,0,0,214730,0
[E3OURS-CSV] 4,426,2675080,1709940,0,0,0,0,873050,0
[E3OURS-CSV] 4,427,2591100,1646530,0,0,0,0,864750,0
[E3OURS-CSV] 4,428,2612790,1651730,0,0,0,0,871460,0
[E3OURS-CSV] 4,429,2573040,1630530,0,0,0,0,851370,0
[E3OURS-CSV] 4,430,2565910,1625720,0,0,0,0,853590,0
[E3OURS-CSV] 4,431,2530920,1415580,0,0,0,0,1018400,0
[E3OURS-CSV] 4,432,2789060,1566530,0,0,0,0,1025760,0
[E3OURS-CSV] 4,433,2694890,1713870,0,0,0,0,881960,0
[E3OURS-CSV] 4,434,2696370,1717510,0,0,0,0,878470,0
[E3OURS-CSV] 4,435,2626980,1656950,0,0,0,0,873650,0
[E3OURS-CSV] 4,436,3021060,1653300,0,0,0,0,1270310,0
[E3OURS-CSV] 4,437,2966950,1597950,0,0,0,0,1283900,0
[E3OURS-CSV] 4,438,2675640,1694920,0,0,0,0,884760,0
[E3OURS-CSV] 4,439,2737880,1590940,0,0,0,0,901450,0
[E3OURS-CSV] 4,440,2974660,1633800,0,0,0,0,1248630,0
[E3OURS-CSV] 4,441,2625350,1660000,0,0,0,0,876720,0
[E3OURS-CSV] 4,442,2590430,1627880,0,0,0,0,875490,0
[E3OURS-CSV] 4,443,2673680,1691510,0,0,0,0,890660,0
[E3OURS-CSV] 4,444,2660850,1695630,0,0,0,0,871350,0
[E3OURS-CSV] 4,445,2589860,1635580,0,0,0,0,870890,0
[E3OURS-CSV] 4,446,2654970,1687810,0,0,0,0,874360,0
[E3OURS-CSV] 4,447,2634720,1673040,0,0,0,0,872940,0
[E3OURS-CSV] 4,448,2674300,1708010,0,0,0,0,874090,0
[E3OURS-CSV] 4,449,2729670,1500530,0,0,0,0,1038500,0
[E3OURS-CSV] 4,450,2699440,1717350,0,0,0,0,888230,0
[E3OURS-CSV] 4,451,2638900,1666030,0,0,0,0,889570,0
[E3OURS-CSV] 4,452,2791450,1537030,0,0,0,0,1068210,0
[E3OURS-CSV] 4,453,2589660,1632090,0,0,0,0,868700,0
[E3OURS-CSV] 4,454,2674660,1608790,0,0,0,0,873270,0
[E3OURS-CSV] 4,455,2692560,1626170,0,0,0,0,884970,0
[E3OURS-CSV] 4,456,2660850,1585420,0,0,0,0,889580,0
[E3OURS-CSV] 4,457,2625980,1669050,0,0,0,0,871120,0
[E3OURS-CSV] 4,458,2806070,1522560,0,0,0,0,1059560,0
[E3OURS-CSV] 4,459,2706480,1454190,0,0,0,0,1023170,0
[E3OURS-CSV] 4,460,3655240,2128730,0,0,0,0,1346920,0
[E3OURS-CSV] 4,461,5212900,2776040,0,0,0,0,2279180,0
[E3OURS-CSV] 4,462,2809740,1553350,0,0,0,0,1049420,0
[E3OURS-CSV] 4,463,3195590,1971840,0,0,0,0,1045830,0
[E3OURS-CSV] 4,464,2681680,1445350,0,0,0,0,1018660,0
[E3OURS-CSV] 4,465,5370010,2794390,0,0,0,0,2389800,0
[E3OURS-CSV] 4,466,5075180,2988850,0,0,0,0,1946350,0
[E3OURS-CSV] 4,467,3236910,1608760,0,0,0,0,1444400,0
[E3OURS-CSV] 4,468,5124040,2961180,0,0,0,0,2012760,0
[E3OURS-CSV] 4,469,2724220,1454390,0,0,0,0,1047200,0
[E3OURS-CSV] 4,470,2943370,1485940,0,0,0,0,1259750,0
[E3OURS-CSV] 4,471,2653450,1422970,0,0,0,0,1011030,0
[E3OURS-CSV] 4,472,2621660,1561370,0,0,0,0,883210,0
[E3OURS-CSV] 4,473,2669180,1444420,0,0,0,0,866990,0
[E3OURS-CSV] 4,474,2546760,1514150,0,0,0,0,848620,0
[E3OURS-CSV] 4,475,2672080,1448010,0,0,0,0,1013700,0
[E3OURS-CSV] 4,476,2605750,1409380,0,0,0,0,994460,0
[E3OURS-CSV] 4,477,2548750,1507190,0,0,0,0,862480,0
[E3OURS-CSV] 4,478,2552240,1518280,0,0,0,0,835690,0
[E3OURS-CSV] 4,479,4189070,2597140,0,0,0,0,1442990,0
[E3OURS-CSV] 4,480,2576500,1468450,0,0,0,0,1016990,0
[E3OURS-CSV] 4,481,2677450,1462560,0,0,0,0,1016930,0
[E3OURS-CSV] 4,482,4692350,2896610,0,0,0,0,1648010,0
[E3OURS-CSV] 4,483,2582230,1460570,0,0,0,0,1031050,0
[E3OURS-CSV] 4,484,2586440,1295680,0,0,0,0,1195040,0
[E3OURS-CSV] 4,485,5194200,2979400,0,0,0,0,2046590,0
[E3OURS-CSV] 4,486,3325220,2232740,0,0,0,0,955170,0
[E3OURS-CSV] 4,487,3217540,2017120,0,0,0,0,1061250,0
[E3OURS-CSV] 4,488,3066360,1540090,0,0,0,0,1435740,0
[E3OURS-CSV] 4,489,1765250,927530,0,0,0,0,722270,0
[E3OURS-CSV] 4,490,2670510,1448160,0,0,0,0,867000,0
[E3OURS-CSV] 4,491,2532050,1435390,0,0,0,0,1008830,0
[E3OURS-CSV] 4,492,4950400,2646300,0,0,0,0,1928980,0
[E3OURS-CSV] 4,493,3033290,1515270,0,0,0,0,1418700,0
[E3OURS-CSV] 4,494,2604180,1475820,0,0,0,0,1031490,0
[E3OURS-CSV] 4,495,2527340,1562300,0,0,0,0,874670,0
[E3OURS-CSV] 4,496,3651770,2109920,0,0,0,0,1399270,0
[E3OURS-CSV] 4,497,4714180,2825510,0,0,0,0,1746910,0
[E3OURS-CSV] 4,498,2588730,1620840,0,0,0,0,882240,0
[E3OURS-CSV] 4,499,3162720,1994010,0,0,0,0,1068640,0
[E3OURS-SUMMARY] chain_len=4 e2e_avg=3148138 publish_avg=1827980 sched_avg=1201807
