
RTEMS Shell on /dev/console. Use 'help' to list commands.
SHLL [/] # nexus0: <RTEMS Nexus device>
info: lo0: link state changed to UP
=== Exp3inter-MT: Task Chain (n=5) MultiThreadedExecutor ===
Period: 200ms, Rounds: 500
[E3IMT-CSV] chain_len,round,e2e_ns,publish_ns,gc_trigger_ns,invoke_cb_ns,getnext_ns,take_data_ns,sched_ns,dispatch_ns
666666
CPP Msg not nullptr
CPP Msg not nullptr
CPP Msg not nullptr
CPP Msg not nullptr
C Msg not NULL
C Msg not NULL
CPP Srv not nullptr
CPP Srv not nullptr
CPP Srv not nullptr
CPP Srv not nullptr
CPP Srv not nullptr
CPP Srv not nullptr
CPP Msg not nullptr
CPP Msg not nullptr
CPP Msg not nullptr
CPP Msg not nullptr
CPP Msg not nullptr
CPP Msg not nullptr
C Msg not NULL
C Msg not NULL
CPP Srv not nullptr
CPP Srv not nullptr
CPP Srv not nullptr
CPP Srv not nullptr
CPP Srv not nullptr
CPP Srv not nullptr
CPP Msg not nullptr
CPP Msg not nullptr
CPP Msg not nullptr
CPP Msg not nullptr
CPP Msg not nullptr
CPP Msg not nullptr
CPP Msg not nullptr
CPP Msg not nullptr
C Msg not NULL
C Msg not NULL
CPP Srv not nullptr
CPP Srv not nullptr
CPP Srv not nullptr
CPP Srv not nullptr
CPP Srv not nullptr
CPP Srv not nullptr
CPP Msg not nullptr
CPP Msg not nullptr
CPP Msg not nullptr
CPP Msg not nullptr
CPP Msg not nullptr
CPP Msg not nullptr
CPP Msg not nullptr
CPP Msg not nullptr
C Msg not NULL
C Msg not NULL
CPP Srv not nullptr
CPP Srv not nullptr
CPP Srv not nullptr
CPP Srv not nullptr
CPP Srv not nullptr
CPP Srv not nullptr
CPP Msg not nullptr
CPP Msg not nullptr
CPP Msg not nullptr
CPP Msg not nullptr
CPP Msg not nullptr
CPP Msg not nullptr
CPP Msg not nullptr
CPP Msg not nullptr
C Msg not NULL
C Msg not NULL
CPP Srv not nullptr
CPP Srv not nullptr
CPP Srv not nullptr
CPP Srv not nullptr
CPP Srv not nullptr
CPP Srv not nullptr
CPP Msg not nullptr
CPP Msg not nullptr
CPP Msg not nullptr
CPP Msg not nullptr
CPP Msg not nullptr
CPP Msg not nullptr
[E3IMT-CSV] 5,0,18427320,2105270,0,0,217450,0,16007150,8280878036
[E3IMT-CSV] 5,1,5785580,1617870,0,0,174290,0,4137450,8574500846
[E3IMT-CSV] 5,2,8581450,2838840,0,0,220490,0,5671040,9380663406
[E3IMT-CSV] 5,3,9937110,3121000,0,0,308530,0,6753920,10181695726
[E3IMT-CSV] 5,4,8349600,2550510,0,0,204330,0,5732510,10987015766
[E3IMT-CSV] 5,5,8041500,2552150,0,0,243790,0,5430590,11772180146
[E3IMT-CSV] 5,6,8226920,2933800,0,0,183020,0,5210280,12580660226
[E3IMT-CSV] 5,7,9602700,3140150,0,0,221370,0,6352670,13381535396
[E3IMT-CSV] 5,8,9622740,3132600,0,0,218960,0,6401170,14181624316
[E3IMT-CSV] 5,9,6165110,1870630,0,0,182180,0,4258410,14960205766
[E3IMT-CSV] 5,10,9902350,3230060,0,0,210770,0,6541770,15782729226
[E3IMT-CSV] 5,11,9252450,2957240,0,0,214100,0,6224230,16579505906
[E3IMT-CSV] 5,12,6127100,1902500,0,0,174980,0,4187490,17360088496
[E3IMT-CSV] 5,13,9749230,3223670,0,0,213970,0,6440620,18186128766
[E3IMT-CSV] 5,14,6509760,1782300,0,0,180970,0,4688050,18963170896
[E3IMT-CSV] 5,15,5893500,1708460,0,0,172910,0,4152070,19758846226
[E3IMT-CSV] 5,16,7586710,3293560,0,0,223140,0,4195060,20577115556
[E3IMT-CSV] 5,17,8050020,3864490,0,0,172160,0,4094740,21378901716
[E3IMT-CSV] 5,18,18593500,5551220,0,0,434780,0,12928480,22216306696
[E3IMT-CSV] 5,19,15267150,4680820,0,0,279890,0,10475340,23005955666
[E3IMT-CSV] 5,20,9811390,3007140,0,0,204280,0,6718680,23782666536
[E3IMT-CSV] 5,21,9584430,3039460,0,0,303440,0,6473850,24580693376
[E3IMT-CSV] 5,22,6158240,1816680,0,0,177370,0,4304800,25359958536
[E3IMT-CSV] 5,23,6855030,2008760,0,0,238990,0,4795220,26169297216
[E3IMT-CSV] 5,24,8906800,2682980,0,0,262980,0,6156690,26977113826
[E3IMT-CSV] 5,25,9792680,3197960,0,0,226230,0,6508350,27782077666
[E3IMT-CSV] 5,26,20102350,5829770,0,0,426690,0,14163000,28618102766
[E3IMT-CSV] 5,27,8717680,3601600,0,0,169510,0,5024170,29380031676
[E3IMT-CSV] 5,28,8301730,2554670,0,0,242270,0,5603160,30173015866
[E3IMT-CSV] 5,29,10080670,3422280,0,0,299350,0,6569280,30991474646
[E3IMT-CSV] 5,30,10289800,3225370,0,0,225900,0,6929290,31785328436
[E3IMT-CSV] 5,31,9771250,3099540,0,0,233550,0,6603790,32581495696
[E3IMT-CSV] 5,32,9133870,2837970,0,0,272600,0,6221060,33380825626
[E3IMT-CSV] 5,33,10787790,4028610,0,0,214980,0,6616330,34206222896
[E3IMT-CSV] 5,34,9674370,3057870,0,0,220820,0,6539240,34982787676
[E3IMT-CSV] 5,35,14111340,4611140,0,0,288460,0,9394680,35801496876
[E3IMT-CSV] 5,36,9730320,3043740,0,0,223650,0,6485700,36581927976
[E3IMT-CSV] 5,37,9825030,3175660,0,0,233620,0,6577600,37381809696
[E3IMT-CSV] 5,38,12086100,3798580,0,0,242680,0,8189490,38193157866
[E3IMT-CSV] 5,39,7954970,2554730,0,0,195670,0,5341350,38971523466
[E3IMT-CSV] 5,40,9284390,2943140,0,0,215030,0,6269880,39778994816
[E3IMT-CSV] 5,41,9679160,3057490,0,0,229330,0,6552910,40580848106
[E3IMT-CSV] 5,42,6087930,1816030,0,0,172330,0,4208200,41371752806
[E3IMT-CSV] 5,43,7791730,2729140,0,0,181530,0,4982230,42184004546
[E3IMT-CSV] 5,44,9732230,3162250,0,0,216960,0,6492670,42981787286
[E3IMT-CSV] 5,45,9749890,3154440,0,0,224860,0,6521560,43781540426
[E3IMT-CSV] 5,46,10053550,3288920,0,0,236230,0,6683140,44585398456
[E3IMT-CSV] 5,47,6060900,1842610,0,0,172310,0,4184360,45359417776
[E3IMT-CSV] 5,48,9255290,2974020,0,0,208700,0,6202470,46183058956
[E3IMT-CSV] 5,49,8189570,2224800,0,0,215270,0,5917910,46988517666
[E3IMT-CSV] 5,50,8750940,2630150,0,0,209900,0,6055030,47776294386
[E3IMT-CSV] 5,51,7942190,2408250,0,0,240980,0,5479030,48571923266
[E3IMT-CSV] 5,52,14764260,4618600,0,0,367010,0,10067770,49394972586
[E3IMT-CSV] 5,53,8461960,2632370,0,0,257900,0,5763060,50174774276
[E3IMT-CSV] 5,54,13922360,4533130,0,0,277130,0,9281440,50999848066
[E3IMT-CSV] 5,55,8906730,2859560,0,0,214820,0,5854370,51779386106
[E3IMT-CSV] 5,56,9596860,3002880,0,0,296860,0,6522840,52580386146
[E3IMT-CSV] 5,57,8694720,2703300,0,0,215400,0,5923640,53375681126
[E3IMT-CSV] 5,58,8247190,2490350,0,0,199530,0,5691160,54173393396
[E3IMT-CSV] 5,59,7871590,2348150,0,0,198910,0,5464920,54970681656
[E3IMT-CSV] 5,60,10291810,3271580,0,0,311020,0,6936520,55785056476
[E3IMT-CSV] 5,61,8108850,2667500,0,0,186200,0,5352470,56573902266
[E3IMT-CSV] 5,62,8523040,2534480,0,0,272150,0,5923890,57375158406
[E3IMT-CSV] 5,63,14433260,4019720,0,0,428220,0,10332550,58196253916
[E3IMT-CSV] 5,64,8796080,2677190,0,0,252650,0,6055960,58976678356
[E3IMT-CSV] 5,65,8953120,2689560,0,0,208770,0,6194830,59777211456
[E3IMT-CSV] 5,66,5768400,1540410,0,0,171220,0,4196910,60557912556
[E3IMT-CSV] 5,67,8192390,2529290,0,0,204860,0,5593720,61376962156
[E3IMT-CSV] 5,68,6484160,1751880,0,0,185460,0,4638120,62161621286
[E3IMT-CSV] 5,69,12822990,4128820,0,0,321050,0,8598830,62993544056
[E3IMT-CSV] 5,70,8508380,2589960,0,0,270350,0,5855490,63779074806
[E3IMT-CSV] 5,71,19890650,5377120,0,0,538400,0,14426310,64612085416
[E3IMT-CSV] 5,72,6186570,1874080,0,0,175830,0,4275060,65359765486
[E3IMT-CSV] 5,73,6368420,1887060,0,0,181590,0,4443510,66164276316
[E3IMT-CSV] 5,74,10289830,2814990,0,0,359260,0,7416060,66978052906
[E3IMT-CSV] 5,75,6177620,1868040,0,0,178790,0,4268500,67760069466
[E3IMT-CSV] 5,76,6106830,1867390,0,0,173650,0,4193940,68563620006
[E3IMT-CSV] 5,77,6168880,1874940,0,0,173830,0,4256220,69363778466
[E3IMT-CSV] 5,78,6191860,1899240,0,0,173390,0,4253990,70163787036
[E3IMT-CSV] 5,79,6373570,1767780,0,0,177610,0,4562610,70964599106
[E3IMT-CSV] 5,80,6215570,1914450,0,0,218380,0,4262630,71763923476
[E3IMT-CSV] 5,81,6140860,1898680,0,0,203400,0,4205500,72563545336
[E3IMT-CSV] 5,82,6071070,1860900,0,0,171610,0,4173500,73363326356
[E3IMT-CSV] 5,83,6229940,1929980,0,0,222470,0,4261480,74163932476
[E3IMT-CSV] 5,84,6067850,1900610,0,0,172100,0,4130400,74963243196
[E3IMT-CSV] 5,85,5997720,1863630,0,0,174820,0,4092310,75762891466
[E3IMT-CSV] 5,86,6046820,1910870,0,0,169830,0,4099770,76563044426
[E3IMT-CSV] 5,87,5972490,1876310,0,0,170310,0,4060990,77362931366
[E3IMT-CSV] 5,88,6103340,1876170,0,0,170220,0,4188340,78163478656
[E3IMT-CSV] 5,89,6114300,1862910,0,0,171250,0,4210410,78963391756
[E3IMT-CSV] 5,90,6040890,1890360,0,0,174030,0,4113870,79763093996
[E3IMT-CSV] 5,91,6114580,1883800,0,0,172810,0,4193620,80563374076
[E3IMT-CSV] 5,92,6050830,1873840,0,0,184420,0,4138790,81363092316
[E3IMT-CSV] 5,93,6075020,1864730,0,0,171960,0,4173310,82163281366
[E3IMT-CSV] 5,94,6078350,1861260,0,0,172830,0,4182210,82963295766
[E3IMT-CSV] 5,95,5974900,1861480,0,0,171210,0,4075630,83762983416
[E3IMT-CSV] 5,96,6024800,1892040,0,0,172450,0,4097220,84562840806
[E3IMT-CSV] 5,97,6175140,1902640,0,0,175120,0,4235830,85363300986
[E3IMT-CSV] 5,98,13903420,3548580,0,0,411220,0,10299850,86184253006
[E3IMT-CSV] 5,99,6182480,1892110,0,0,173760,0,4253470,86963460436
[E3IMT-CSV] 5,100,6258630,2042030,0,0,175490,0,4178790,87763414326
[E3IMT-CSV] 5,101,6243120,1963610,0,0,173040,0,4241820,88563501726
[E3IMT-CSV] 5,102,6109850,1852140,0,0,173050,0,4222860,89363140086
[E3IMT-CSV] 5,103,6146340,1900050,0,0,173080,0,4205530,90163571996
[E3IMT-CSV] 5,104,6132080,1851090,0,0,174020,0,4243270,90963404896
[E3IMT-CSV] 5,105,7112020,2206130,0,0,185040,0,4842550,91770436566
[E3IMT-CSV] 5,106,9422940,2639990,0,0,221980,0,6727910,92576411546
[E3IMT-CSV] 5,107,5834500,1625460,0,0,174920,0,4180070,93361823496
[E3IMT-CSV] 5,108,6237800,1917440,0,0,219860,0,4281180,94163674876
[E3IMT-CSV] 5,109,9869230,2989980,0,0,224780,0,6780990,94987120236
[E3IMT-CSV] 5,110,6300370,1794120,0,0,178880,0,4467640,95764067146
[E3IMT-CSV] 5,111,6094790,1869260,0,0,171890,0,4188930,96563124866
[E3IMT-CSV] 5,112,6109490,1886880,0,0,169630,0,4177650,97363183226
[E3IMT-CSV] 5,113,6479710,1847550,0,0,174580,0,4590170,98166144066
[E3IMT-CSV] 5,114,6141500,1872600,0,0,172780,0,4232750,98963280226
[E3IMT-CSV] 5,115,6750900,1969310,0,0,181640,0,4735940,99767407536
[E3IMT-CSV] 5,116,5923430,1817860,0,0,171910,0,4070940,100562624496
[E3IMT-CSV] 5,117,6114510,1834070,0,0,174180,0,4245960,101363001376
[E3IMT-CSV] 5,118,6124200,1879340,0,0,174300,0,4207780,102163278686
[E3IMT-CSV] 5,119,10178020,2772180,0,0,294060,0,7350950,102977019296
[E3IMT-CSV] 5,120,6012120,1863020,0,0,173200,0,4114980,103762583816
[E3IMT-CSV] 5,121,6154160,1945540,0,0,170970,0,4172110,104563103376
[E3IMT-CSV] 5,122,6015510,1885090,0,0,170270,0,4094390,105362746946
[E3IMT-CSV] 5,123,6166300,1902890,0,0,172040,0,4225970,106163350906
[E3IMT-CSV] 5,124,6127130,1848590,0,0,170710,0,4237640,106963343516
[E3IMT-CSV] 5,125,6109140,1854660,0,0,172230,0,4219360,107763076606
[E3IMT-CSV] 5,126,6063200,1864970,0,0,173930,0,4163910,108562720666
[E3IMT-CSV] 5,127,6045450,1857140,0,0,173950,0,4153870,109362466916
[E3IMT-CSV] 5,128,7287000,2180230,0,0,190810,0,5056300,110170012056
[E3IMT-CSV] 5,129,9524280,2640020,0,0,222860,0,6828090,110976480376
[E3IMT-CSV] 5,130,6087930,1859680,0,0,172000,0,4193180,111762894366
[E3IMT-CSV] 5,131,6148470,1894350,0,0,171280,0,4217450,112563234596
[E3IMT-CSV] 5,132,6188810,2008800,0,0,174470,0,4142210,113362893906
[E3IMT-CSV] 5,133,6325230,1902580,0,0,222840,0,4384480,114163645456
[E3IMT-CSV] 5,134,6092780,1869360,0,0,172790,0,4185670,114962942086
[E3IMT-CSV] 5,135,6137280,1875990,0,0,171660,0,4225690,115763079746
[E3IMT-CSV] 5,136,6082280,1872680,0,0,173470,0,4126280,116562826686
[E3IMT-CSV] 5,137,6089130,1881450,0,0,171880,0,4171520,117362805756
[E3IMT-CSV] 5,138,6749240,2042510,0,0,230530,0,4658320,118167673006
[E3IMT-CSV] 5,139,6061200,1845810,0,0,171590,0,4179060,118962900536
[E3IMT-CSV] 5,140,7166950,1800840,0,0,269170,0,5318880,119769159026
[E3IMT-CSV] 5,141,5980920,1847330,0,0,171020,0,4099070,120562395216
[E3IMT-CSV] 5,142,6208390,1914950,0,0,173640,0,4255820,121363061936
[E3IMT-CSV] 5,143,6159030,1899730,0,0,170280,0,4220220,122163262296
[E3IMT-CSV] 5,144,6418690,1922450,0,0,227000,0,4457130,122963877266
[E3IMT-CSV] 5,145,7848240,2628380,0,0,193380,0,5158160,123774411666
[E3IMT-CSV] 5,146,5844300,1630130,0,0,171350,0,4181340,124561624876
[E3IMT-CSV] 5,147,6027650,1834980,0,0,174540,0,4159690,125362348026
[E3IMT-CSV] 5,148,6131770,1872500,0,0,172600,0,4219230,126163081266
[E3IMT-CSV] 5,149,10223530,2787260,0,0,350950,0,7377320,126977293206
[E3IMT-CSV] 5,150,5897650,1698070,0,0,172450,0,4166160,127761729586
[E3IMT-CSV] 5,151,5772370,1535190,0,0,172870,0,4206830,128561247576
[E3IMT-CSV] 5,152,5945440,1757640,0,0,171360,0,4154490,129362004166
[E3IMT-CSV] 5,153,6062610,1872450,0,0,172440,0,4150810,130162787276
[E3IMT-CSV] 5,154,6355440,1809230,0,0,171540,0,4506280,130965476736
[E3IMT-CSV] 5,155,5978020,1827280,0,0,172910,0,4116190,131762199796
[E3IMT-CSV] 5,156,5753620,1546080,0,0,171400,0,4177130,132561173346
[E3IMT-CSV] 5,157,6243630,1683830,0,0,274150,0,4470050,133364421596
[E3IMT-CSV] 5,158,6225430,1940280,0,0,220980,0,4248310,134163124676
[E3IMT-CSV] 5,159,14527650,4697830,0,0,423410,0,9716940,135004865736
[E3IMT-CSV] 5,160,5906250,1744080,0,0,174020,0,4129850,135761804796
[E3IMT-CSV] 5,161,6015840,1875600,0,0,172910,0,4101920,136562342616
[E3IMT-CSV] 5,162,5884500,1665860,0,0,172950,0,4186090,137361571386
[E3IMT-CSV] 5,163,6419340,1945100,0,0,180420,0,4436550,138163610566
[E3IMT-CSV] 5,164,6141380,1886970,0,0,169790,0,4212320,138962933706
[E3IMT-CSV] 5,165,5990110,1818000,0,0,172150,0,4086670,139769671666
[E3IMT-CSV] 5,166,5803780,1612060,0,0,172780,0,4160990,140561235206
[E3IMT-CSV] 5,167,6029670,1862970,0,0,173310,0,4132470,141362249416
[E3IMT-CSV] 5,168,6299100,1783880,0,0,185360,0,4470810,142164393796
[E3IMT-CSV] 5,169,8338900,3073200,0,0,189590,0,5186370,142987289116
[E3IMT-CSV] 5,170,6093480,1816760,0,0,172910,0,4242880,143762199946
[E3IMT-CSV] 5,171,5844510,1532460,0,0,270230,0,4279390,144564288366
[E3IMT-CSV] 5,172,5984220,1765900,0,0,172280,0,4185430,145361887576
[E3IMT-CSV] 5,173,9191200,2500900,0,0,220660,0,6630740,146175698996
[E3IMT-CSV] 5,174,6583240,2218740,0,0,220880,0,4315130,146967149596
[E3IMT-CSV] 5,175,10458210,2879150,0,0,300050,0,7521970,147778425496
[E3IMT-CSV] 5,176,6108050,1704370,0,0,176610,0,4370050,148562218486
[E3IMT-CSV] 5,177,9442910,2684040,0,0,224840,0,6708440,149375466916
[E3IMT-CSV] 5,178,6164510,1886370,0,0,172590,0,4240410,150163010556
[E3IMT-CSV] 5,179,6159730,1885080,0,0,218500,0,4237950,150963142156
[E3IMT-CSV] 5,180,6153700,1860370,0,0,202580,0,4255900,151762895076
[E3IMT-CSV] 5,181,8285000,2424180,0,0,208930,0,5808270,152572874276
[E3IMT-CSV] 5,182,8249990,2396730,0,0,368620,0,5804760,153370730276
[E3IMT-CSV] 5,183,7484910,2207410,0,0,175750,0,5227040,154171328236
[E3IMT-CSV] 5,184,6025170,1837050,0,0,170420,0,4143850,154962692066
[E3IMT-CSV] 5,185,7644110,2250860,0,0,179690,0,5342990,155771086366
[E3IMT-CSV] 5,186,6533120,1924270,0,0,177410,0,4565830,156565833406
[E3IMT-CSV] 5,187,6122230,1876190,0,0,173590,0,4208540,157362910986
[E3IMT-CSV] 5,188,6306830,1935860,0,0,176490,0,4333110,158163122406
[E3IMT-CSV] 5,189,6092620,1874310,0,0,173690,0,4180940,158962497506
[E3IMT-CSV] 5,190,6155160,1872760,0,0,172210,0,4245880,159762715146
[E3IMT-CSV] 5,191,8259940,2316520,0,0,230740,0,5889400,160572590436
[E3IMT-CSV] 5,192,5978570,1797200,0,0,173250,0,4147750,161361874806
[E3IMT-CSV] 5,193,6524990,1986850,0,0,181390,0,4482590,162168616266
[E3IMT-CSV] 5,194,6088640,1861420,0,0,171980,0,4190860,162962527296
[E3IMT-CSV] 5,195,10339920,2829150,0,0,366220,0,7452400,163777043216
[E3IMT-CSV] 5,196,6979030,1892270,0,0,222780,0,5048380,164567587496
[E3IMT-CSV] 5,197,8110030,2322870,0,0,212050,0,5737970,165372010976
[E3IMT-CSV] 5,198,6090750,1853820,0,0,174730,0,4200490,166162470166
[E3IMT-CSV] 5,199,6247620,1678390,0,0,221980,0,4471040,166963824016
[E3IMT-CSV] 5,200,8841770,2392910,0,0,257180,0,6396370,167774443866
[E3IMT-CSV] 5,201,5777700,1617880,0,0,177090,0,4130110,168561028936
[E3IMT-CSV] 5,202,5931690,1738620,0,0,174260,0,4159760,169361632416
[E3IMT-CSV] 5,203,7103550,2194580,0,0,174100,0,4857060,170168848956
[E3IMT-CSV] 5,204,6114560,1819220,0,0,172950,0,4257450,170965655416
[E3IMT-CSV] 5,205,7233930,2113320,0,0,175250,0,5070860,171769304976
[E3IMT-CSV] 5,206,9541620,2552070,0,0,326670,0,6943560,172574146606
[E3IMT-CSV] 5,207,5926060,1762300,0,0,172680,0,4127330,173361680346
[E3IMT-CSV] 5,208,9990780,2744080,0,0,321960,0,7187070,174176608366
[E3IMT-CSV] 5,209,6142470,1822970,0,0,173140,0,4278570,174965311856
[E3IMT-CSV] 5,210,6113330,1870870,0,0,169790,0,4205400,175762709986
[E3IMT-CSV] 5,211,5785190,1543210,0,0,176250,0,4211920,176560793526
[E3IMT-CSV] 5,212,5910130,1758060,0,0,170910,0,4117220,177361525446
[E3IMT-CSV] 5,213,6208700,1750330,0,0,175860,0,4419960,178163553346
[E3IMT-CSV] 5,214,6435980,2043110,0,0,175870,0,4356800,178963560756
[E3IMT-CSV] 5,215,5978030,1823820,0,0,171870,0,4120450,179761732476
[E3IMT-CSV] 5,216,9629580,2790410,0,0,262710,0,6785140,180574633506
[E3IMT-CSV] 5,217,6025390,1860500,0,0,171520,0,4130550,181361705896
[E3IMT-CSV] 5,218,8362510,2543800,0,0,203030,0,5764620,182173163506
[E3IMT-CSV] 5,219,7474980,2255930,0,0,191580,0,5171920,182969969666
[E3IMT-CSV] 5,220,6088940,1871720,0,0,169180,0,4179710,183762315116
[E3IMT-CSV] 5,221,6092640,1871190,0,0,169470,0,4184970,184562153056
[E3IMT-CSV] 5,222,6304640,1909280,0,0,227940,0,4358910,185362833606
[E3IMT-CSV] 5,223,6387150,1732830,0,0,293460,0,4616330,186164492656
[E3IMT-CSV] 5,224,6381260,1839250,0,0,173470,0,4499870,186967442426
[E3IMT-CSV] 5,225,9467140,2672130,0,0,229100,0,6741510,187774947156
[E3IMT-CSV] 5,226,5800380,1700190,0,0,172600,0,4067970,188561249316
[E3IMT-CSV] 5,227,7232540,2258680,0,0,195710,0,4921870,189368427786
[E3IMT-CSV] 5,228,6262210,1962620,0,0,168820,0,4256410,190165781986
[E3IMT-CSV] 5,229,7580000,2394820,0,0,205750,0,5129960,190973897416
[E3IMT-CSV] 5,230,6123280,1643770,0,0,175750,0,4365570,191763224246
[E3IMT-CSV] 5,231,8075000,2578760,0,0,206510,0,5433050,192575393096
[E3IMT-CSV] 5,232,6992200,1950980,0,0,185990,0,4991440,193368132526
[E3IMT-CSV] 5,233,6150800,1889200,0,0,174540,0,4222600,194162449496
[E3IMT-CSV] 5,234,7962280,2407570,0,0,216410,0,5502090,194971610136
[E3IMT-CSV] 5,235,6560700,2116930,0,0,174620,0,4392120,195766518006
[E3IMT-CSV] 5,236,5826980,1623530,0,0,171320,0,4172510,196560800526
[E3IMT-CSV] 5,237,9806920,2703500,0,0,296020,0,7047470,197376218916
[E3IMT-CSV] 5,238,7232950,2125690,0,0,174170,0,5057220,198169132576
[E3IMT-CSV] 5,239,8041880,2432740,0,0,250280,0,5555620,198971720546
[E3IMT-CSV] 5,240,8952660,2356880,0,0,215280,0,6544010,199774259446
[E3IMT-CSV] 5,241,6641840,2048750,0,0,183890,0,4548440,200571153026
[E3IMT-CSV] 5,242,6005400,1789520,0,0,174640,0,4183470,201361440356
[E3IMT-CSV] 5,243,6281080,1777850,0,0,222190,0,4464190,202163478956
[E3IMT-CSV] 5,244,6033320,1859360,0,0,173990,0,4141180,202961702206
[E3IMT-CSV] 5,245,6957950,1998960,0,0,197500,0,4916410,203766021056
[E3IMT-CSV] 5,246,5884740,1622810,0,0,176740,0,4231610,204560927826
[E3IMT-CSV] 5,247,9165590,2447440,0,0,296720,0,6665640,205376168776
[E3IMT-CSV] 5,248,6319770,1718140,0,0,185400,0,4558580,206164202446
[E3IMT-CSV] 5,249,7410470,2138230,0,0,221670,0,5233560,206964890026
[E3IMT-CSV] 5,250,6845590,1973710,0,0,202140,0,4833070,207763661256
[E3IMT-CSV] 5,251,7979250,2578810,0,0,215730,0,5345250,208573748956
[E3IMT-CSV] 5,252,8580930,2295320,0,0,213070,0,6235330,209373450616
[E3IMT-CSV] 5,253,6134040,1882380,0,0,214430,0,4209350,210162457236
[E3IMT-CSV] 5,254,6118780,1865680,0,0,171630,0,4215290,210962431406
[E3IMT-CSV] 5,255,6001910,1860340,0,0,172600,0,4106220,211761635886
[E3IMT-CSV] 5,256,5888170,1670980,0,0,178150,0,4181710,212560803426
[E3IMT-CSV] 5,257,5935970,1821080,0,0,170300,0,4081090,213361267636
[E3IMT-CSV] 5,258,6357970,1830010,0,0,177340,0,4479570,214163072146
[E3IMT-CSV] 5,259,5990120,1832700,0,0,171080,0,4122950,214961640246
[E3IMT-CSV] 5,260,8670780,2387680,0,0,216020,0,6232920,215773327456
[E3IMT-CSV] 5,261,8810490,2445880,0,0,217190,0,6312720,216573620196
[E3IMT-CSV] 5,262,6398060,1813610,0,0,172240,0,4538680,217364588026
[E3IMT-CSV] 5,263,6429540,1977740,0,0,224890,0,4410890,218162602626
[E3IMT-CSV] 5,264,6153490,1865400,0,0,173500,0,4251980,218962078306
[E3IMT-CSV] 5,265,6198870,1925430,0,0,214340,0,4237380,219762426236
[E3IMT-CSV] 5,266,6086090,1840400,0,0,172580,0,4208920,220562157266
[E3IMT-CSV] 5,267,6006760,1867300,0,0,170640,0,4101170,221361697046
[E3IMT-CSV] 5,268,6363780,1940930,0,0,175830,0,4384810,222162665706
[E3IMT-CSV] 5,269,6688830,1989880,0,0,179720,0,4656050,222965505716
[E3IMT-CSV] 5,270,6031660,1869670,0,0,170230,0,4124800,223761715666
[E3IMT-CSV] 5,271,6036160,1796840,0,0,173770,0,4198610,224561841276
[E3IMT-CSV] 5,272,5973450,1839390,0,0,173360,0,4098260,225361427776
[E3IMT-CSV] 5,273,6653830,1832700,0,0,183700,0,4782040,226163582056
[E3IMT-CSV] 5,274,6058850,1819350,0,0,170910,0,4202270,226961827566
[E3IMT-CSV] 5,275,6330420,1956900,0,0,189400,0,4310270,227765401536
[E3IMT-CSV] 5,276,6324650,1920010,0,0,178250,0,4367970,228562573266
[E3IMT-CSV] 5,277,6045190,1894360,0,0,171450,0,4114840,229361427036
[E3IMT-CSV] 5,278,6278690,1923570,0,0,226660,0,4317330,230162445446
[E3IMT-CSV] 5,279,6073930,1842660,0,0,172110,0,4194270,230961854116
[E3IMT-CSV] 5,280,6162810,1875880,0,0,170770,0,4247430,231762108836
[E3IMT-CSV] 5,281,5997760,1861920,0,0,174010,0,4099520,232561333336
[E3IMT-CSV] 5,282,8481280,2487310,0,0,207780,0,5925440,233372770466
[E3IMT-CSV] 5,283,6362120,1757310,0,0,189930,0,4566500,234164057826
[E3IMT-CSV] 5,284,6126500,1874860,0,0,173760,0,4213900,234961822386
[E3IMT-CSV] 5,285,6075630,1897360,0,0,170880,0,4142680,235761612856
[E3IMT-CSV] 5,286,5793280,1604500,0,0,175200,0,4157310,236560513426
[E3IMT-CSV] 5,287,5850800,1623830,0,0,174110,0,4196380,237360406356
[E3IMT-CSV] 5,288,6313870,1916870,0,0,177410,0,4353780,238162343586
[E3IMT-CSV] 5,289,7217230,2208910,0,0,186670,0,4959860,238969527146
[E3IMT-CSV] 5,290,6230530,2018690,0,0,225850,0,4176550,239762097676
[E3IMT-CSV] 5,291,6321520,1746040,0,0,181780,0,4538290,240564322376
[E3IMT-CSV] 5,292,6669310,1912730,0,0,181260,0,4716140,241365842476
[E3IMT-CSV] 5,293,6399090,1782580,0,0,175790,0,4578090,242162920336
[E3IMT-CSV] 5,294,6080220,1854130,0,0,174080,0,4189840,242961653606
[E3IMT-CSV] 5,295,6048080,1866950,0,0,173340,0,4145300,243761451776
[E3IMT-CSV] 5,296,5800390,1625460,0,0,174810,0,4142120,244560310656
[E3IMT-CSV] 5,297,5719920,1546390,0,0,170150,0,4143310,245359970706
[E3IMT-CSV] 5,298,6509130,1939240,0,0,181530,0,4530150,246162770476
[E3IMT-CSV] 5,299,7297850,2194520,0,0,192720,0,5054660,246972517516
[E3IMT-CSV] 5,300,5852740,1624500,0,0,173440,0,4196690,247760328066
[E3IMT-CSV] 5,301,5959000,1744660,0,0,175500,0,4181920,248560765296
[E3IMT-CSV] 5,302,5824570,1606350,0,0,176760,0,4188430,249360152926
[E3IMT-CSV] 5,303,6471910,1905600,0,0,175600,0,4528030,250162829166
[E3IMT-CSV] 5,304,6521550,1944690,0,0,185090,0,4535300,250965108426
[E3IMT-CSV] 5,305,6030000,1843620,0,0,172560,0,4152770,251761204676
[E3IMT-CSV] 5,306,6131460,1852250,0,0,170800,0,4242660,252561766306
[E3IMT-CSV] 5,307,6046980,1865520,0,0,172760,0,4147040,253361370316
[E3IMT-CSV] 5,308,9701200,2664300,0,0,285550,0,6979280,254175644346
[E3IMT-CSV] 5,309,7898010,2330360,0,0,208580,0,5517350,254970695396
[E3IMT-CSV] 5,310,5779100,1566830,0,0,170430,0,4180010,255760058836
[E3IMT-CSV] 5,311,5849960,1709960,0,0,172380,0,4107570,256560413576
[E3IMT-CSV] 5,312,5722230,1534630,0,0,176810,0,4159060,257359693656
[E3IMT-CSV] 5,313,6446020,1960540,0,0,229860,0,4448070,258162390826
[E3IMT-CSV] 5,314,7549460,2164300,0,0,292810,0,5334450,258969948026
[E3IMT-CSV] 5,315,5858710,1637690,0,0,178750,0,4189860,259760259846
[E3IMT-CSV] 5,316,5928800,1750540,0,0,171630,0,4145580,260560584426
[E3IMT-CSV] 5,317,5823550,1628450,0,0,172740,0,4165200,261360034456
[E3IMT-CSV] 5,318,6373880,1852210,0,0,176490,0,4481750,262162395766
[E3IMT-CSV] 5,319,6103480,1856430,0,0,172410,0,4208670,262961694526
[E3IMT-CSV] 5,320,7804380,2281040,0,0,197540,0,5470530,263771241086
[E3IMT-CSV] 5,321,5956090,1794470,0,0,172790,0,4128070,264560769756
[E3IMT-CSV] 5,322,5879050,1641650,0,0,176350,0,4205270,265360289596
[E3IMT-CSV] 5,323,6476520,1811870,0,0,321030,0,4626450,266163095876
[E3IMT-CSV] 5,324,6335640,1915510,0,0,176910,0,4382300,266962152036
[E3IMT-CSV] 5,325,5946730,1737410,0,0,172760,0,4177290,267760499856
[E3IMT-CSV] 5,326,6167990,1667430,0,0,292480,0,4461860,268563083406
[E3IMT-CSV] 5,327,7694650,2150630,0,0,296920,0,5430660,269368509376
[E3IMT-CSV] 5,328,6193900,1885760,0,0,220700,0,4269180,270161871896
[E3IMT-CSV] 5,329,6121600,1860880,0,0,172980,0,4224150,270961484116
[E3IMT-CSV] 5,330,6495590,1928860,0,0,172890,0,4522190,271764401766
[E3IMT-CSV] 5,331,5897140,1746670,0,0,172940,0,4116270,272560477596
[E3IMT-CSV] 5,332,5876160,1706430,0,0,170780,0,4134730,273360349966
[E3IMT-CSV] 5,333,6676930,2029330,0,0,172170,0,4596450,274165955766
[E3IMT-CSV] 5,334,5979990,1826300,0,0,180430,0,4120970,274960870266
[E3IMT-CSV] 5,335,6055930,1822610,0,0,171530,0,4197580,275761314106
[E3IMT-CSV] 5,336,5881090,1716700,0,0,173210,0,4132520,276560311886
[E3IMT-CSV] 5,337,5765360,1562550,0,0,174240,0,4173300,277359795636
[E3IMT-CSV] 5,338,6543200,2045840,0,0,178530,0,4460520,278162706856
[E3IMT-CSV] 5,339,5960330,1843740,0,0,175960,0,4081600,278960780316
[E3IMT-CSV] 5,340,6055640,1841790,0,0,173260,0,4177340,279761257076
[E3IMT-CSV] 5,341,5887320,1722250,0,0,173590,0,4131590,280560485886
[E3IMT-CSV] 5,342,5744070,1560020,0,0,172380,0,4153990,281359691716
[E3IMT-CSV] 5,343,6141200,1875820,0,0,216110,0,4218400,282161781326
[E3IMT-CSV] 5,344,6030190,1867960,0,0,182850,0,4126020,282961053366
[E3IMT-CSV] 5,345,6123710,1842300,0,0,173940,0,4238660,283761448186
[E3IMT-CSV] 5,346,5925430,1735750,0,0,171340,0,4157970,284560490756
[E3IMT-CSV] 5,347,5870080,1631850,0,0,174800,0,4208750,285360152776
[E3IMT-CSV] 5,348,6347070,1883850,0,0,174860,0,4424720,286162229116
[E3IMT-CSV] 5,349,5919980,1799770,0,0,170530,0,4089360,286960581716
[E3IMT-CSV] 5,350,6012890,1851490,0,0,172270,0,4125520,287760749406
[E3IMT-CSV] 5,351,5761350,1569500,0,0,170920,0,4160390,288559672096
[E3IMT-CSV] 5,352,5744710,1544980,0,0,175830,0,4170010,289359532446
[E3IMT-CSV] 5,353,6228830,1891390,0,0,185360,0,4293280,290169553826
[E3IMT-CSV] 5,354,6091540,1843080,0,0,173450,0,4205230,290961496316
[E3IMT-CSV] 5,355,5846850,1734820,0,0,170190,0,4081000,291760115796
[E3IMT-CSV] 5,356,5816190,1633970,0,0,172530,0,4149560,292559975436
[E3IMT-CSV] 5,357,5804770,1622450,0,0,173940,0,4150740,293359801886
[E3IMT-CSV] 5,358,9673930,2804770,0,0,478120,0,6824700,294169582126
[E3IMT-CSV] 5,359,6067120,1841480,0,0,174690,0,4185980,294961150116
[E3IMT-CSV] 5,360,5963830,1819940,0,0,171900,0,4108640,295760583016
[E3IMT-CSV] 5,361,6066060,1860440,0,0,169700,0,4172690,296560587816
[E3IMT-CSV] 5,362,5754980,1551460,0,0,172040,0,4173820,297359537816
[E3IMT-CSV] 5,363,6404030,1740840,0,0,179590,0,4542700,298163334296
[E3IMT-CSV] 5,364,7870910,2282240,0,0,249110,0,5534990,298969872366
[E3IMT-CSV] 5,365,6184340,1843540,0,0,177480,0,4305100,299761337426
[E3IMT-CSV] 5,366,6035340,1865700,0,0,173910,0,4132680,300560832686
[E3IMT-CSV] 5,367,5761490,1563560,0,0,174120,0,4168450,301359464066
[E3IMT-CSV] 5,368,6390440,1899830,0,0,175960,0,4453110,302162015496
[E3IMT-CSV] 5,369,9392580,2715640,0,0,251080,0,6620280,302974281666
[E3IMT-CSV] 5,370,5890320,1772820,0,0,172920,0,4079610,303760368916
[E3IMT-CSV] 5,371,5759980,1666260,0,0,177670,0,4062310,304561136286
[E3IMT-CSV] 5,372,5965740,1836410,0,0,171190,0,4091350,305360565506
[E3IMT-CSV] 5,373,9884500,2604230,0,0,317310,0,7220110,306175560196
[E3IMT-CSV] 5,374,6119360,1840380,0,0,177650,0,4241330,306961155456
[E3IMT-CSV] 5,375,6058190,1827870,0,0,172930,0,4195760,307760594526
[E3IMT-CSV] 5,376,6353170,2031550,0,0,178810,0,4285720,308561581656
[E3IMT-CSV] 5,377,6024120,1831440,0,0,170550,0,4156600,309360661146
[E3IMT-CSV] 5,378,6305170,1754750,0,0,186740,0,4512740,310163392056
[E3IMT-CSV] 5,379,7516540,2137570,0,0,205230,0,5330240,310969224776
[E3IMT-CSV] 5,380,5985410,1598660,0,0,177210,0,4351620,311762099666
[E3IMT-CSV] 5,381,5772790,1555160,0,0,172160,0,4185990,312559394146
[E3IMT-CSV] 5,382,5767980,1575490,0,0,171430,0,4161350,313359509866
[E3IMT-CSV] 5,383,9425020,2697050,0,0,230560,0,6671340,314174333376
[E3IMT-CSV] 5,384,6280990,1790310,0,0,179280,0,4449390,314963508406
[E3IMT-CSV] 5,385,7015140,1921070,0,0,188000,0,5048180,315766736086
[E3IMT-CSV] 5,386,10246820,2784550,0,0,297150,0,7404460,316575189906
[E3IMT-CSV] 5,387,6028200,1843570,0,0,173250,0,4149530,317360509126
[E3IMT-CSV] 5,388,6180090,1867260,0,0,171650,0,4275320,318161372686
[E3IMT-CSV] 5,389,6220030,1663940,0,0,184940,0,4518940,318962893236
[E3IMT-CSV] 5,390,6114610,1849020,0,0,171380,0,4215890,319763669576
[E3IMT-CSV] 5,391,7325550,2159200,0,0,207850,0,5116590,320568316536
[E3IMT-CSV] 5,392,6071020,1740680,0,0,172260,0,4284100,321363284456
[E3IMT-CSV] 5,393,6431060,1879550,0,0,174260,0,4512920,322161975306
[E3IMT-CSV] 5,394,8727510,2698280,0,0,204370,0,5891020,322975609266
[E3IMT-CSV] 5,395,6476270,1835750,0,0,219050,0,4605490,323762230936
[E3IMT-CSV] 5,396,6136850,1829180,0,0,183420,0,4270500,324560999236
[E3IMT-CSV] 5,397,6146270,1799640,0,0,175120,0,4312080,325360880806
[E3IMT-CSV] 5,398,6393740,1905880,0,0,177680,0,4450840,326161710396
[E3IMT-CSV] 5,399,6328330,1870080,0,0,216590,0,4422510,326961453346
[E3IMT-CSV] 5,400,6550360,1933500,0,0,179710,0,4574450,327764336936
[E3IMT-CSV] 5,401,6122430,1827320,0,0,183850,0,4257620,328560577696
[E3IMT-CSV] 5,402,5938620,1724830,0,0,181820,0,4178450,329359989756
[E3IMT-CSV] 5,403,10228200,2691950,0,0,300780,0,7476740,330175799826
[E3IMT-CSV] 5,404,8229310,2365880,0,0,202420,0,5808310,330971239386
[E3IMT-CSV] 5,405,9001780,2510090,0,0,232730,0,6436630,331772816406
[E3IMT-CSV] 5,406,5919100,1746890,0,0,171980,0,4135130,332560001436
[E3IMT-CSV] 5,407,6122330,1846290,0,0,244240,0,4238090,333361007596
[E3IMT-CSV] 5,408,6079020,1812550,0,0,171160,0,4229740,334160809806
[E3IMT-CSV] 5,409,7296520,2082340,0,0,210600,0,5168210,334968278796
[E3IMT-CSV] 5,410,6499290,2042410,0,0,178810,0,4403440,335765150446
[E3IMT-CSV] 5,411,7724530,2275260,0,0,253190,0,5397540,336569171366
[E3IMT-CSV] 5,412,7787040,2152990,0,0,210060,0,5587570,337369117796
[E3IMT-CSV] 5,413,6344430,1967150,0,0,181660,0,4340660,338161407326
[E3IMT-CSV] 5,414,6481020,2059150,0,0,217070,0,4385190,338961924486
[E3IMT-CSV] 5,415,6180880,1844240,0,0,191710,0,4300040,339760813536
[E3IMT-CSV] 5,416,6272170,2014360,0,0,172110,0,4205770,340564026636
[E3IMT-CSV] 5,417,6240110,1972750,0,0,170930,0,4219580,341363830436
[E3IMT-CSV] 5,418,6189190,1833000,0,0,201010,0,4319760,342160819216
[E3IMT-CSV] 5,419,6093960,1856810,0,0,170140,0,4198520,342960808426
[E3IMT-CSV] 5,420,8081970,2428040,0,0,205490,0,5602340,343770496376
[E3IMT-CSV] 5,421,9579620,2831050,0,0,225860,0,6689160,344576466066
[E3IMT-CSV] 5,422,10273220,2832250,0,0,307300,0,7383720,345376222156
[E3IMT-CSV] 5,423,6203500,1810320,0,0,177990,0,4353110,346161521066
[E3IMT-CSV] 5,424,6590870,1949550,0,0,178220,0,4606470,346962095636
[E3IMT-CSV] 5,425,6422830,2036160,0,0,172470,0,4336090,347764593866
[E3IMT-CSV] 5,426,5958170,1749410,0,0,172190,0,4176440,348559819976
[E3IMT-CSV] 5,427,6126740,1641700,0,0,259220,0,4450310,349362252656
[E3IMT-CSV] 5,428,6104570,1852760,0,0,172570,0,4209910,350160666676
[E3IMT-CSV] 5,429,7161490,2186050,0,0,193240,0,4923180,350968670636
[E3IMT-CSV] 5,430,6063800,1875600,0,0,170160,0,4152230,351760406196
[E3IMT-CSV] 5,431,9394870,2624490,0,0,265590,0,6719670,352572361856
[E3IMT-CSV] 5,432,8708790,2634340,0,0,207670,0,6009000,353375562926
[E3IMT-CSV] 5,433,6138670,1864730,0,0,173320,0,4230970,354160775376
[E3IMT-CSV] 5,434,9038980,2367190,0,0,245400,0,6619100,354973007886
[E3IMT-CSV] 5,435,6835620,2031760,0,0,307370,0,4755340,355766074716
[E3IMT-CSV] 5,436,6111710,1868060,0,0,179590,0,4205490,356561007006
[E3IMT-CSV] 5,437,6057300,1888530,0,0,175420,0,4132560,357360252716
[E3IMT-CSV] 5,438,6181350,1884000,0,0,185710,0,4254250,358160882876
[E3IMT-CSV] 5,439,6204030,1899220,0,0,176160,0,4270720,358960809926
[E3IMT-CSV] 5,440,6167480,1825030,0,0,176500,0,4300290,359760812236
[E3IMT-CSV] 5,441,6231090,1867090,0,0,179850,0,4326220,360560848126
[E3IMT-CSV] 5,442,6050430,1884940,0,0,172110,0,4128430,361360307236
[E3IMT-CSV] 5,443,10466420,2941000,0,0,300300,0,7467640,362175450206
[E3IMT-CSV] 5,444,9780490,2564440,0,0,338160,0,7158010,362974302436
[E3IMT-CSV] 5,445,5718260,1532930,0,0,176380,0,4156640,363758647306
[E3IMT-CSV] 5,446,10274920,2779280,0,0,303500,0,7439010,364574814936
[E3IMT-CSV] 5,447,5943980,1747200,0,0,172230,0,4166450,365359613196
[E3IMT-CSV] 5,448,8143470,2454560,0,0,201730,0,5635960,366170537836
[E3IMT-CSV] 5,449,6259250,1728890,0,0,180800,0,4493720,366962909206
[E3IMT-CSV] 5,450,8137750,2432590,0,0,206730,0,5652620,367770239726
[E3IMT-CSV] 5,451,6097750,1626860,0,0,187000,0,4434650,368562238926
[E3IMT-CSV] 5,452,6178120,1904580,0,0,173500,0,4236040,369360489666
[E3IMT-CSV] 5,453,10340560,2835470,0,0,362490,0,7446920,370175030086
[E3IMT-CSV] 5,454,10134030,2779880,0,0,304980,0,7301410,370974232806
[E3IMT-CSV] 5,455,6104290,1914530,0,0,170720,0,4153050,371760395176
[E3IMT-CSV] 5,456,6050630,1619570,0,0,340390,0,4395350,372561966756
[E3IMT-CSV] 5,457,6245070,1720000,0,0,175840,0,4487430,373363273576
[E3IMT-CSV] 5,458,6190350,1881840,0,0,171600,0,4271860,374160618536
[E3IMT-CSV] 5,459,8579660,2492500,0,0,256610,0,6033500,374971579376
[E3IMT-CSV] 5,460,6318280,1865960,0,0,176230,0,4415270,375760953236
[E3IMT-CSV] 5,461,6166690,1889060,0,0,171940,0,4241750,376560418376
[E3IMT-CSV] 5,462,5910980,1765580,0,0,172120,0,4111710,377359330556
[E3IMT-CSV] 5,463,6114520,1882150,0,0,170790,0,4194190,378160568366
[E3IMT-CSV] 5,464,8056050,2361630,0,0,208090,0,5641550,378969998966
[E3IMT-CSV] 5,465,6105340,1874150,0,0,176320,0,4190590,379760321556
[E3IMT-CSV] 5,466,6346180,2010800,0,0,174350,0,4288800,380563668056
[E3IMT-CSV] 5,467,10120420,2757440,0,0,262130,0,7307540,381374331246
[E3IMT-CSV] 5,468,10148600,2855290,0,0,326200,0,7235150,382175324416
[E3IMT-CSV] 5,469,6070270,1821480,0,0,174140,0,4213590,382960301346
[E3IMT-CSV] 5,470,6052750,1927960,0,0,171480,0,4088450,383759946936
[E3IMT-CSV] 5,471,6402820,1706880,0,0,201900,0,4660230,384561382256
[E3IMT-CSV] 5,472,6956710,1927100,0,0,180410,0,4983700,385366241586
[E3IMT-CSV] 5,473,6744730,1960380,0,0,187210,0,4745690,386161788026
[E3IMT-CSV] 5,474,6120240,1875650,0,0,171770,0,4208260,386960364526
[E3IMT-CSV] 5,475,6180800,1968090,0,0,171170,0,4162040,387763244896
[E3IMT-CSV] 5,476,6069610,1865190,0,0,173450,0,4169690,388559939926
[E3IMT-CSV] 5,477,6022560,1896840,0,0,169980,0,4090390,389359799726
[E3IMT-CSV] 5,478,6324080,1890280,0,0,180650,0,4395880,390164879786
[E3IMT-CSV] 5,479,6085370,1858780,0,0,173330,0,4190790,390960098276
[E3IMT-CSV] 5,480,8201140,2499140,0,0,187100,0,5632950,391774547826
[E3IMT-CSV] 5,481,5811830,1638590,0,0,172660,0,4141860,392558807626
[E3IMT-CSV] 5,482,6027210,1887640,0,0,171510,0,4103800,393359800616
[E3IMT-CSV] 5,483,6198810,1920580,0,0,173200,0,4228470,394163268046
[E3IMT-CSV] 5,484,6008300,1863750,0,0,173590,0,4109590,394959787196
[E3IMT-CSV] 5,485,6082670,1860160,0,0,172610,0,4185100,395760095346
[E3IMT-CSV] 5,486,5847360,1638300,0,0,170520,0,4178330,396558896076
[E3IMT-CSV] 5,487,7764090,2216940,0,0,196460,0,5492490,397370236036
[E3IMT-CSV] 5,488,6208220,1898430,0,0,173790,0,4264370,398160526486
[E3IMT-CSV] 5,489,6029640,1895230,0,0,173390,0,4097680,398959747766
[E3IMT-CSV] 5,490,6440110,1866810,0,0,178970,0,4535070,399761086426
[E3IMT-CSV] 5,491,6009580,1846830,0,0,173530,0,4126850,400559645066
[E3IMT-CSV] 5,492,10702400,2815130,0,0,468850,0,7838880,401372284116
[E3IMT-CSV] 5,493,6099820,1851180,0,0,174230,0,4209530,402160073736
[E3IMT-CSV] 5,494,5995980,1878010,0,0,173380,0,4081770,402959585026
[E3IMT-CSV] 5,495,6489450,1912060,0,0,170440,0,4535830,403763857596
[E3IMT-CSV] 5,496,6112950,1985290,0,0,172060,0,4090990,404559919316
[E3IMT-CSV] 5,497,5995850,1866590,0,0,171640,0,4095570,405359533896
[E3IMT-CSV] 5,498,7043070,2144740,0,0,176680,0,4851500,406162739786
[E3IMT-CSV] 5,499,7372930,2234660,0,0,233490,0,5087750,406968460496
[E3IMT-SUMMARY] chain_len=5 e2e_avg=7132508 publish_avg=2125992 gc_trigger_avg=0 invoke_cb_avg=0 getnext_avg=202519 take_data_avg=0 sched_avg=4958243 dispatch_avg=207368018759

*** FATAL ***
fatal source: 9 (RTEMS_FATAL_SOURCE_EXCEPTION)

R0   = 0x01596b88 R8  = 0x00000000
R1   = 0x00000000 R9  = 0x00000000
R2   = 0x00000010 R10 = 0x00000000
R3   = 0x01596c88 R11 = 0x00000000
R4   = 0x00c00c88 R12 = 0x01596c88
R5   = 0x0030e0e9 SP  = 0x01596b78
R6   = 0x00000000 LR  = 0x00000000
R7   = 0x01596b78 PC  = 0x0030e170
CPSR = 0x600d0173 VEC = 0x00000001
FPEXC = 0x40000000
FPSCR = 0x20000010
D00 = 0x0000000000000000
D01 = 0x0000000000000001
D02 = 0x0000000000000000
D03 = 0x0000000000000000
D04 = 0x0000000000000000
D05 = 0x0000000000000000
D06 = 0x00abe0dc00abe0dc
D07 = 0x000186a00061a800
D08 = 0x0000000000000000
D09 = 0x0000000000000000
D10 = 0x0000000000000000
D11 = 0x0000000000000000
D12 = 0x0000000000000000
D13 = 0x0000000000000000
D14 = 0x0000000000000000
D15 = 0x0000000000000000
D16 = 0x0000000000000000
D17 = 0x0000000000000000
D18 = 0x0000000000000000
D19 = 0x0000000000000000
D20 = 0x00abe33400abe320
D21 = 0x00abe36400abe348
D22 = 0x00abe27c00abe26c
D23 = 0x00abe29c00abe28c
D24 = 0x00abe23c00abe22c
D25 = 0x00abe25c00abe24c
D26 = 0x00abe1c800abe1a0
D27 = 0x00abe20800abe1ec
D28 = 0x00abe14800abe118
D29 = 0x00abe18000abe164
D30 = 0x00abe60000abe600
D31 = 0x00abe10c00abe100
RTEMS version: 6.1.0.not-released
RTEMS tools: 13.3.0 20240521 (RTEMS 6, RSB no-repo, Newlib 1b3dcfd)
executing thread ID: 0x0a010001
executing thread name: UI1 
0x0000000000000000
D12 = 0x0000000000000000
D13 = 0x0000000000000000
D14 = 0x0000000000000000
D15 = 0x0000000000000000
D16 = 0x0000000000000000
D17 = 0x0000000000000000
D18 = 0x0000000000000000
D19 = 0x0000000000000000
D20 = 0x00abe33400abe320
D21 = 0x00abe36400abe348
D22 = 0x00abe27c00abe26c
D23 = 0x00abe29c00abe28c
D24 = 0x00abe23c00abe22c
D25 = 0x00abe25c00abe24c
D26 = 0x00abe1c800abe1a0
D27 = 0x00abe20800abe1ec
D28 = 0x00abe14800abe118
D29 = 0x00abe18000abe164
D30 = 0x00abe60000abe600
D31 = 0x00abe10c00abe100
RTEMS version: 6.1.0.not-released
RTEMS tools: 13.3.0 20240521 (RTEMS 6, RSB no-repo, Newlib 1b3dcfd)
executing thread ID: 0x0a010001
executing thread name: UI1 
