
RTEMS Shell on /dev/console. Use 'help' to list commands.
SHLL [/] # nexus0: <RTEMS Nexus device>
info: lo0: link state changed to UP
=== Exp3inter-Ours: Task Chain (n=4) NoExecutor ===
Period: 200ms, Rounds: 500
[E3OURS-CSV] chain_len,round,e2e_ns,publish_ns,gc_trigger_ns,invoke_cb_ns,getnext_ns,take_data_ns,sched_ns,dispatch_ns
666666
CPP Msg not nullptr
CPP Msg not nullptr
CPP Msg not nullptr
CPP Msg not nullptr
C Msg not NULL
C Msg not NULL
CPP Srv not nullptr
CPP Srv not nullptr
CPP Srv not nullptr
CPP Srv not nullptr
CPP Srv not nullptr
CPP Srv not nullptr
CPP Msg not nullptr
CPP Msg not nullptr
CPP Msg not nullptr
CPP Msg not nullptr
CPP Msg not nullptr
CPP Msg not nullptr
C Msg not NULL
C Msg not NULL
CPP Srv not nullptr
CPP Srv not nullptr
CPP Srv not nullptr
CPP Srv not nullptr
CPP Srv not nullptr
CPP Srv not nullptr
CPP Msg not nullptr
CPP Msg not nullptr
CPP Msg not nullptr
CPP Msg not nullptr
CPP Msg not nullptr
CPP Msg not nullptr
CPP Msg not nullptr
CPP Msg not nullptr
C Msg not NULL
C Msg not NULL
CPP Srv not nullptr
CPP Srv not nullptr
CPP Srv not nullptr
CPP Srv not nullptr
CPP Srv not nullptr
CPP Srv not nullptr
CPP Msg not nullptr
CPP Msg not nullptr
CPP Msg not nullptr
CPP Msg not nullptr
CPP Msg not nullptr
CPP Msg not nullptr
CPP Msg not nullptr
CPP Msg not nullptr
C Msg not NULL
C Msg not NULL
CPP Srv not nullptr
CPP Srv not nullptr
CPP Srv not nullptr
CPP Srv not nullptr
CPP Srv not nullptr
CPP Srv not nullptr
CPP Msg not nullptr
CPP Msg not nullptr
CPP Msg not nullptr
CPP Msg not nullptr
CPP Msg not nullptr
CPP Msg not nullptr
[E3OURS-CSV] 4,0,3638370,1363380,0,0,0,0,3198010,0
[E3OURS-CSV] 4,1,4515270,2828650,0,0,0,0,1592410,0
[E3OURS-CSV] 4,2,7966860,4420290,0,0,0,0,3401970,0
[E3OURS-CSV] 4,3,3868880,2555170,0,0,0,0,1230330,0
[E3OURS-CSV] 4,4,3302430,2308890,0,0,0,0,924570,0
[E3OURS-CSV] 4,5,3592440,2201700,0,0,0,0,1314210,0
[E3OURS-CSV] 4,6,5426990,3971580,0,0,0,0,1302590,0
[E3OURS-CSV] 4,7,3960200,2626820,0,0,0,0,1240030,0
[E3OURS-CSV] 4,8,5911940,4095500,0,0,0,0,1685230,0
[E3OURS-CSV] 4,9,3299160,2274460,0,0,0,0,954530,0
[E3OURS-CSV] 4,10,3915210,2686970,0,0,0,0,1154510,0
[E3OURS-CSV] 4,11,3611830,2502330,0,0,0,0,1013350,0
[E3OURS-CSV] 4,12,4541340,2938310,0,0,0,0,1525410,0
[E3OURS-CSV] 4,13,7128350,4766280,0,0,0,0,2222490,0
[E3OURS-CSV] 4,14,3622170,2060910,0,0,0,0,1470070,0
[E3OURS-CSV] 4,15,3530840,2318540,0,0,0,0,1139090,0
[E3OURS-CSV] 4,16,3695050,2117230,0,0,0,0,1497120,0
[E3OURS-CSV] 4,17,3601280,2496630,0,0,0,0,1007130,0
[E3OURS-CSV] 4,18,3685860,2102000,0,0,0,0,1506940,0
[E3OURS-CSV] 4,19,3381190,2336320,0,0,0,0,969600,0
[E3OURS-CSV] 4,20,6416120,3978720,0,0,0,0,1921600,0
[E3OURS-CSV] 4,21,3647110,2066080,0,0,0,0,1501310,0
[E3OURS-CSV] 4,22,3536700,2447820,0,0,0,0,1009340,0
[E3OURS-CSV] 4,23,4057190,2672000,0,0,0,0,1288270,0
[E3OURS-CSV] 4,24,3565740,2355660,0,0,0,0,1136240,0
[E3OURS-CSV] 4,25,3676180,2299470,0,0,0,0,1286190,0
[E3OURS-CSV] 4,26,3674690,2106810,0,0,0,0,1487820,0
[E3OURS-CSV] 4,27,3688070,2106510,0,0,0,0,1501070,0
[E3OURS-CSV] 4,28,3736450,2137790,0,0,0,0,1525740,0
[E3OURS-CSV] 4,29,3688070,2221130,0,0,0,0,1153740,0
[E3OURS-CSV] 4,30,3698660,2113600,0,0,0,0,1507470,0
[E3OURS-CSV] 4,31,5343980,3697150,0,0,0,0,1515050,0
[E3OURS-CSV] 4,32,4086100,2459040,0,0,0,0,1548790,0
[E3OURS-CSV] 4,33,3692130,2104330,0,0,0,0,1509980,0
[E3OURS-CSV] 4,34,3626110,2216050,0,0,0,0,1336770,0
[E3OURS-CSV] 4,35,3642430,2101190,0,0,0,0,1464440,0
[E3OURS-CSV] 4,36,5881510,3856020,0,0,0,0,1891370,0
[E3OURS-CSV] 4,37,3626630,2070920,0,0,0,0,1472920,0
[E3OURS-CSV] 4,38,5994360,4085490,0,0,0,0,1774680,0
[E3OURS-CSV] 4,39,4034650,2450640,0,0,0,0,1495710,0
[E3OURS-CSV] 4,40,4123060,2496200,0,0,0,0,1506000,0
[E3OURS-CSV] 4,41,3934840,2407810,0,0,0,0,1425590,0
[E3OURS-CSV] 4,42,3648070,2242470,0,0,0,0,1329180,0
[E3OURS-CSV] 4,43,6522860,4331390,0,0,0,0,2054340,0
[E3OURS-CSV] 4,44,3627510,2057920,0,0,0,0,1491780,0
[E3OURS-CSV] 4,45,4022690,2727490,0,0,0,0,1131020,0
[E3OURS-CSV] 4,46,3698370,2112090,0,0,0,0,1504180,0
[E3OURS-CSV] 4,47,3650140,2078870,0,0,0,0,1488100,0
[E3OURS-CSV] 4,48,3929720,2582490,0,0,0,0,1153160,0
[E3OURS-CSV] 4,49,3328800,2303260,0,0,0,0,939700,0
[E3OURS-CSV] 4,50,4949810,3228840,0,0,0,0,1580060,0
[E3OURS-CSV] 4,51,3747130,2119560,0,0,0,0,1544510,0
[E3OURS-CSV] 4,52,4156130,2677860,0,0,0,0,1377870,0
[E3OURS-CSV] 4,53,3936170,2722530,0,0,0,0,1131670,0
[E3OURS-CSV] 4,54,3571670,2442800,0,0,0,0,1028300,0
[E3OURS-CSV] 4,55,3593800,2013890,0,0,0,0,1503670,0
[E3OURS-CSV] 4,56,5100700,3400030,0,0,0,0,1566800,0
[E3OURS-CSV] 4,57,6452280,4480270,0,0,0,0,1829050,0
[E3OURS-CSV] 4,58,6218540,3835020,0,0,0,0,2253140,0
[E3OURS-CSV] 4,59,5661390,3641740,0,0,0,0,1662920,0
[E3OURS-CSV] 4,60,6352150,4130870,0,0,0,0,2083640,0
[E3OURS-CSV] 4,61,6403880,4462240,0,0,0,0,1800550,0
[E3OURS-CSV] 4,62,6426730,4191920,0,0,0,0,2093480,0
[E3OURS-CSV] 4,63,6829930,4440900,0,0,0,0,2248050,0
[E3OURS-CSV] 4,64,3931870,2444120,0,0,0,0,1384590,0
[E3OURS-CSV] 4,65,3872620,2378210,0,0,0,0,1296140,0
[E3OURS-CSV] 4,66,3611860,2488820,0,0,0,0,1024260,0
[E3OURS-CSV] 4,67,5829710,3940900,0,0,0,0,1748860,0
[E3OURS-CSV] 4,68,6160000,4341430,0,0,0,0,1680690,0
[E3OURS-CSV] 4,69,3690260,2258790,0,0,0,0,1330540,0
[E3OURS-CSV] 4,70,4342940,3193070,0,0,0,0,1016680,0
[E3OURS-CSV] 4,71,3603650,2037120,0,0,0,0,1486020,0
[E3OURS-CSV] 4,72,3659780,2078940,0,0,0,0,1502410,0
[E3OURS-CSV] 4,73,721270,442260,0,0,0,0,255890,0
[E3OURS-CSV] 4,74,710580,458460,0,0,0,0,228490,0
[E3OURS-CSV] 4,75,647110,412140,0,0,0,0,213200,0
[E3OURS-CSV] 4,76,667800,436800,0,0,0,0,208540,0
[E3OURS-CSV] 4,77,672900,427750,0,0,0,0,221130,0
[E3OURS-CSV] 4,78,715970,465420,0,0,0,0,226640,0
[E3OURS-CSV] 4,79,4125730,2503620,0,0,0,0,1525360,0
[E3OURS-CSV] 4,80,3756460,2073150,0,0,0,0,1604010,0
[E3OURS-CSV] 4,81,3186470,1935720,0,0,0,0,1173150,0
[E3OURS-CSV] 4,82,3608390,2031900,0,0,0,0,1485100,0
[E3OURS-CSV] 4,83,3742340,2109800,0,0,0,0,1543440,0
[E3OURS-CSV] 4,84,3918080,2590480,0,0,0,0,1187440,0
[E3OURS-CSV] 4,85,1826990,1140630,0,0,0,0,633780,0
[E3OURS-CSV] 4,86,7070560,4235730,0,0,0,0,2681220,0
[E3OURS-CSV] 4,87,6218300,3721520,0,0,0,0,2368710,0
[E3OURS-CSV] 4,88,3726360,2276810,0,0,0,0,1362530,0
[E3OURS-CSV] 4,89,3369240,2348310,0,0,0,0,954810,0
[E3OURS-CSV] 4,90,3563830,2157680,0,0,0,0,1315220,0
[E3OURS-CSV] 4,91,4262530,3103550,0,0,0,0,1026590,0
[E3OURS-CSV] 4,92,3943600,2543900,0,0,0,0,1302020,0
[E3OURS-CSV] 4,93,3664380,2093790,0,0,0,0,1487510,0
[E3OURS-CSV] 4,94,4569220,3016400,0,0,0,0,1434890,0
[E3OURS-CSV] 4,95,3611630,2052570,0,0,0,0,1474160,0
[E3OURS-CSV] 4,96,6565280,4387180,0,0,0,0,1878440,0
[E3OURS-CSV] 4,97,3873200,2599170,0,0,0,0,1193120,0
[E3OURS-CSV] 4,98,3606600,2518480,0,0,0,0,1004740,0
[E3OURS-CSV] 4,99,3773440,2126210,0,0,0,0,1568900,0
[E3OURS-CSV] 4,100,3807640,2130030,0,0,0,0,1582470,0
[E3OURS-CSV] 4,101,2110130,1296690,0,0,0,0,767150,0
[E3OURS-CSV] 4,102,3707080,2106320,0,0,0,0,1521810,0
[E3OURS-CSV] 4,103,3683280,2278830,0,0,0,0,1325760,0
[E3OURS-CSV] 4,104,3647830,2193790,0,0,0,0,1378850,0
[E3OURS-CSV] 4,105,3689180,2256630,0,0,0,0,1352420,0
[E3OURS-CSV] 4,106,2742260,1928630,0,0,0,0,744130,0
[E3OURS-CSV] 4,107,4093630,2560780,0,0,0,0,1438530,0
[E3OURS-CSV] 4,108,3803230,2507510,0,0,0,0,1210700,0
[E3OURS-CSV] 4,109,3694910,2286360,0,0,0,0,1330000,0
[E3OURS-CSV] 4,110,3670260,2067880,0,0,0,0,1523140,0
[E3OURS-CSV] 4,111,3877990,2404760,0,0,0,0,1366530,0
[E3OURS-CSV] 4,112,6808650,4697570,0,0,0,0,1964260,0
[E3OURS-CSV] 4,113,4977340,3325140,0,0,0,0,1523720,0
[E3OURS-CSV] 4,114,4106180,2557450,0,0,0,0,1459430,0
[E3OURS-CSV] 4,115,3590690,2184210,0,0,0,0,1330270,0
[E3OURS-CSV] 4,116,3905310,2461930,0,0,0,0,1347920,0
[E3OURS-CSV] 4,117,3686320,2104530,0,0,0,0,1500550,0
[E3OURS-CSV] 4,118,3667240,2073920,0,0,0,0,1514700,0
[E3OURS-CSV] 4,119,3695410,2128130,0,0,0,0,1485480,0
[E3OURS-CSV] 4,120,3641230,2044570,0,0,0,0,1511820,0
[E3OURS-CSV] 4,121,3643010,2079870,0,0,0,0,1483800,0
[E3OURS-CSV] 4,122,3631210,2018410,0,0,0,0,1532440,0
[E3OURS-CSV] 4,123,3749630,2171960,0,0,0,0,1495710,0
[E3OURS-CSV] 4,124,3597330,2186820,0,0,0,0,1334040,0
[E3OURS-CSV] 4,125,3649800,2244030,0,0,0,0,1326700,0
[E3OURS-CSV] 4,126,3735220,2300800,0,0,0,0,1345390,0
[E3OURS-CSV] 4,127,3677960,2272620,0,0,0,0,1326660,0
[E3OURS-CSV] 4,128,613720,395970,0,0,0,0,198040,0
[E3OURS-CSV] 4,129,3742400,2160260,0,0,0,0,1503330,0
[E3OURS-CSV] 4,130,3712560,2239670,0,0,0,0,1399880,0
[E3OURS-CSV] 4,131,3800620,2375130,0,0,0,0,1336840,0
[E3OURS-CSV] 4,132,4036000,2786960,0,0,0,0,1171090,0
[E3OURS-CSV] 4,133,3666620,2228780,0,0,0,0,1364370,0
[E3OURS-CSV] 4,134,3347150,2328070,0,0,0,0,951590,0
[E3OURS-CSV] 4,135,3599380,2182930,0,0,0,0,1335950,0
[E3OURS-CSV] 4,136,3677850,2095630,0,0,0,0,1500580,0
[E3OURS-CSV] 4,137,3613040,2207970,0,0,0,0,1327810,0
[E3OURS-CSV] 4,138,4116870,2964450,0,0,0,0,1047860,0
[E3OURS-CSV] 4,139,3651960,2042420,0,0,0,0,1350610,0
[E3OURS-CSV] 4,140,3345150,2307940,0,0,0,0,965660,0
[E3OURS-CSV] 4,141,3663890,2055430,0,0,0,0,1516340,0
[E3OURS-CSV] 4,142,3758390,2146730,0,0,0,0,1529850,0
[E3OURS-CSV] 4,143,3690400,2235780,0,0,0,0,1379740,0
[E3OURS-CSV] 4,144,3591750,2213630,0,0,0,0,1304050,0
[E3OURS-CSV] 4,145,3642340,2226590,0,0,0,0,1338170,0
[E3OURS-CSV] 4,146,3644040,2079750,0,0,0,0,1481740,0
[E3OURS-CSV] 4,147,3837300,2387160,0,0,0,0,1370500,0
[E3OURS-CSV] 4,148,3660450,2069070,0,0,0,0,1326830,0
[E3OURS-CSV] 4,149,3708660,2066610,0,0,0,0,1561180,0
[E3OURS-CSV] 4,150,3666260,2220010,0,0,0,0,1372530,0
[E3OURS-CSV] 4,151,3609580,2063980,0,0,0,0,1467650,0
[E3OURS-CSV] 4,152,3721300,2127530,0,0,0,0,1498120,0
[E3OURS-CSV] 4,153,3695200,2101590,0,0,0,0,1517750,0
[E3OURS-CSV] 4,154,7977250,5666510,0,0,0,0,2171600,0
[E3OURS-CSV] 4,155,3994580,2638180,0,0,0,0,1269150,0
[E3OURS-CSV] 4,156,3609400,2221250,0,0,0,0,1309330,0
[E3OURS-CSV] 4,157,3737440,2098070,0,0,0,0,1556930,0
[E3OURS-CSV] 4,158,3643010,2234120,0,0,0,0,1331210,0
[E3OURS-CSV] 4,159,3844400,2350540,0,0,0,0,1408640,0
[E3OURS-CSV] 4,160,3688190,2261440,0,0,0,0,1350370,0
[E3OURS-CSV] 4,161,4670370,2959370,0,0,0,0,1435700,0
[E3OURS-CSV] 4,162,4338370,2729190,0,0,0,0,1511710,0
[E3OURS-CSV] 4,163,4093060,2549780,0,0,0,0,1463790,0
[E3OURS-CSV] 4,164,6846700,4381410,0,0,0,0,2311720,0
[E3OURS-CSV] 4,165,3709840,2048470,0,0,0,0,1578960,0
[E3OURS-CSV] 4,166,3652920,2094490,0,0,0,0,1472960,0
[E3OURS-CSV] 4,167,6788020,4126210,0,0,0,0,2516640,0
[E3OURS-CSV] 4,168,3745390,2119430,0,0,0,0,1544880,0
[E3OURS-CSV] 4,169,3658980,2212940,0,0,0,0,1368220,0
[E3OURS-CSV] 4,170,3514620,2148400,0,0,0,0,1117460,0
[E3OURS-CSV] 4,171,3740810,2131260,0,0,0,0,1528180,0
[E3OURS-CSV] 4,172,3971480,2964730,0,0,0,0,936680,0
[E3OURS-CSV] 4,173,3750100,2237670,0,0,0,0,1437850,0
[E3OURS-CSV] 4,174,3362930,2342010,0,0,0,0,948280,0
[E3OURS-CSV] 4,175,3549340,2166080,0,0,0,0,1139740,0
[E3OURS-CSV] 4,176,2026970,1314310,0,0,0,0,658630,0
[E3OURS-CSV] 4,177,3660320,2047940,0,0,0,0,1532870,0
[E3OURS-CSV] 4,178,3547980,2173120,0,0,0,0,1301010,0
[E3OURS-CSV] 4,179,3875120,2392690,0,0,0,0,1399540,0
[E3OURS-CSV] 4,180,4079400,2522320,0,0,0,0,1443610,0
[E3OURS-CSV] 4,181,1925130,1157230,0,0,0,0,717070,0
[E3OURS-CSV] 4,182,3643110,2077200,0,0,0,0,1485700,0
[E3OURS-CSV] 4,183,3662410,2372080,0,0,0,0,1187510,0
[E3OURS-CSV] 4,184,3349440,2158340,0,0,0,0,954420,0
[E3OURS-CSV] 4,185,3610780,2015080,0,0,0,0,1516990,0
[E3OURS-CSV] 4,186,2371840,1495340,0,0,0,0,824920,0
[E3OURS-CSV] 4,187,3684050,2064720,0,0,0,0,1537970,0
[E3OURS-CSV] 4,188,3608630,2213750,0,0,0,0,1314440,0
[E3OURS-CSV] 4,189,3601670,2217160,0,0,0,0,1157560,0
[E3OURS-CSV] 4,190,3617670,2221560,0,0,0,0,1318120,0
[E3OURS-CSV] 4,191,4010820,2761680,0,0,0,0,1169770,0
[E3OURS-CSV] 4,192,3648920,2207730,0,0,0,0,1362540,0
[E3OURS-CSV] 4,193,3866730,2351560,0,0,0,0,1437080,0
[E3OURS-CSV] 4,194,3697740,2066830,0,0,0,0,1549950,0
[E3OURS-CSV] 4,195,3563740,2363410,0,0,0,0,1114540,0
[E3OURS-CSV] 4,196,3570660,2062840,0,0,0,0,1422740,0
[E3OURS-CSV] 4,197,3706890,2086900,0,0,0,0,1537910,0
[E3OURS-CSV] 4,198,3765440,2295890,0,0,0,0,1389710,0
[E3OURS-CSV] 4,199,3538440,2150300,0,0,0,0,1312590,0
[E3OURS-CSV] 4,200,6099460,4587040,0,0,0,0,1364990,0
[E3OURS-CSV] 4,201,3290770,2287970,0,0,0,0,934100,0
[E3OURS-CSV] 4,202,3619550,2013550,0,0,0,0,1520380,0
[E3OURS-CSV] 4,203,3632910,2237100,0,0,0,0,1317320,0
[E3OURS-CSV] 4,204,3547660,2340760,0,0,0,0,1134920,0
[E3OURS-CSV] 4,205,3654340,2059850,0,0,0,0,1513950,0
[E3OURS-CSV] 4,206,7012260,4206040,0,0,0,0,2660110,0
[E3OURS-CSV] 4,207,3760570,2338200,0,0,0,0,1331020,0
[E3OURS-CSV] 4,208,3694730,2041380,0,0,0,0,1574720,0
[E3OURS-CSV] 4,209,3364060,2375580,0,0,0,0,917810,0
[E3OURS-CSV] 4,210,3598510,2183050,0,0,0,0,1329710,0
[E3OURS-CSV] 4,211,3662960,2089590,0,0,0,0,1489360,0
[E3OURS-CSV] 4,212,3658710,2216130,0,0,0,0,1362170,0
[E3OURS-CSV] 4,213,3587900,2015920,0,0,0,0,1485360,0
[E3OURS-CSV] 4,214,3625770,2029680,0,0,0,0,1515250,0
[E3OURS-CSV] 4,215,3352100,2172550,0,0,0,0,933840,0
[E3OURS-CSV] 4,216,4797380,2813000,0,0,0,0,1895480,0
[E3OURS-CSV] 4,217,3741160,2118580,0,0,0,0,1540170,0
[E3OURS-CSV] 4,218,3650370,2225090,0,0,0,0,1347620,0
[E3OURS-CSV] 4,219,3644990,2277360,0,0,0,0,1294050,0
[E3OURS-CSV] 4,220,3632300,2018840,0,0,0,0,1353470,0
[E3OURS-CSV] 4,221,1814670,1124960,0,0,0,0,646550,0
[E3OURS-CSV] 4,222,3618790,2040100,0,0,0,0,1496320,0
[E3OURS-CSV] 4,223,3692880,2270640,0,0,0,0,1338950,0
[E3OURS-CSV] 4,224,3618020,2034800,0,0,0,0,1500830,0
[E3OURS-CSV] 4,225,3610070,2215350,0,0,0,0,1316580,0
[E3OURS-CSV] 4,226,1238720,822470,0,0,0,0,381590,0
[E3OURS-CSV] 4,227,3639400,2077240,0,0,0,0,1484110,0
[E3OURS-CSV] 4,228,3688470,2083090,0,0,0,0,1530130,0
[E3OURS-CSV] 4,229,3329860,2323810,0,0,0,0,935530,0
[E3OURS-CSV] 4,230,3712370,2068270,0,0,0,0,1568580,0
[E3OURS-CSV] 4,231,1484830,980510,0,0,0,0,466580,0
[E3OURS-CSV] 4,232,3720180,2123910,0,0,0,0,1516010,0
[E3OURS-CSV] 4,233,3628090,2234430,0,0,0,0,1316710,0
[E3OURS-CSV] 4,234,3360100,2335380,0,0,0,0,956740,0
[E3OURS-CSV] 4,235,3640730,2240300,0,0,0,0,1321810,0
[E3OURS-CSV] 4,236,3682440,2049810,0,0,0,0,1547910,0
[E3OURS-CSV] 4,237,3611080,2016750,0,0,0,0,1511930,0
[E3OURS-CSV] 4,238,3656720,2222030,0,0,0,0,1356860,0
[E3OURS-CSV] 4,239,3313480,2324350,0,0,0,0,918000,0
[E3OURS-CSV] 4,240,3664350,2247800,0,0,0,0,1342590,0
[E3OURS-CSV] 4,241,3745180,2116050,0,0,0,0,1548770,0
[E3OURS-CSV] 4,242,3638150,2054320,0,0,0,0,1323280,0
[E3OURS-CSV] 4,243,3596940,2207830,0,0,0,0,1310550,0
[E3OURS-CSV] 4,244,3264470,2257750,0,0,0,0,935200,0
[E3OURS-CSV] 4,245,3576300,2196200,0,0,0,0,1298980,0
[E3OURS-CSV] 4,246,3576310,1979180,0,0,0,0,1518120,0
[E3OURS-CSV] 4,247,3978380,2509390,0,0,0,0,1381060,0
[E3OURS-CSV] 4,248,3607340,2194150,0,0,0,0,1338460,0
[E3OURS-CSV] 4,249,3246210,2271990,0,0,0,0,905510,0
[E3OURS-CSV] 4,250,3653640,2219980,0,0,0,0,1360800,0
[E3OURS-CSV] 4,251,3809570,2097510,0,0,0,0,1624630,0
[E3OURS-CSV] 4,252,3951170,2688320,0,0,0,0,1187280,0
[E3OURS-CSV] 4,253,3604650,2210170,0,0,0,0,1316720,0
[E3OURS-CSV] 4,254,3535100,2329980,0,0,0,0,1127690,0
[E3OURS-CSV] 4,255,3591060,2033890,0,0,0,0,1476810,0
[E3OURS-CSV] 4,256,3708080,2070070,0,0,0,0,1542480,0
[E3OURS-CSV] 4,257,3782250,2095680,0,0,0,0,1591690,0
[E3OURS-CSV] 4,258,3716280,2100410,0,0,0,0,1541420,0
[E3OURS-CSV] 4,259,3339570,2321540,0,0,0,0,936310,0
[E3OURS-CSV] 4,260,3708590,2055600,0,0,0,0,1569080,0
[E3OURS-CSV] 4,261,3883240,2234270,0,0,0,0,1568760,0
[E3OURS-CSV] 4,262,3543240,2004930,0,0,0,0,1460590,0
[E3OURS-CSV] 4,263,3579920,2373250,0,0,0,0,1134040,0
[E3OURS-CSV] 4,264,3564880,2013410,0,0,0,0,1301070,0
[E3OURS-CSV] 4,265,3704070,2115290,0,0,0,0,1507830,0
[E3OURS-CSV] 4,266,3778050,2168800,0,0,0,0,1524830,0
[E3OURS-CSV] 4,267,3566440,2004150,0,0,0,0,1476750,0
[E3OURS-CSV] 4,268,2825660,1992840,0,0,0,0,755940,0
[E3OURS-CSV] 4,269,3673700,2084280,0,0,0,0,1508030,0
[E3OURS-CSV] 4,270,3713670,2062800,0,0,0,0,1568590,0
[E3OURS-CSV] 4,271,1682410,937450,0,0,0,0,704350,0
[E3OURS-CSV] 4,272,3725940,2122960,0,0,0,0,1516170,0
[E3OURS-CSV] 4,273,3774280,2326910,0,0,0,0,1364140,0
[E3OURS-CSV] 4,274,3351550,2329090,0,0,0,0,954030,0
[E3OURS-CSV] 4,275,3573380,2230830,0,0,0,0,1270000,0
[E3OURS-CSV] 4,276,3656700,2395770,0,0,0,0,1191070,0
[E3OURS-CSV] 4,277,3678580,2054690,0,0,0,0,1536010,0
[E3OURS-CSV] 4,278,3683980,2238440,0,0,0,0,1368200,0
[E3OURS-CSV] 4,279,3631580,2252390,0,0,0,0,1303380,0
[E3OURS-CSV] 4,280,3595540,2374890,0,0,0,0,1152180,0
[E3OURS-CSV] 4,281,647180,421320,0,0,0,0,203500,0
[E3OURS-CSV] 4,282,3700720,2044340,0,0,0,0,1566400,0
[E3OURS-CSV] 4,283,3646110,2235900,0,0,0,0,1323460,0
[E3OURS-CSV] 4,284,3581880,2198500,0,0,0,0,1309690,0
[E3OURS-CSV] 4,285,3693790,2109290,0,0,0,0,1502760,0
[E3OURS-CSV] 4,286,3679210,2072120,0,0,0,0,1521520,0
[E3OURS-CSV] 4,287,3797110,2160900,0,0,0,0,1555490,0
[E3OURS-CSV] 4,288,3997590,2709210,0,0,0,0,1209600,0
[E3OURS-CSV] 4,289,3634880,2218030,0,0,0,0,1339560,0
[E3OURS-CSV] 4,290,3741960,2090580,0,0,0,0,1573590,0
[E3OURS-CSV] 4,291,3734010,2103880,0,0,0,0,1547320,0
[E3OURS-CSV] 4,292,3882210,2335300,0,0,0,0,1464200,0
[E3OURS-CSV] 4,293,3577050,2200890,0,0,0,0,1298170,0
[E3OURS-CSV] 4,294,3667120,2019750,0,0,0,0,1560460,0
[E3OURS-CSV] 4,295,3729750,2110750,0,0,0,0,1351850,0
[E3OURS-CSV] 4,296,3634870,2377560,0,0,0,0,1186040,0
[E3OURS-CSV] 4,297,3685520,2104740,0,0,0,0,1498680,0
[E3OURS-CSV] 4,298,3705950,2098980,0,0,0,0,1527770,0
[E3OURS-CSV] 4,299,3597920,2217480,0,0,0,0,1304950,0
[E3OURS-CSV] 4,300,3667550,2079800,0,0,0,0,1511120,0
[E3OURS-CSV] 4,301,1195470,692370,0,0,0,0,472370,0
[E3OURS-CSV] 4,302,3932810,2372730,0,0,0,0,1480430,0
[E3OURS-CSV] 4,303,3981020,2434360,0,0,0,0,1467160,0
[E3OURS-CSV] 4,304,3341350,2342310,0,0,0,0,925810,0
[E3OURS-CSV] 4,305,3663740,2220810,0,0,0,0,1367560,0
[E3OURS-CSV] 4,306,3815000,2344490,0,0,0,0,1382920,0
[E3OURS-CSV] 4,307,3917480,2356650,0,0,0,0,1477180,0
[E3OURS-CSV] 4,308,3825960,2344780,0,0,0,0,1404380,0
[E3OURS-CSV] 4,309,3776140,2109460,0,0,0,0,1589360,0
[E3OURS-CSV] 4,310,3690020,2071970,0,0,0,0,1514370,0
[E3OURS-CSV] 4,311,2988490,2061160,0,0,0,0,867770,0
[E3OURS-CSV] 4,312,3665100,2228690,0,0,0,0,1359860,0
[E3OURS-CSV] 4,313,3711360,2039940,0,0,0,0,1587380,0
[E3OURS-CSV] 4,314,3711020,2084290,0,0,0,0,1528800,0
[E3OURS-CSV] 4,315,3869240,2362960,0,0,0,0,1416840,0
[E3OURS-CSV] 4,316,1987270,1213380,0,0,0,0,727660,0
[E3OURS-CSV] 4,317,3771330,2079140,0,0,0,0,1609700,0
[E3OURS-CSV] 4,318,3839260,2359100,0,0,0,0,1398030,0
[E3OURS-CSV] 4,319,4149450,2520270,0,0,0,0,1533440,0
[E3OURS-CSV] 4,320,3670310,2067780,0,0,0,0,1517280,0
[E3OURS-CSV] 4,321,2792630,1486250,0,0,0,0,1243520,0
[E3OURS-CSV] 4,322,3595820,2038650,0,0,0,0,1472440,0
[E3OURS-CSV] 4,323,6105050,3986540,0,0,0,0,1690860,0
[E3OURS-CSV] 4,324,3677210,2266330,0,0,0,0,1335170,0
[E3OURS-CSV] 4,325,3683610,2243870,0,0,0,0,1355080,0
[E3OURS-CSV] 4,326,1346390,893800,0,0,0,0,418270,0
[E3OURS-CSV] 4,327,3718210,2111750,0,0,0,0,1523480,0
[E3OURS-CSV] 4,328,3699180,2100860,0,0,0,0,1514760,0
[E3OURS-CSV] 4,329,3714550,2254290,0,0,0,0,1382680,0
[E3OURS-CSV] 4,330,3730550,2634000,0,0,0,0,1012900,0
[E3OURS-CSV] 4,331,850920,508170,0,0,0,0,311160,0
[E3OURS-CSV] 4,332,4222110,2740080,0,0,0,0,1397590,0
[E3OURS-CSV] 4,333,1765760,1166050,0,0,0,0,534480,0
[E3OURS-CSV] 4,334,3698990,2259920,0,0,0,0,1362100,0
[E3OURS-CSV] 4,335,3609870,2035250,0,0,0,0,1494550,0
[E3OURS-CSV] 4,336,665240,427860,0,0,0,0,213700,0
[E3OURS-CSV] 4,337,4719770,2612840,0,0,0,0,2016320,0
[E3OURS-CSV] 4,338,3643670,2042190,0,0,0,0,1516780,0
[E3OURS-CSV] 4,339,3612510,2216300,0,0,0,0,1317970,0
[E3OURS-CSV] 4,340,3696480,2256870,0,0,0,0,1364840,0
[E3OURS-CSV] 4,341,835200,504540,0,0,0,0,303870,0
[E3OURS-CSV] 4,342,3710210,2070400,0,0,0,0,1559540,0
[E3OURS-CSV] 4,343,3660490,2253260,0,0,0,0,1331240,0
[E3OURS-CSV] 4,344,4245140,3131630,0,0,0,0,1037390,0
[E3OURS-CSV] 4,345,3585670,2227580,0,0,0,0,1279930,0
[E3OURS-CSV] 4,346,1851260,1034770,0,0,0,0,775660,0
[E3OURS-CSV] 4,347,4211100,2932710,0,0,0,0,1196270,0
[E3OURS-CSV] 4,348,3809910,2314370,0,0,0,0,1407940,0
[E3OURS-CSV] 4,349,3545980,2184100,0,0,0,0,1284770,0
[E3OURS-CSV] 4,350,3783250,2137040,0,0,0,0,1565910,0
[E3OURS-CSV] 4,351,1842940,1160740,0,0,0,0,632690,0
[E3OURS-CSV] 4,352,3702280,2093440,0,0,0,0,1525220,0
[E3OURS-CSV] 4,353,3708430,2281700,0,0,0,0,1351980,0
[E3OURS-CSV] 4,354,3632360,2039120,0,0,0,0,1511990,0
[E3OURS-CSV] 4,355,3613070,2209230,0,0,0,0,1325380,0
[E3OURS-CSV] 4,356,1890940,1291650,0,0,0,0,547690,0
[E3OURS-CSV] 4,357,3748670,2299390,0,0,0,0,1360580,0
[E3OURS-CSV] 4,358,3877240,2380970,0,0,0,0,1384190,0
[E3OURS-CSV] 4,359,3750060,2119050,0,0,0,0,1548020,0
[E3OURS-CSV] 4,360,3685890,2237900,0,0,0,0,1369910,0
[E3OURS-CSV] 4,361,2719870,1918190,0,0,0,0,724660,0
[E3OURS-CSV] 4,362,3672680,2075110,0,0,0,0,1514860,0
[E3OURS-CSV] 4,363,4492990,2874820,0,0,0,0,1526530,0
[E3OURS-CSV] 4,364,3634120,2018450,0,0,0,0,1535930,0
[E3OURS-CSV] 4,365,3549610,2375070,0,0,0,0,1103540,0
[E3OURS-CSV] 4,366,2848640,1878100,0,0,0,0,900400,0
[E3OURS-CSV] 4,367,3738260,2100720,0,0,0,0,1540380,0
[E3OURS-CSV] 4,368,3583870,2193470,0,0,0,0,1313140,0
[E3OURS-CSV] 4,369,3513140,2170860,0,0,0,0,1264470,0
[E3OURS-CSV] 4,370,3605740,2205090,0,0,0,0,1327140,0
[E3OURS-CSV] 4,371,1928020,1189140,0,0,0,0,683320,0
[E3OURS-CSV] 4,372,4017700,2083520,0,0,0,0,1854110,0
[E3OURS-CSV] 4,373,3651820,2225450,0,0,0,0,1347570,0
[E3OURS-CSV] 4,374,3824590,2357970,0,0,0,0,1383640,0
[E3OURS-CSV] 4,375,3655230,2076270,0,0,0,0,1498840,0
[E3OURS-CSV] 4,376,3619340,2042290,0,0,0,0,1494150,0
[E3OURS-CSV] 4,377,3731160,2312950,0,0,0,0,1330240,0
[E3OURS-CSV] 4,378,2362710,1558950,0,0,0,0,726450,0
[E3OURS-CSV] 4,379,5855110,4295030,0,0,0,0,1420190,0
[E3OURS-CSV] 4,380,3654740,2047000,0,0,0,0,1515160,0
[E3OURS-CSV] 4,381,2292770,1629950,0,0,0,0,598180,0
[E3OURS-CSV] 4,382,3871320,2273180,0,0,0,0,1510530,0
[E3OURS-CSV] 4,383,3677760,2264760,0,0,0,0,1334260,0
[E3OURS-CSV] 4,384,3825840,2369830,0,0,0,0,1376570,0
[E3OURS-CSV] 4,385,3665940,2082220,0,0,0,0,1333780,0
[E3OURS-CSV] 4,386,3588180,2060350,0,0,0,0,1449860,0
[E3OURS-CSV] 4,387,4222530,2771190,0,0,0,0,1365200,0
[E3OURS-CSV] 4,388,3660910,2087940,0,0,0,0,1498750,0
[E3OURS-CSV] 4,389,3620420,2051400,0,0,0,0,1487140,0
[E3OURS-CSV] 4,390,3581890,2204000,0,0,0,0,1302610,0
[E3OURS-CSV] 4,391,3247060,1965120,0,0,0,0,1199670,0
[E3OURS-CSV] 4,392,3824810,2494280,0,0,0,0,1228880,0
[E3OURS-CSV] 4,393,3687950,2084450,0,0,0,0,1518390,0
[E3OURS-CSV] 4,394,3670100,2227680,0,0,0,0,1365160,0
[E3OURS-CSV] 4,395,3575080,2182980,0,0,0,0,1309360,0
[E3OURS-CSV] 4,396,3549010,2170400,0,0,0,0,1305550,0
[E3OURS-CSV] 4,397,4245280,2792370,0,0,0,0,1372690,0
[E3OURS-CSV] 4,398,3689540,2076760,0,0,0,0,1531630,0
[E3OURS-CSV] 4,399,3552960,2197930,0,0,0,0,1274890,0
[E3OURS-CSV] 4,400,6896170,5009790,0,0,0,0,1750220,0
[E3OURS-CSV] 4,401,3701840,2085230,0,0,0,0,1535330,0
[E3OURS-CSV] 4,402,3887680,2403820,0,0,0,0,1401920,0
[E3OURS-CSV] 4,403,3600390,2217890,0,0,0,0,1304680,0
[E3OURS-CSV] 4,404,3606300,2062530,0,0,0,0,1466690,0
[E3OURS-CSV] 4,405,3615040,2061920,0,0,0,0,1463710,0
[E3OURS-CSV] 4,406,6806610,4114700,0,0,0,0,2543830,0
[E3OURS-CSV] 4,407,3794420,2523400,0,0,0,0,1171220,0
[E3OURS-CSV] 4,408,3696420,2084630,0,0,0,0,1530710,0
[E3OURS-CSV] 4,409,3605440,2226040,0,0,0,0,1303280,0
[E3OURS-CSV] 4,410,3675550,2242570,0,0,0,0,1355450,0
[E3OURS-CSV] 4,411,3771200,2317920,0,0,0,0,1360170,0
[E3OURS-CSV] 4,412,3724050,2436400,0,0,0,0,1205460,0
[E3OURS-CSV] 4,413,3775270,2133050,0,0,0,0,1560120,0
[E3OURS-CSV] 4,414,3667740,2093340,0,0,0,0,1491280,0
[E3OURS-CSV] 4,415,3646050,2260730,0,0,0,0,1304290,0
[E3OURS-CSV] 4,416,2878860,1738040,0,0,0,0,1065670,0
[E3OURS-CSV] 4,417,3768070,2318870,0,0,0,0,1355020,0
[E3OURS-CSV] 4,418,3746570,2136990,0,0,0,0,1523540,0
[E3OURS-CSV] 4,419,3608080,2084070,0,0,0,0,1281690,0
[E3OURS-CSV] 4,420,3686250,2072510,0,0,0,0,1529490,0
[E3OURS-CSV] 4,421,3581450,2381080,0,0,0,0,1127440,0
[E3OURS-CSV] 4,422,3837230,2360300,0,0,0,0,1390690,0
[E3OURS-CSV] 4,423,3670900,2094310,0,0,0,0,1496960,0
[E3OURS-CSV] 4,424,3820210,2171390,0,0,0,0,1568220,0
[E3OURS-CSV] 4,425,4077470,2716260,0,0,0,0,1281080,0
[E3OURS-CSV] 4,426,2611480,1738130,0,0,0,0,810020,0
[E3OURS-CSV] 4,427,3920300,2434820,0,0,0,0,1402310,0
[E3OURS-CSV] 4,428,3608930,2054500,0,0,0,0,1470760,0
[E3OURS-CSV] 4,429,3974870,2689110,0,0,0,0,1209870,0
[E3OURS-CSV] 4,430,3731110,2138540,0,0,0,0,1512180,0
[E3OURS-CSV] 4,431,3838110,2168940,0,0,0,0,1583660,0
[E3OURS-CSV] 4,432,3781150,2241480,0,0,0,0,1457730,0
[E3OURS-CSV] 4,433,3579360,2214470,0,0,0,0,1287210,0
[E3OURS-CSV] 4,434,3557930,2347150,0,0,0,0,1140590,0
[E3OURS-CSV] 4,435,3610010,2231090,0,0,0,0,1308150,0
[E3OURS-CSV] 4,436,3715350,2146780,0,0,0,0,1490110,0
[E3OURS-CSV] 4,437,3816580,2698140,0,0,0,0,1007680,0
[E3OURS-CSV] 4,438,3774030,2311340,0,0,0,0,1383270,0
[E3OURS-CSV] 4,439,3631830,2056950,0,0,0,0,1495530,0
[E3OURS-CSV] 4,440,3708050,2092200,0,0,0,0,1531120,0
[E3OURS-CSV] 4,441,3645420,2079780,0,0,0,0,1302580,0
[E3OURS-CSV] 4,442,3703840,2398850,0,0,0,0,1222910,0
[E3OURS-CSV] 4,443,3681330,2104150,0,0,0,0,1496550,0
[E3OURS-CSV] 4,444,3693910,2266560,0,0,0,0,1352680,0
[E3OURS-CSV] 4,445,3694900,2088970,0,0,0,0,1514690,0
[E3OURS-CSV] 4,446,3654770,2058270,0,0,0,0,1518080,0
[E3OURS-CSV] 4,447,3639700,2542170,0,0,0,0,1011790,0
[E3OURS-CSV] 4,448,3863380,2315770,0,0,0,0,1464040,0
[E3OURS-CSV] 4,449,3586180,2221260,0,0,0,0,1287290,0
[E3OURS-CSV] 4,450,3641380,2088570,0,0,0,0,1474750,0
[E3OURS-CSV] 4,451,3886270,2387770,0,0,0,0,1404420,0
[E3OURS-CSV] 4,452,4051400,2715650,0,0,0,0,1251260,0
[E3OURS-CSV] 4,453,3751090,2337310,0,0,0,0,1331280,0
[E3OURS-CSV] 4,454,3603470,2223910,0,0,0,0,1305250,0
[E3OURS-CSV] 4,455,3624850,2257290,0,0,0,0,1289420,0
[E3OURS-CSV] 4,456,3522140,2406560,0,0,0,0,1028470,0
[E3OURS-CSV] 4,457,5936720,3903480,0,0,0,0,1878390,0
[E3OURS-CSV] 4,458,3684450,2058340,0,0,0,0,1544040,0
[E3OURS-CSV] 4,459,3582500,2219800,0,0,0,0,1288290,0
[E3OURS-CSV] 4,460,3552420,2431250,0,0,0,0,1040590,0
[E3OURS-CSV] 4,461,3228940,2401940,0,0,0,0,740780,0
[E3OURS-CSV] 4,462,6117330,3809990,0,0,0,0,2155640,0
[E3OURS-CSV] 4,463,3636090,2079890,0,0,0,0,1470570,0
[E3OURS-CSV] 4,464,4296100,2786660,0,0,0,0,1432410,0
[E3OURS-CSV] 4,465,3526900,2180090,0,0,0,0,1271790,0
[E3OURS-CSV] 4,466,3603850,2029570,0,0,0,0,1495880,0
[E3OURS-CSV] 4,467,3615140,2041270,0,0,0,0,1492660,0
[E3OURS-CSV] 4,468,3860830,2358510,0,0,0,0,1410060,0
[E3OURS-CSV] 4,469,3677230,2265270,0,0,0,0,1334530,0
[E3OURS-CSV] 4,470,3701370,2102680,0,0,0,0,1518690,0
[E3OURS-CSV] 4,471,3692320,2096060,0,0,0,0,1515510,0
[E3OURS-CSV] 4,472,3849030,2322300,0,0,0,0,1439860,0
[E3OURS-CSV] 4,473,3802450,2332580,0,0,0,0,1392120,0
[E3OURS-CSV] 4,474,3672730,2062080,0,0,0,0,1526460,0
[E3OURS-CSV] 4,475,3670120,2276700,0,0,0,0,1314160,0
[E3OURS-CSV] 4,476,2314880,1686920,0,0,0,0,551190,0
[E3OURS-CSV] 4,477,3773050,2335820,0,0,0,0,1343330,0
[E3OURS-CSV] 4,478,3706690,2083960,0,0,0,0,1543150,0
[E3OURS-CSV] 4,479,3824510,2526170,0,0,0,0,1195100,0
[E3OURS-CSV] 4,480,3703010,2102850,0,0,0,0,1512710,0
[E3OURS-CSV] 4,481,3520910,2103810,0,0,0,0,1288680,0
[E3OURS-CSV] 4,482,4034940,2679150,0,0,0,0,1016950,0
[E3OURS-CSV] 4,483,3873250,2439460,0,0,0,0,1350890,0
[E3OURS-CSV] 4,484,3749400,2097330,0,0,0,0,1573670,0
[E3OURS-CSV] 4,485,3688860,2296440,0,0,0,0,1316760,0
[E3OURS-CSV] 4,486,3685800,2088000,0,0,0,0,1515860,0
[E3OURS-CSV] 4,487,3875020,2415280,0,0,0,0,1368820,0
[E3OURS-CSV] 4,488,3612250,2040220,0,0,0,0,1321780,0
[E3OURS-CSV] 4,489,3599400,2238480,0,0,0,0,1284510,0
[E3OURS-CSV] 4,490,3574860,2039590,0,0,0,0,1456410,0
[E3OURS-CSV] 4,491,3794470,2727360,0,0,0,0,968640,0
[E3OURS-CSV] 4,492,3884370,2626530,0,0,0,0,1173920,0
[E3OURS-CSV] 4,493,3628200,2056470,0,0,0,0,1314650,0
[E3OURS-CSV] 4,494,3617020,2482410,0,0,0,0,1040170,0
[E3OURS-CSV] 4,495,3648020,2080820,0,0,0,0,1484700,0
[E3OURS-CSV] 4,496,6520370,4794480,0,0,0,0,1583930,0
[E3OURS-CSV] 4,497,6319940,4710460,0,0,0,0,1466220,0
[E3OURS-CSV] 4,498,7419940,5587630,0,0,0,0,1705820,0
[E3OURS-CSV] 4,499,6295890,3879780,0,0,0,0,2277550,0
[E3OURS-SUMMARY] chain_len=4 e2e_avg=3772162 publish_avg=2324297 sched_avg=1355934

*** FATAL ***
fatal source: 0 (INTERNAL_ERROR_CORE)
fatal code: 5 (INTERNAL_ERROR_THREAD_EXITTED)
RTEMS version: 6.1.0.not-released
RTEMS tools: 13.3.0 20240521 (RTEMS 6, RSB no-repo, Newlib 1b3dcfd)
executing thread ID: 0x0a010001
executing thread name: UI1 
d ID: 0x0a010001
executing thread name: UI1 
