
RTEMS Shell on /dev/console. Use 'help' to list commands.
SHLL [/] # nexus0: <RTEMS Nexus device>
info: lo0: link state changed to UP
=== Exp3inter-MT: Task Chain (n=15) MultiThreadedExecutor ===
Period: 200ms, Rounds: 500
[E3IMT-CSV] chain_len,round,e2e_ns,publish_ns,gc_trigger_ns,invoke_cb_ns,getnext_ns,take_data_ns,sched_ns,dispatch_ns
666666
CPP Msg not nullptr
CPP Msg not nullptr
CPP Msg not nullptr
CPP Msg not nullptr
C Msg not NULL
C Msg not NULL
CPP Srv not nullptr
CPP Srv not nullptr
CPP Srv not nullptr
CPP Srv not nullptr
CPP Srv not nullptr
CPP Srv not nullptr
CPP Msg not nullptr
CPP Msg not nullptr
CPP Msg not nullptr
CPP Msg not nullptr
CPP Msg not nullptr
CPP Msg not nullptr
C Msg not NULL
C Msg not NULL
CPP Srv not nullptr
CPP Srv not nullptr
CPP Srv not nullptr
CPP Srv not nullptr
CPP Srv not nullptr
CPP Srv not nullptr
CPP Msg not nullptr
CPP Msg not nullptr
CPP Msg not nullptr
CPP Msg not nullptr
CPP Msg not nullptr
CPP Msg not nullptr
CPP Msg not nullptr
CPP Msg not nullptr
C Msg not NULL
C Msg not NULL
CPP Srv not nullptr
CPP Srv not nullptr
CPP Srv not nullptr
CPP Srv not nullptr
CPP Srv not nullptr
CPP Srv not nullptr
CPP Msg not nullptr
CPP Msg not nullptr
CPP Msg not nullptr
CPP Msg not nullptr
CPP Msg not nullptr
CPP Msg not nullptr
CPP Msg not nullptr
CPP Msg not nullptr
C Msg not NULL
C Msg not NULL
CPP Srv not nullptr
CPP Srv not nullptr
CPP Srv not nullptr
CPP Srv not nullptr
CPP Srv not nullptr
CPP Srv not nullptr
CPP Msg not nullptr
CPP Msg not nullptr
CPP Msg not nullptr
CPP Msg not nullptr
CPP Msg not nullptr
CPP Msg not nullptr
CPP Msg not nullptr
CPP Msg not nullptr
C Msg not NULL
C Msg not NULL
CPP Srv not nullptr
CPP Srv not nullptr
CPP Srv not nullptr
CPP Srv not nullptr
CPP Srv not nullptr
CPP Srv not nullptr
CPP Msg not nullptr
CPP Msg not nullptr
CPP Msg not nullptr
CPP Msg not nullptr
CPP Msg not nullptr
CPP Msg not nullptr
CPP Msg not nullptr
CPP Msg not nullptr
C Msg not NULL
C Msg not NULL
CPP Srv not nullptr
CPP Srv not nullptr
CPP Srv not nullptr
CPP Srv not nullptr
CPP Srv not nullptr
CPP Srv not nullptr
CPP Msg not nullptr
CPP Msg not nullptr
CPP Msg not nullptr
CPP Msg not nullptr
CPP Msg not nullptr
CPP Msg not nullptr
CPP Msg not nullptr
CPP Msg not nullptr
C Msg not NULL
C Msg not NULL
CPP Srv not nullptr
CPP Srv not nullptr
CPP Srv not nullptr
CPP Srv not nullptr
CPP Srv not nullptr
CPP Srv not nullptr
CPP Msg not nullptr
CPP Msg not nullptr
CPP Msg not nullptr
CPP Msg not nullptr
CPP Msg not nullptr
CPP Msg not nullptr
CPP Msg not nullptr
CPP Msg not nullptr
C Msg not NULL
C Msg not NULL
CPP Srv not nullptr
CPP Srv not nullptr
CPP Srv not nullptr
CPP Srv not nullptr
CPP Srv not nullptr
CPP Srv not nullptr
CPP Msg not nullptr
CPP Msg not nullptr
CPP Msg not nullptr
CPP Msg not nullptr
CPP Msg not nullptr
CPP Msg not nullptr
CPP Msg not nullptr
CPP Msg not nullptr
C Msg not NULL
C Msg not NULL
CPP Srv not nullptr
CPP Srv not nullptr
CPP Srv not nullptr
CPP Srv not nullptr
CPP Srv not nullptr
CPP Srv not nullptr
CPP Msg not nullptr
CPP Msg not nullptr
CPP Msg not nullptr
CPP Msg not nullptr
CPP Msg not nullptr
CPP Msg not nullptr
CPP Msg not nullptr
CPP Msg not nullptr
C Msg not NULL
C Msg not NULL
CPP Srv not nullptr
CPP Srv not nullptr
CPP Srv not nullptr
CPP Srv not nullptr
CPP Srv not nullptr
CPP Srv not nullptr
CPP Msg not nullptr
CPP Msg not nullptr
CPP Msg not nullptr
CPP Msg not nullptr
CPP Msg not nullptr
CPP Msg not nullptr
CPP Msg not nullptr
CPP Msg not nullptr
C Msg not NULL
C Msg not NULL
CPP Srv not nullptr
CPP Srv not nullptr
CPP Srv not nullptr
CPP Srv not nullptr
CPP Srv not nullptr
CPP Srv not nullptr
CPP Msg not nullptr
CPP Msg not nullptr
CPP Msg not nullptr
CPP Msg not nullptr
CPP Msg not nullptr
CPP Msg not nullptr
CPP Msg not nullptr
CPP Msg not nullptr
C Msg not NULL
C Msg not NULL
CPP Srv not nullptr
CPP Srv not nullptr
CPP Srv not nullptr
CPP Srv not nullptr
CPP Srv not nullptr
CPP Srv not nullptr
CPP Msg not nullptr
CPP Msg not nullptr
CPP Msg not nullptr
CPP Msg not nullptr
CPP Msg not nullptr
CPP Msg not nullptr
CPP Msg not nullptr
CPP Msg not nullptr
C Msg not NULL
C Msg not NULL
CPP Srv not nullptr
CPP Srv not nullptr
CPP Srv not nullptr
CPP Srv not nullptr
CPP Srv not nullptr
CPP Srv not nullptr
CPP Msg not nullptr
CPP Msg not nullptr
CPP Msg not nullptr
CPP Msg not nullptr
CPP Msg not nullptr
CPP Msg not nullptr
CPP Msg not nullptr
CPP Msg not nullptr
C Msg not NULL
C Msg not NULL
CPP Srv not nullptr
CPP Srv not nullptr
CPP Srv not nullptr
CPP Srv not nullptr
CPP Srv not nullptr
CPP Srv not nullptr
CPP Msg not nullptr
CPP Msg not nullptr
CPP Msg not nullptr
CPP Msg not nullptr
CPP Msg not nullptr
CPP Msg not nullptr
CPP Msg not nullptr
CPP Msg not nullptr
C Msg not NULL
C Msg not NULL
CPP Srv not nullptr
CPP Srv not nullptr
CPP Srv not nullptr
CPP Srv not nullptr
CPP Srv not nullptr
CPP Srv not nullptr
CPP Msg not nullptr
CPP Msg not nullptr
CPP Msg not nullptr
CPP Msg not nullptr
CPP Msg not nullptr
CPP Msg not nullptr
[E3IMT-CSV] 15,0,58138760,6499910,0,0,1269590,0,51258850,46696122676
[E3IMT-CSV] 15,1,43452200,5390340,0,0,1130860,0,38003320,47534787096
[E3IMT-CSV] 15,2,39945260,5296870,0,0,1225700,0,34596180,49866479016
[E3IMT-CSV] 15,3,35541030,5393720,0,0,1087490,0,30093830,52668340926
[E3IMT-CSV] 15,4,30554540,5378500,0,0,1066890,0,25121800,55784959226
[E3IMT-CSV] 15,5,36682640,7203660,0,0,1137060,0,29359040,58478650496
[E3IMT-CSV] 15,6,36285750,7082880,0,0,1204590,0,29041080,61276083016
[E3IMT-CSV] 15,7,36239580,7038040,0,0,1234080,0,29084350,64074113566
[E3IMT-CSV] 15,8,30611660,5313130,0,0,1015870,0,25242150,66715330146
[E3IMT-CSV] 15,9,36854620,7281700,0,0,1101850,0,29450360,69675225696
[E3IMT-CSV] 15,10,39767240,8016520,0,0,1248050,0,31611360,72529240606
[E3IMT-CSV] 15,11,37504280,7538290,0,0,1102420,0,29699870,75293039366
[E3IMT-CSV] 15,12,36888860,7306940,0,0,1180870,0,29455160,78078584136
[E3IMT-CSV] 15,13,36954000,7255000,0,0,1252260,0,29579250,80876147486
[E3IMT-CSV] 15,14,36526050,7233830,0,0,1061250,0,29030110,83681308246
[E3IMT-CSV] 15,15,36385930,7334630,0,0,1059660,0,28923000,86481753496
[E3IMT-CSV] 15,16,36985040,6790090,0,0,1332140,0,30121040,89158250716
[E3IMT-CSV] 15,17,47276220,7174650,0,0,1263940,0,39841310,92219084576
[E3IMT-CSV] 15,18,36303160,7308410,0,0,1142100,0,28877190,94872789946
[E3IMT-CSV] 15,19,36886970,7360990,0,0,1067360,0,29397580,97681124156
[E3IMT-CSV] 15,20,36642590,7277760,0,0,1295170,0,29231760,100475612656
[E3IMT-CSV] 15,21,36340180,7216380,0,0,1058870,0,28995280,103282058256
[E3IMT-CSV] 15,22,31375520,5697140,0,0,1017200,0,25617720,105942904296
[E3IMT-CSV] 15,23,37800710,8408620,0,0,1287060,0,29229820,108900666496
[E3IMT-CSV] 15,24,31323070,5452760,0,0,1163030,0,25809090,111535438696
[E3IMT-CSV] 15,25,31172910,5654240,0,0,1017930,0,25449490,114328968716
[E3IMT-CSV] 15,26,41702460,8172460,0,0,1103510,0,33392400,117412999836
[E3IMT-CSV] 15,27,35685030,7451270,0,0,1029160,0,28118300,120067583866
[E3IMT-CSV] 15,28,35771680,7006690,0,0,1056220,0,28653790,122880690326
[E3IMT-CSV] 15,29,35485590,5473220,0,0,1383350,0,29949280,125658264566
[E3IMT-CSV] 15,30,36388790,7437760,0,0,1054340,0,28823400,128480155056
[E3IMT-CSV] 15,31,36238340,7325840,0,0,1046780,0,28795620,131267982966
[E3IMT-CSV] 15,32,38485180,7750890,0,0,1132460,0,30610490,134099424526
[E3IMT-CSV] 15,33,35992450,6955840,0,0,1140130,0,28865880,136882733006
[E3IMT-CSV] 15,34,37784940,7123440,0,0,1116440,0,30538970,139688640856
[E3IMT-CSV] 15,35,31500300,5583610,0,0,1071500,0,25814130,142353189556
[E3IMT-CSV] 15,36,37368830,7456610,0,0,1107350,0,29780520,145286451036
[E3IMT-CSV] 15,37,36606060,7213230,0,0,1249940,0,29271420,148075448236
[E3IMT-CSV] 15,38,37523580,7305620,0,0,1131120,0,30049710,150885056786
[E3IMT-CSV] 15,39,37117890,7318790,0,0,1231540,0,29678740,153677411466
[E3IMT-CSV] 15,40,54562430,9375260,0,0,1246280,0,45042630,156717110296
[E3IMT-CSV] 15,41,38249860,7999720,0,0,1121310,0,30121460,159312025596
[E3IMT-CSV] 15,42,31112900,5585800,0,0,1064610,0,25426350,161958419436
[E3IMT-CSV] 15,43,36735910,7202980,0,0,1130600,0,29417390,164879363396
[E3IMT-CSV] 15,44,36814100,7253050,0,0,1149590,0,29444430,167678451696
[E3IMT-CSV] 15,45,31080380,5586780,0,0,1013540,0,25428570,170370235516
[E3IMT-CSV] 15,46,36103060,7289680,0,0,1039670,0,28687980,173267794776
[E3IMT-CSV] 15,47,37289780,7495900,0,0,1108410,0,29672920,176081235726
[E3IMT-CSV] 15,48,37268000,7368650,0,0,1082520,0,29781100,178880200856
[E3IMT-CSV] 15,49,30780500,5347500,0,0,1028600,0,25373290,181527115706
[E3IMT-CSV] 15,50,37259450,7711740,0,0,1155440,0,29411160,184486577326
[E3IMT-CSV] 15,51,46572470,7506850,0,0,1105830,0,38946540,187407140026
[E3IMT-CSV] 15,52,35805310,7087570,0,0,1058280,0,28594640,190069140436
[E3IMT-CSV] 15,53,36406900,7028340,0,0,1138390,0,29263290,192875977896
[E3IMT-CSV] 15,54,36135350,7037110,0,0,1164840,0,28850840,195673169636
[E3IMT-CSV] 15,55,36391380,7489120,0,0,1085140,0,28730080,198481941646
[E3IMT-CSV] 15,56,34949180,7103010,0,0,1077600,0,27739100,201256628896
[E3IMT-CSV] 15,57,36758160,7366450,0,0,1142780,0,29115390,204082811806
[E3IMT-CSV] 15,58,36668970,7277550,0,0,1067480,0,29267130,206881026466
[E3IMT-CSV] 15,59,36518150,7234250,0,0,1178620,0,29163800,209677997006
[E3IMT-CSV] 15,60,36379220,7228260,0,0,1117310,0,29010420,212476925366
[E3IMT-CSV] 15,61,36069850,6956480,0,0,1064940,0,28883680,215270862966
[E3IMT-CSV] 15,62,36226850,7170480,0,0,1095370,0,28938110,218071258986
[E3IMT-CSV] 15,63,36561150,7162920,0,0,1182740,0,29283880,220877828906
[E3IMT-CSV] 15,64,36249980,7036930,0,0,1159880,0,29095120,223673763576
[E3IMT-CSV] 15,65,36580210,7366460,0,0,1104780,0,29082850,226483701316
[E3IMT-CSV] 15,66,35348830,6755200,0,0,1060710,0,28481820,229266250336
[E3IMT-CSV] 15,67,36028420,7018420,0,0,1110830,0,28896930,232072688196
[E3IMT-CSV] 15,68,36444140,7401530,0,0,1093860,0,28920630,234882356096
[E3IMT-CSV] 15,69,35991280,7126950,0,0,1251870,0,28703370,237673852186
[E3IMT-CSV] 15,70,36160150,7186640,0,0,1147620,0,28841920,240475755496
[E3IMT-CSV] 15,71,36648740,7083750,0,0,1076690,0,29453610,243281633116
[E3IMT-CSV] 15,72,31215870,5700040,0,0,1033980,0,25404470,245847746146
[E3IMT-CSV] 15,73,31318200,5727300,0,0,1142350,0,25523980,248647362456
[E3IMT-CSV] 15,74,31086760,5609660,0,0,1020310,0,25412420,251443853946
[E3IMT-CSV] 15,75,31283160,5776020,0,0,1019050,0,25440590,254246003406
[E3IMT-CSV] 15,76,31674650,5493510,0,0,1151120,0,26112150,257051564796
[E3IMT-CSV] 15,77,31064890,5714750,0,0,1011770,0,25284310,259844936856
[E3IMT-CSV] 15,78,31109870,5643240,0,0,1028110,0,25402340,262643376256
[E3IMT-CSV] 15,79,31324030,5789910,0,0,1061580,0,25468590,265446495816
[E3IMT-CSV] 15,80,31224660,5793160,0,0,1145190,0,25364380,268246002936
[E3IMT-CSV] 15,81,31557770,5572800,0,0,1041610,0,25917780,271051678036
[E3IMT-CSV] 15,82,31026830,5651700,0,0,1022320,0,25313330,273843765826
[E3IMT-CSV] 15,83,31200400,5765710,0,0,1055410,0,25368170,276645793776
[E3IMT-CSV] 15,84,32703440,5535220,0,0,1166250,0,27055850,279455889496
[E3IMT-CSV] 15,85,36576950,7120220,0,0,1152220,0,29200830,282476301656
[E3IMT-CSV] 15,86,36170600,7000690,0,0,1070270,0,29052020,285281835496
[E3IMT-CSV] 15,87,36107280,6997380,0,0,1161990,0,28991760,288076891116
[E3IMT-CSV] 15,88,36244590,7294650,0,0,1083560,0,28829740,290871169386
[E3IMT-CSV] 15,89,36274430,7067280,0,0,1159990,0,29085630,293673774846
[E3IMT-CSV] 15,90,36642960,7196160,0,0,1095440,0,29329820,296470066966
[E3IMT-CSV] 15,91,35333530,6825330,0,0,1062430,0,28399480,299279362276
[E3IMT-CSV] 15,92,36354870,7138920,0,0,1134940,0,28885140,302074045286
[E3IMT-CSV] 15,93,36548840,7453590,0,0,1080390,0,28963980,304878446596
[E3IMT-CSV] 15,94,35905010,7171880,0,0,1064160,0,28616680,307664502146
[E3IMT-CSV] 15,95,36402820,7265680,0,0,1239790,0,29007690,310471650116
[E3IMT-CSV] 15,96,37714670,7383870,0,0,1171300,0,30200840,313288523886
[E3IMT-CSV] 15,97,36145850,7070050,0,0,1174140,0,28965460,316074078326
[E3IMT-CSV] 15,98,36629540,7277760,0,0,1103140,0,29234470,318877252596
[E3IMT-CSV] 15,99,36382080,7162810,0,0,1253860,0,29097790,321673663576
[E3IMT-CSV] 15,100,36286400,7136880,0,0,1116100,0,28882460,324473416076
[E3IMT-CSV] 15,101,36479730,7163570,0,0,1132590,0,29201300,327274595966
[E3IMT-CSV] 15,102,36466570,7423210,0,0,1084710,0,28920890,330077390486
[E3IMT-CSV] 15,103,36257910,7014980,0,0,1164570,0,29124340,332872342606
[E3IMT-CSV] 15,104,35905050,7266360,0,0,1113060,0,28513490,335664727896
[E3IMT-CSV] 15,105,36751440,7557910,0,0,1112990,0,29062260,338477882676
[E3IMT-CSV] 15,106,36630410,7238560,0,0,1163680,0,29271820,341276425166
[E3IMT-CSV] 15,107,34012900,7921660,0,0,1151520,0,25905140,344001601976
[E3IMT-CSV] 15,108,36791810,7292310,0,0,1149510,0,29385380,346875461396
[E3IMT-CSV] 15,109,35872850,7089710,0,0,1064000,0,28660980,349667334226
[E3IMT-CSV] 15,110,41066780,8074780,0,0,1241340,0,32653020,352566124176
[E3IMT-CSV] 15,111,35250490,6723880,0,0,1123510,0,28410650,355248902126
[E3IMT-CSV] 15,112,36388660,7035570,0,0,1233200,0,29241870,358072331026
[E3IMT-CSV] 15,113,35956010,7141100,0,0,1064450,0,28699080,360866317866
[E3IMT-CSV] 15,114,36416640,7149130,0,0,1152280,0,29011750,363676496836
[E3IMT-CSV] 15,115,36003910,6568810,0,0,1259630,0,29346300,366554349226
[E3IMT-CSV] 15,116,36555270,7218910,0,0,1129230,0,29213210,369275691516
[E3IMT-CSV] 15,117,36298350,7178760,0,0,1225200,0,28998000,372071412326
[E3IMT-CSV] 15,118,36238800,7065630,0,0,1112940,0,29060260,374872084276
[E3IMT-CSV] 15,119,35516200,6822840,0,0,1066840,0,28565650,377666819016
[E3IMT-CSV] 15,120,35010420,6723840,0,0,1097710,0,28182950,380433794676
[E3IMT-CSV] 15,121,34808590,6611170,0,0,1115750,0,28103220,383262340356
[E3IMT-CSV] 15,122,35226230,6665150,0,0,1106990,0,28447220,386051473776
[E3IMT-CSV] 15,123,39537270,7584530,0,0,1265930,0,31830080,388926806916
[E3IMT-CSV] 15,124,34105700,6286190,0,0,1105440,0,27732600,391606343226
[E3IMT-CSV] 15,125,37031950,7676850,0,0,1292130,0,29248190,394461838326
[E3IMT-CSV] 15,126,33110730,6284600,0,0,1040760,0,26739330,397226187056
[E3IMT-CSV] 15,127,35542420,6824800,0,0,1128730,0,28614430,400048389046
[E3IMT-CSV] 15,128,33458590,6751130,0,0,1036050,0,26617990,402766978546
[E3IMT-CSV] 15,129,34181140,6455640,0,0,1150520,0,27632300,405660803606
[E3IMT-CSV] 15,130,36182680,7223970,0,0,1192480,0,28853180,408455245636
[E3IMT-CSV] 15,131,35828290,6668190,0,0,1288750,0,29022100,411260625976
[E3IMT-CSV] 15,132,39839300,8286240,0,0,1210530,0,31416330,414159023076
[E3IMT-CSV] 15,133,33451640,6493400,0,0,1052990,0,26870340,416836383016
[E3IMT-CSV] 15,134,37081640,7133410,0,0,1085540,0,29766160,419671781966
[E3IMT-CSV] 15,135,37514670,7721010,0,0,1080690,0,29655450,422483569036
[E3IMT-CSV] 15,136,36804950,6991780,0,0,1308560,0,29709470,425303280876
[E3IMT-CSV] 15,137,48981100,6804450,0,0,1166230,0,42092220,428251040556
[E3IMT-CSV] 15,138,45906760,9304880,0,0,1355450,0,36282710,431001334846
[E3IMT-CSV] 15,139,42139910,6449870,0,0,1135100,0,35616440,433704008136
[E3IMT-CSV] 15,140,40389540,7150300,0,0,1430320,0,33093300,436539581996
[E3IMT-CSV] 15,141,45277420,7618110,0,0,1790120,0,37546940,439362926096
[E3IMT-CSV] 15,142,39986760,8131710,0,0,1164320,0,31740670,442105722886
[E3IMT-CSV] 15,143,43732610,8346170,0,0,1251140,0,35256640,444944073616
[E3IMT-CSV] 15,144,37324470,7514460,0,0,1072720,0,29688930,447719784246
[E3IMT-CSV] 15,145,36247850,7122510,0,0,1187610,0,28905540,450451648626
[E3IMT-CSV] 15,146,36656130,7214870,0,0,1188310,0,29327180,453299699096
[E3IMT-CSV] 15,147,36353860,7172430,0,0,1204310,0,29050900,456071787206
[E3IMT-CSV] 15,148,35756180,6892520,0,0,1062120,0,28749800,458863588016
[E3IMT-CSV] 15,149,44572310,7336990,0,0,1362680,0,37157900,461747756326
[E3IMT-CSV] 15,150,36494610,7205030,0,0,1061620,0,29174810,464478504396
[E3IMT-CSV] 15,151,35258120,6777920,0,0,1067810,0,28381440,467245717876
[E3IMT-CSV] 15,152,35179540,6838070,0,0,1130280,0,28195820,470051096796
[E3IMT-CSV] 15,153,36165690,7088520,0,0,1111560,0,28960680,472869685506
[E3IMT-CSV] 15,154,30775060,5458070,0,0,1021820,0,25257170,475554509976
[E3IMT-CSV] 15,155,36202410,6765080,0,0,1047780,0,29333330,478452829916
[E3IMT-CSV] 15,156,37816390,7259820,0,0,1205690,0,30430850,481286676726
[E3IMT-CSV] 15,157,33987030,6299810,0,0,1129460,0,27597930,484016641066
[E3IMT-CSV] 15,158,38328370,7350300,0,0,1112010,0,30861810,486899471376
[E3IMT-CSV] 15,159,36487890,7152870,0,0,1220110,0,29214070,489673554826
[E3IMT-CSV] 15,160,34861580,6987930,0,0,1066140,0,27759710,492436555586
[E3IMT-CSV] 15,161,35913350,7134630,0,0,1069680,0,28662020,495262941056
[E3IMT-CSV] 15,162,36358640,7239460,0,0,1159010,0,28999030,498070897196
[E3IMT-CSV] 15,163,36613910,7178140,0,0,1230100,0,29320440,500873279866
[E3IMT-CSV] 15,164,36424720,7153100,0,0,1142140,0,29154730,503671084956
[E3IMT-CSV] 15,165,36881290,7544660,0,0,1099230,0,29210350,506479544046
[E3IMT-CSV] 15,166,36418440,7200320,0,0,1127290,0,28967050,509275172426
[E3IMT-CSV] 15,167,35667840,6866400,0,0,1193180,0,28697660,512072652996
[E3IMT-CSV] 15,168,35568340,6854950,0,0,1090450,0,28605190,514869429906
[E3IMT-CSV] 15,169,36509460,6991240,0,0,1235550,0,29405370,517670670386
[E3IMT-CSV] 15,170,39562970,8006540,0,0,1241620,0,31432220,520510347366
[E3IMT-CSV] 15,171,36048110,7134890,0,0,1127640,0,28802240,523265959646
[E3IMT-CSV] 15,172,34947830,6546730,0,0,1110480,0,28304730,526046613396
[E3IMT-CSV] 15,173,36087580,7199860,0,0,1063890,0,28774140,528866746916
[E3IMT-CSV] 15,174,35790180,7072150,0,0,1157450,0,28607640,531659224086
[E3IMT-CSV] 15,175,36285430,7033320,0,0,1093440,0,29128620,534459510756
[E3IMT-CSV] 15,176,33493220,6058930,0,0,1115260,0,27348410,537168944816
[E3IMT-CSV] 15,177,34857920,6527460,0,0,1180450,0,28228000,540070888276
[E3IMT-CSV] 15,178,36669910,7167560,0,0,1237970,0,29378250,542873655546
[E3IMT-CSV] 15,179,36488800,6920040,0,0,1176580,0,29318990,545674825296
[E3IMT-CSV] 15,180,35900460,6935460,0,0,1130390,0,28865190,548428161136
[E3IMT-CSV] 15,181,33645150,6038100,0,0,1218870,0,27518900,551171552766
[E3IMT-CSV] 15,182,40509710,7073530,0,0,1302020,0,33362380,554179487416
[E3IMT-CSV] 15,183,36259120,7083810,0,0,1115550,0,29058840,556869272676
[E3IMT-CSV] 15,184,34691680,6812000,0,0,1099320,0,27778370,559635978576
[E3IMT-CSV] 15,185,34952940,6681820,0,0,1172260,0,28168370,562445511716
[E3IMT-CSV] 15,186,36882070,7476400,0,0,1077500,0,29140360,565279216716
[E3IMT-CSV] 15,187,36496240,6933670,0,0,1122290,0,29366710,568068603696
[E3IMT-CSV] 15,188,34852010,7047110,0,0,1087640,0,27694140,570838559286
[E3IMT-CSV] 15,189,36655100,7368210,0,0,1106230,0,29172430,573682194996
[E3IMT-CSV] 15,190,35065060,6699800,0,0,1152170,0,28254590,576443467126
[E3IMT-CSV] 15,191,36577050,7275090,0,0,1154930,0,29178860,579273624746
[E3IMT-CSV] 15,192,36781820,7217990,0,0,1101940,0,29437420,582075070166
[E3IMT-CSV] 15,193,36474600,7149630,0,0,1164630,0,29201680,584872751196
[E3IMT-CSV] 15,194,36463320,7178490,0,0,1173510,0,29169760,587672747666
[E3IMT-CSV] 15,195,41610940,8417750,0,0,1111990,0,33041730,590570691786
[E3IMT-CSV] 15,196,40334900,8139240,0,0,1220000,0,31894640,593424300606
[E3IMT-CSV] 15,197,34917500,6572770,0,0,1059190,0,28119270,596039008786
[E3IMT-CSV] 15,198,36060590,7168500,0,0,1217200,0,28772830,598866303536
[E3IMT-CSV] 15,199,34608320,6564130,0,0,1118860,0,27947140,601633822246
[E3IMT-CSV] 15,200,33941810,6683310,0,0,1074050,0,27157250,604409304236
[E3IMT-CSV] 15,201,36508990,7258790,0,0,1106660,0,29125200,607272364036
[E3IMT-CSV] 15,202,35243790,6654060,0,0,1094710,0,28485740,610044650966
[E3IMT-CSV] 15,203,31200530,5579590,0,0,1080160,0,25557940,612796970586
[E3IMT-CSV] 15,204,34579700,6643620,0,0,1056760,0,27833930,615634676606
[E3IMT-CSV] 15,205,38645790,7525630,0,0,1136750,0,30886210,618457656836
[E3IMT-CSV] 15,206,36007610,7030680,0,0,1068610,0,28839860,621261719286
[E3IMT-CSV] 15,207,36566590,7267340,0,0,1086290,0,29174660,624073632206
[E3IMT-CSV] 15,208,36536430,7283820,0,0,1248100,0,29125830,626870599616
[E3IMT-CSV] 15,209,36569560,7395910,0,0,1121840,0,29051180,629673539166
[E3IMT-CSV] 15,210,37685540,7702620,0,0,1112310,0,29847450,632495302236
[E3IMT-CSV] 15,211,36887310,7436630,0,0,1102960,0,29316850,635273478496
[E3IMT-CSV] 15,212,34645570,7354370,0,0,1015380,0,27162560,638055584196
[E3IMT-CSV] 15,213,36497690,7166460,0,0,1262060,0,29209960,640872009706
[E3IMT-CSV] 15,214,36635150,7105080,0,0,1228680,0,29416080,643671439896
[E3IMT-CSV] 15,215,35546680,7011420,0,0,1135750,0,28418440,646455716866
[E3IMT-CSV] 15,216,36754170,7218880,0,0,1083500,0,29268040,649274788766
[E3IMT-CSV] 15,217,35756890,6845890,0,0,1111580,0,28806360,652056969866
[E3IMT-CSV] 15,218,36293470,6938620,0,0,1173290,0,29101810,654871554756
[E3IMT-CSV] 15,219,36446330,7076350,0,0,1183120,0,29250080,657671472216
[E3IMT-CSV] 15,220,36482710,7276710,0,0,1078400,0,29080940,660476385026
[E3IMT-CSV] 15,221,36211340,7159010,0,0,1123380,0,28935580,663278740836
[E3IMT-CSV] 15,222,46424140,8513660,0,0,1187560,0,37765490,666214204186
[E3IMT-CSV] 15,223,36191710,7204990,0,0,1123530,0,28865800,668867614826
[E3IMT-CSV] 15,224,34159970,6658140,0,0,1058070,0,27407700,671625088426
[E3IMT-CSV] 15,225,31693550,5667440,0,0,1157950,0,25956190,674513805846
[E3IMT-CSV] 15,226,44129550,8574000,0,0,1141150,0,35405640,677384717896
[E3IMT-CSV] 15,227,36065990,7075250,0,0,1136190,0,28877380,680065486276
[E3IMT-CSV] 15,228,38460450,7758180,0,0,1078950,0,30571920,682946575506
[E3IMT-CSV] 15,229,36508500,7051280,0,0,1296330,0,29342920,685669855506
[E3IMT-CSV] 15,230,37125800,7484950,0,0,1177970,0,29514220,688484085046
[E3IMT-CSV] 15,231,36292750,7185420,0,0,1108750,0,28976420,691268319856
[E3IMT-CSV] 15,232,30740620,5333970,0,0,1024040,0,25346870,693922662876
[E3IMT-CSV] 15,233,36340240,7015810,0,0,1127250,0,29060890,696882742306
[E3IMT-CSV] 15,234,35904170,7032990,0,0,1116390,0,28760670,699664489416
[E3IMT-CSV] 15,235,35750060,7014500,0,0,1061360,0,28623060,702455743636
[E3IMT-CSV] 15,236,33707220,6418730,0,0,1051440,0,27198760,705239113836
[E3IMT-CSV] 15,237,35749450,6934060,0,0,1116710,0,28711570,708071479756
[E3IMT-CSV] 15,238,35278470,6953860,0,0,1107680,0,28217180,710879421136
[E3IMT-CSV] 15,239,36526380,7073600,0,0,1114610,0,29332650,713668292966
[E3IMT-CSV] 15,240,36099760,6729480,0,0,1129510,0,29140130,716477996536
[E3IMT-CSV] 15,241,35593970,6973900,0,0,1235440,0,28471630,719255258046
[E3IMT-CSV] 15,242,35904460,7082660,0,0,1121200,0,28708340,722062723776
[E3IMT-CSV] 15,243,36745240,6991350,0,0,1061920,0,29644470,724875522226
[E3IMT-CSV] 15,244,36172300,7141850,0,0,1161550,0,28911960,727673805436
[E3IMT-CSV] 15,245,34943000,6621860,0,0,1122830,0,28223250,730421210556
[E3IMT-CSV] 15,246,34243680,6328280,0,0,1045320,0,27754120,733196549816
[E3IMT-CSV] 15,247,35125570,6721080,0,0,1198330,0,28181500,736068056526
[E3IMT-CSV] 15,248,36397220,7081180,0,0,1174740,0,29199900,738884761376
[E3IMT-CSV] 15,249,36403360,7075870,0,0,1168530,0,29205910,741683704746
[E3IMT-CSV] 15,250,35748230,7191290,0,0,1109620,0,28402330,744469449666
[E3IMT-CSV] 15,251,35322220,7201560,0,0,1178460,0,27999350,747264820366
[E3IMT-CSV] 15,252,36465930,7212470,0,0,1078410,0,29137000,750062559786
[E3IMT-CSV] 15,253,36315790,7250180,0,0,1285010,0,28949290,752881880656
[E3IMT-CSV] 15,254,36439190,7094670,0,0,1259220,0,29225250,755669407866
[E3IMT-CSV] 15,255,35609360,6948420,0,0,1155410,0,28554610,758449690436
[E3IMT-CSV] 15,256,36119260,7278210,0,0,1133880,0,28731540,761276963736
[E3IMT-CSV] 15,257,36050370,7236430,0,0,1133790,0,28699200,764064569736
[E3IMT-CSV] 15,258,36225210,7068340,0,0,1100150,0,29034710,766862897196
[E3IMT-CSV] 15,259,35773380,7095570,0,0,1108980,0,28555030,769670645006
[E3IMT-CSV] 15,260,36163830,7340180,0,0,1076720,0,28705610,772473164856
[E3IMT-CSV] 15,261,36824490,7317590,0,0,1075230,0,29381100,775274651936
[E3IMT-CSV] 15,262,34638820,6317150,0,0,1138600,0,28229010,778024743266
[E3IMT-CSV] 15,263,36482870,7256290,0,0,1150210,0,29106560,780881219856
[E3IMT-CSV] 15,264,38808420,7345990,0,0,1154110,0,31348790,783686942506
[E3IMT-CSV] 15,265,33355320,6200950,0,0,1216080,0,27063330,786384244396
[E3IMT-CSV] 15,266,36411230,7195550,0,0,1059830,0,29100580,789291359666
[E3IMT-CSV] 15,267,35659110,7048950,0,0,1166060,0,28508500,792066266726
[E3IMT-CSV] 15,268,36252010,7392110,0,0,1236020,0,28731220,794878848856
[E3IMT-CSV] 15,269,36075500,7384750,0,0,1071230,0,28571900,797663071886
[E3IMT-CSV] 15,270,36951660,7580930,0,0,1091240,0,29110300,800487100026
[E3IMT-CSV] 15,271,37233610,7646570,0,0,1141570,0,29464690,803291067396
[E3IMT-CSV] 15,272,35914380,7168690,0,0,1198510,0,28627320,806081121026
[E3IMT-CSV] 15,273,36278110,7308410,0,0,1061320,0,28845220,808887161986
[E3IMT-CSV] 15,274,36544620,7423000,0,0,1159400,0,29003400,811685256146
[E3IMT-CSV] 15,275,36182440,7307800,0,0,1058550,0,28760610,814475896996
[E3IMT-CSV] 15,276,36132010,6842140,0,0,1122030,0,29177870,817281926946
[E3IMT-CSV] 15,277,35625210,6910350,0,0,1071480,0,28606960,820068067986
[E3IMT-CSV] 15,278,35924890,7017770,0,0,1077220,0,28796470,822861280986
[E3IMT-CSV] 15,279,34624650,6694860,0,0,1068110,0,27823640,825651479316
[E3IMT-CSV] 15,280,34310320,6444480,0,0,1159260,0,27777000,828433718646
[E3IMT-CSV] 15,281,35873820,6872090,0,0,1096510,0,28905340,831291632006
[E3IMT-CSV] 15,282,36095890,7325440,0,0,1117670,0,28571920,834078534436
[E3IMT-CSV] 15,283,36874110,7499820,0,0,1186340,0,29252210,836883985276
[E3IMT-CSV] 15,284,36121930,7141270,0,0,1087310,0,28863230,839675706426
[E3IMT-CSV] 15,285,36208260,7078400,0,0,1186440,0,29013200,842477872006
[E3IMT-CSV] 15,286,36826320,7775300,0,0,1068510,0,28927760,845288602926
[E3IMT-CSV] 15,287,35939010,7274620,0,0,1111760,0,28531130,848074474316
[E3IMT-CSV] 15,288,37533130,7252940,0,0,1210960,0,30160130,850839194336
[E3IMT-CSV] 15,289,35746910,7190780,0,0,1114230,0,28448890,853671312526
[E3IMT-CSV] 15,290,34968040,6819620,0,0,1113300,0,28040260,856460189576
[E3IMT-CSV] 15,291,36203120,7163330,0,0,1179880,0,28899270,859282010206
[E3IMT-CSV] 15,292,34757180,6706600,0,0,1100140,0,27950380,862051812966
[E3IMT-CSV] 15,293,34948340,6856330,0,0,1102310,0,27991650,864850044606
[E3IMT-CSV] 15,294,35686030,6770370,0,0,1178740,0,28694730,867683477016
[E3IMT-CSV] 15,295,35231350,6863470,0,0,1147890,0,28263930,870449828516
[E3IMT-CSV] 15,296,35598600,6822660,0,0,1130600,0,28667250,873266593506
[E3IMT-CSV] 15,297,36649790,7531730,0,0,1111390,0,29002510,876086094206
[E3IMT-CSV] 15,298,31111050,5359490,0,0,1090850,0,25688650,878841263516
[E3IMT-CSV] 15,299,31184840,5563070,0,0,1077250,0,25559290,881559295456
[E3IMT-CSV] 15,300,46683820,7661780,0,0,1201340,0,38884710,884613829216
[E3IMT-CSV] 15,301,37002120,7574730,0,0,1062210,0,29300530,887288475086
[E3IMT-CSV] 15,302,46047700,8461080,0,0,1277380,0,37448920,890220035226
[E3IMT-CSV] 15,303,41379710,6605870,0,0,1136900,0,34703770,892958508236
[E3IMT-CSV] 15,304,33146540,7461780,0,0,1036200,0,25548930,895637804916
[E3IMT-CSV] 15,305,32411490,6643870,0,0,1032640,0,25638000,898529857986
[E3IMT-CSV] 15,306,36594530,7232730,0,0,1242180,0,29238860,901225194096
[E3IMT-CSV] 15,307,31025250,5640550,0,0,1035930,0,25261620,904017545616
[E3IMT-CSV] 15,308,36736730,7235660,0,0,1145170,0,29379560,906884211336
[E3IMT-CSV] 15,309,36473010,7198720,0,0,1262030,0,29162100,909682511716
[E3IMT-CSV] 15,310,32763730,5777470,0,0,1054790,0,26874040,912466875456
[E3IMT-CSV] 15,311,36458150,7197280,0,0,1120290,0,29138580,915283750056
[E3IMT-CSV] 15,312,36299010,7201580,0,0,1251420,0,28978290,918081769096
[E3IMT-CSV] 15,313,36470600,7177340,0,0,1206210,0,29175730,920882305996
[E3IMT-CSV] 15,314,31122080,5567760,0,0,1024470,0,25494290,923661194496
[E3IMT-CSV] 15,315,36325550,7322930,0,0,1067890,0,28876200,926486459606
[E3IMT-CSV] 15,316,36450940,7104350,0,0,1184840,0,29086450,929283900996
[E3IMT-CSV] 15,317,37911520,7419590,0,0,1247090,0,30227760,932097218626
[E3IMT-CSV] 15,318,36438470,7133920,0,0,1230320,0,29189820,934881477856
[E3IMT-CSV] 15,319,36363540,7081200,0,0,1256590,0,29168870,937682302016
[E3IMT-CSV] 15,320,36481120,7305490,0,0,1066160,0,29047460,940487574536
[E3IMT-CSV] 15,321,31379370,5596130,0,0,1069150,0,25720020,943247438586
[E3IMT-CSV] 15,322,35487390,6908960,0,0,1168650,0,28469830,946065723796
[E3IMT-CSV] 15,323,36039970,7234510,0,0,1086110,0,28694970,948877542196
[E3IMT-CSV] 15,324,36336580,7164170,0,0,1195510,0,29051600,951681279376
[E3IMT-CSV] 15,325,39433810,7561720,0,0,1148170,0,31601030,954523240606
[E3IMT-CSV] 15,326,38518710,8103820,0,0,1110420,0,30284100,957357358686
[E3IMT-CSV] 15,327,36470780,7065390,0,0,1215670,0,29293350,960082751496
[E3IMT-CSV] 15,328,36586210,7136570,0,0,1070410,0,29337100,962878250856
[E3IMT-CSV] 15,329,36947870,7439820,0,0,1074820,0,29393050,965687109096
[E3IMT-CSV] 15,330,41143290,8502890,0,0,1147620,0,32504230,968637220396
[E3IMT-CSV] 15,331,34343650,6135100,0,0,1238250,0,28100450,971155351866
[E3IMT-CSV] 15,332,36624980,7396010,0,0,1102190,0,28956340,974086840676
[E3IMT-CSV] 15,333,35976370,7027120,0,0,1062200,0,28831720,976873208686
[E3IMT-CSV] 15,334,36825910,7406920,0,0,1126000,0,29296980,979684676116
[E3IMT-CSV] 15,335,36328260,7366390,0,0,1115350,0,28838200,982483278676
[E3IMT-CSV] 15,336,37125660,6567180,0,0,1267500,0,30489500,985213860576
[E3IMT-CSV] 15,337,35145880,6844720,0,0,1055320,0,28195840,988059094746
[E3IMT-CSV] 15,338,35564910,6923930,0,0,1158410,0,28523400,990880587736
[E3IMT-CSV] 15,339,36400930,7099860,0,0,1132540,0,29192990,993681139086
[E3IMT-CSV] 15,340,33592110,6511410,0,0,1047920,0,26977690,996420422646
[E3IMT-CSV] 15,341,36790060,7373530,0,0,1067980,0,29157610,999286626846
[E3IMT-CSV] 15,342,36614790,7319780,0,0,1073910,0,29028190,1002083657366
[E3IMT-CSV] 15,343,36034970,7203360,0,0,1076000,0,28709950,1004872097456
[E3IMT-CSV] 15,344,36645230,7430750,0,0,1122300,0,29092820,1007685193206
[E3IMT-CSV] 15,345,36569080,6618850,0,0,1118950,0,29845720,1010549223616
[E3IMT-CSV] 15,346,42623360,6835220,0,0,1250100,0,35694610,1013426781826
[E3IMT-CSV] 15,347,36220440,7092570,0,0,1156230,0,29014070,1016078798036
[E3IMT-CSV] 15,348,36697610,7249000,0,0,1161830,0,29336750,1018882281846
[E3IMT-CSV] 15,349,44077450,8719300,0,0,1368900,0,35216830,1021848068726
[E3IMT-CSV] 15,350,43754630,8186360,0,0,1281220,0,35437450,1024504622056
[E3IMT-CSV] 15,351,36357530,7172640,0,0,1269460,0,29071110,1027281638406
[E3IMT-CSV] 15,352,39517890,7965380,0,0,1099360,0,31420500,1030137866916
[E3IMT-CSV] 15,353,36673980,7169330,0,0,1156650,0,29385450,1032881717126
[E3IMT-CSV] 15,354,38797530,7610590,0,0,1201240,0,31054030,1035722929866
[E3IMT-CSV] 15,355,43151850,8464830,0,0,1178030,0,34550300,1038619326286
[E3IMT-CSV] 15,356,36169770,7363520,0,0,1128620,0,28690420,1041280224416
[E3IMT-CSV] 15,357,36130110,7135320,0,0,1082500,0,28878420,1044079051196
[E3IMT-CSV] 15,358,36316110,7048810,0,0,1283600,0,29153500,1046879926526
[E3IMT-CSV] 15,359,39472290,8139280,0,0,1105890,0,31197530,1049807225336
[E3IMT-CSV] 15,360,33607880,7680800,0,0,1041610,0,25792270,1052520361126
[E3IMT-CSV] 15,361,36617920,7231540,0,0,1147420,0,29261240,1055290609846
[E3IMT-CSV] 15,362,36937350,7378900,0,0,1074920,0,29432060,1058098905856
[E3IMT-CSV] 15,363,36153340,7197470,0,0,1192490,0,28826580,1060877700226
[E3IMT-CSV] 15,364,43898360,8258180,0,0,1181060,0,35508440,1063788523826
[E3IMT-CSV] 15,365,35086830,6684140,0,0,1185850,0,28283440,1066453857176
[E3IMT-CSV] 15,366,36619690,7213240,0,0,1091450,0,29158000,1069283782686
[E3IMT-CSV] 15,367,33850210,6380520,0,0,1135760,0,27374480,1072023074696
[E3IMT-CSV] 15,368,31519300,5697410,0,0,1077020,0,25756220,1074765538466
[E3IMT-CSV] 15,369,45823200,9204270,0,0,1365990,0,36474500,1077850974116
[E3IMT-CSV] 15,370,37023520,7767660,0,0,1110210,0,29113840,1080487659046
[E3IMT-CSV] 15,371,36712040,7316140,0,0,1168370,0,29263410,1083281430976
[E3IMT-CSV] 15,372,33384530,6434710,0,0,1091140,0,26692150,1086038685436
[E3IMT-CSV] 15,373,36320660,7328140,0,0,1066080,0,28870720,1088884843776
[E3IMT-CSV] 15,374,35388700,6718140,0,0,1215140,0,28567140,1091666726316
[E3IMT-CSV] 15,375,35878650,7121060,0,0,1184570,0,28635140,1094464896806
[E3IMT-CSV] 15,376,34608670,6765350,0,0,1056220,0,27730210,1097243967766
[E3IMT-CSV] 15,377,36501650,7223470,0,0,1248320,0,29159380,1100078072086
[E3IMT-CSV] 15,378,36169470,7280720,0,0,1092230,0,28783260,1102871736156
[E3IMT-CSV] 15,379,35257000,6630550,0,0,1058890,0,28522120,1105656554786
[E3IMT-CSV] 15,380,36785480,7579240,0,0,1063920,0,29084940,1108486348826
[E3IMT-CSV] 15,381,36966800,7533670,0,0,1121580,0,29315070,1111281113826
[E3IMT-CSV] 15,382,35390690,7068990,0,0,1116470,0,28199030,1114061397976
[E3IMT-CSV] 15,383,36536310,7208360,0,0,1168080,0,29164320,1116877175986
[E3IMT-CSV] 15,384,36107480,7382800,0,0,1183800,0,28601600,1119674777346
[E3IMT-CSV] 15,385,35910800,7168100,0,0,1109330,0,28627750,1122465967196
[E3IMT-CSV] 15,386,36147070,7119340,0,0,1179080,0,28913370,1125287453556
[E3IMT-CSV] 15,387,36767530,7336480,0,0,1200890,0,29313730,1128081808816
[E3IMT-CSV] 15,388,36708570,7020190,0,0,1231440,0,29565390,1130878549166
[E3IMT-CSV] 15,389,36484700,7543290,0,0,1173850,0,28828450,1133675471186
[E3IMT-CSV] 15,390,36952060,7529500,0,0,1082210,0,29299620,1136485508566
[E3IMT-CSV] 15,391,37066520,7701880,0,0,1147550,0,29240460,1139285481286
[E3IMT-CSV] 15,392,39060850,7781130,0,0,1091900,0,31161410,1142112879036
[E3IMT-CSV] 15,393,36448800,7377650,0,0,1133960,0,28952870,1144876629206
[E3IMT-CSV] 15,394,33350310,5786800,0,0,1198720,0,27501790,1147597283176
[E3IMT-CSV] 15,395,33938840,6719670,0,0,1091240,0,27123410,1150432017466
[E3IMT-CSV] 15,396,36939910,7514740,0,0,1081030,0,29304700,1153283366156
[E3IMT-CSV] 15,397,35384780,6639980,0,0,1167320,0,28514550,1156053187296
[E3IMT-CSV] 15,398,36643600,7157070,0,0,1260740,0,29364030,1158878672966
[E3IMT-CSV] 15,399,36773520,7275600,0,0,1199870,0,29371430,1161682234696
[E3IMT-CSV] 15,400,36908630,7497730,0,0,1070660,0,29292320,1164483631546
[E3IMT-CSV] 15,401,37505460,7395970,0,0,1067620,0,29988740,1167295428226
[E3IMT-CSV] 15,402,36786690,7379990,0,0,1139410,0,29279350,1170080942576
[E3IMT-CSV] 15,403,36710360,7258320,0,0,1264120,0,29337020,1172880831446
[E3IMT-CSV] 15,404,36492840,7105670,0,0,1124820,0,29272230,1175676364416
[E3IMT-CSV] 15,405,34857980,6737010,0,0,1247180,0,28018820,1178436910526
[E3IMT-CSV] 15,406,37388630,7083650,0,0,1221300,0,30187290,1181314953066
[E3IMT-CSV] 15,407,36993040,7408090,0,0,1147300,0,29455950,1184082071016
[E3IMT-CSV] 15,408,36679550,7277500,0,0,1205120,0,29275820,1186880238156
[E3IMT-CSV] 15,409,36455890,7341950,0,0,1100230,0,29000990,1189674286146
[E3IMT-CSV] 15,410,33241890,6228230,0,0,1064870,0,26915070,1192379674906
[E3IMT-CSV] 15,411,36711480,7497860,0,0,1080720,0,29088230,1195281015246
[E3IMT-CSV] 15,412,35333540,6787240,0,0,1099140,0,28448130,1198050824956
[E3IMT-CSV] 15,413,33756960,6108540,0,0,1141000,0,27559350,1200807792346
[E3IMT-CSV] 15,414,35461460,6970000,0,0,1061490,0,28384380,1203662577726
[E3IMT-CSV] 15,415,33224590,6152860,0,0,1101930,0,26982440,1206425716906
[E3IMT-CSV] 15,416,35908760,7090020,0,0,1088960,0,28695170,1209286730416
[E3IMT-CSV] 15,417,35890610,7077420,0,0,1105040,0,28691910,1212072171226
[E3IMT-CSV] 15,418,36266850,7245300,0,0,1218130,0,28885550,1214878251076
[E3IMT-CSV] 15,419,35772210,6905700,0,0,1161850,0,28692810,1217664042006
[E3IMT-CSV] 15,420,36744230,7506650,0,0,1135510,0,29116090,1220483740976
[E3IMT-CSV] 15,421,35912960,6950320,0,0,1125530,0,28857190,1223275041906
[E3IMT-CSV] 15,422,35251320,6772970,0,0,1116910,0,28367420,1226064604296
[E3IMT-CSV] 15,423,36560840,7228020,0,0,1271970,0,29223020,1228877196286
[E3IMT-CSV] 15,424,37043120,7576260,0,0,1073150,0,29349580,1231682871316
[E3IMT-CSV] 15,425,48500660,9797910,0,0,1253560,0,38551860,1234649628306
[E3IMT-CSV] 15,426,37241280,7775990,0,0,1075430,0,29339810,1237286109696
[E3IMT-CSV] 15,427,35213460,6938190,0,0,1107160,0,28164170,1240057505596
[E3IMT-CSV] 15,428,36202680,7313370,0,0,1108510,0,28781710,1242884829646
[E3IMT-CSV] 15,429,35949840,7091580,0,0,1271950,0,28742990,1245664006566
[E3IMT-CSV] 15,430,35717580,7094160,0,0,1181140,0,28389130,1248467855096
[E3IMT-CSV] 15,431,37848520,7959500,0,0,1149150,0,29770190,1251289588566
[E3IMT-CSV] 15,432,37068480,7911810,0,0,1067940,0,29036860,1254087550926
[E3IMT-CSV] 15,433,36744980,7409660,0,0,1403580,0,29223820,1256876973236
[E3IMT-CSV] 15,434,35085630,7028600,0,0,1094820,0,27916210,1259671552526
[E3IMT-CSV] 15,435,49379200,9407130,0,0,1361710,0,39825520,1262628054596
[E3IMT-CSV] 15,436,37615730,7845610,0,0,1166790,0,29644140,1265285915596
[E3IMT-CSV] 15,437,36470640,6525990,0,0,1111340,0,29849690,1268204165376
[E3IMT-CSV] 15,438,36979330,7464440,0,0,1130570,0,29394900,1270877163676
[E3IMT-CSV] 15,439,46768820,8729660,0,0,1175300,0,37898290,1273824371286
[E3IMT-CSV] 15,440,34348110,6622190,0,0,1350830,0,27648800,1276459448586
[E3IMT-CSV] 15,441,37213620,7649760,0,0,1194630,0,29440950,1279285281426
[E3IMT-CSV] 15,442,40159960,7059700,0,0,1169530,0,32992380,1282106856416
[E3IMT-CSV] 15,443,35485860,6883390,0,0,1189600,0,28484560,1284850709176
[E3IMT-CSV] 15,444,36321660,7272850,0,0,1068450,0,28921020,1287667547486
[E3IMT-CSV] 15,445,38697340,8012120,0,0,1183830,0,30281010,1290522867806
[E3IMT-CSV] 15,446,36923820,7609730,0,0,1065060,0,29185960,1293282796656
[E3IMT-CSV] 15,447,37233110,7631810,0,0,1072540,0,29474170,1296083869776
[E3IMT-CSV] 15,448,35405420,6934080,0,0,1193590,0,28360380,1298862431056
[E3IMT-CSV] 15,449,30922880,5533600,0,0,1035880,0,25325940,1301518792356
[E3IMT-CSV] 15,450,36319110,7775480,0,0,1063330,0,28420540,1304474581176
[E3IMT-CSV] 15,451,35496550,6698310,0,0,1168010,0,28559130,1307263967606
[E3IMT-CSV] 15,452,36207390,7251070,0,0,1091400,0,28837160,1310070046346
[E3IMT-CSV] 15,453,37488870,7542080,0,0,1154690,0,29812480,1312889811296
[E3IMT-CSV] 15,454,36344940,7310430,0,0,1198460,0,28914080,1315675281166
[E3IMT-CSV] 15,455,37700810,7850970,0,0,1065220,0,29720320,1318511468796
[E3IMT-CSV] 15,456,46228330,7936420,0,0,1232550,0,38164760,1321398122376
[E3IMT-CSV] 15,457,35744480,7023740,0,0,1150530,0,28612480,1324055965356
[E3IMT-CSV] 15,458,36844170,7372730,0,0,1132100,0,29347000,1326874318706
[E3IMT-CSV] 15,459,45127070,8713410,0,0,1217590,0,36232200,1329796006116
[E3IMT-CSV] 15,460,34545750,5944040,0,0,1198620,0,28531350,1332292492016
[E3IMT-CSV] 15,461,35645420,6955600,0,0,1096720,0,28576690,1335258462706
[E3IMT-CSV] 15,462,37015770,8322860,0,0,1053650,0,28528510,1338084056236
[E3IMT-CSV] 15,463,36320540,7059220,0,0,1062290,0,29139560,1340873416536
[E3IMT-CSV] 15,464,43543460,7662850,0,0,1334170,0,35773710,1343749880416
[E3IMT-CSV] 15,465,35839830,7019400,0,0,1171350,0,28693840,1346466532446
[E3IMT-CSV] 15,466,34964380,7024050,0,0,1090900,0,27740620,1349245651456
[E3IMT-CSV] 15,467,36939480,7496660,0,0,1059340,0,29181640,1352085268706
[E3IMT-CSV] 15,468,40639820,8129730,0,0,1141000,0,32366270,1354941929306
[E3IMT-CSV] 15,469,38358960,7815430,0,0,1158140,0,30434940,1357663779626
[E3IMT-CSV] 15,470,47451970,9261830,0,0,1222810,0,38040420,1360660526746
[E3IMT-CSV] 15,471,36424540,7402690,0,0,1116160,0,28900690,1363281967156
[E3IMT-CSV] 15,472,34878580,6753800,0,0,1094130,0,27993060,1366054093886
[E3IMT-CSV] 15,473,37014780,7554600,0,0,1065850,0,29339800,1368883646486
[E3IMT-CSV] 15,474,40858080,8267070,0,0,1204650,0,32447850,1371747612306
[E3IMT-CSV] 15,475,37790110,7470090,0,0,1242950,0,30183310,1374517934716
[E3IMT-CSV] 15,476,37274830,7787810,0,0,1065930,0,29353500,1377287811716
[E3IMT-CSV] 15,477,36488570,7287450,0,0,1141150,0,29078720,1380088149846
[E3IMT-CSV] 15,478,37078600,7753050,0,0,1098090,0,29196080,1382884441846
[E3IMT-CSV] 15,479,35509520,6788650,0,0,1119650,0,28573010,1385649410756
[E3IMT-CSV] 15,480,35751190,6884670,0,0,1096200,0,28753430,1388456244026
[E3IMT-CSV] 15,481,51091900,9914090,0,0,1313660,0,41015460,1391484190016
[E3IMT-CSV] 15,482,39892030,7888520,0,0,1211460,0,31869560,1394131342596
[E3IMT-CSV] 15,483,40947050,8625070,0,0,1202200,0,32182060,1397035144506
[E3IMT-CSV] 15,484,38381980,7875850,0,0,1151110,0,30367830,1399709507076
[E3IMT-CSV] 15,485,36734600,7274580,0,0,1127120,0,29327060,1402477824836
[E3IMT-CSV] 15,486,36811030,7515260,0,0,1125430,0,29171840,1405276391956
[E3IMT-CSV] 15,487,37456520,6345970,0,0,1663410,0,30999610,1407982252416
[E3IMT-CSV] 15,488,46092630,8808430,0,0,1207510,0,37143650,1411116039306
[E3IMT-CSV] 15,489,37704310,6234670,0,0,1096000,0,31361380,1413624809516
[E3IMT-CSV] 15,490,37028410,7639900,0,0,1063980,0,29264300,1416481416726
[E3IMT-CSV] 15,491,37097980,7510940,0,0,1087990,0,29464480,1419280093206
[E3IMT-CSV] 15,492,35741590,6904130,0,0,1293170,0,28720810,1422045133476
[E3IMT-CSV] 15,493,35972580,7222590,0,0,1060340,0,28630430,1424866810716
[E3IMT-CSV] 15,494,46698440,7908820,0,0,1305740,0,38651650,1427808925046
[E3IMT-CSV] 15,495,34830080,5836100,0,0,1090500,0,28923110,1430431884586
[E3IMT-CSV] 15,496,32174890,6182460,0,0,1226000,0,25927990,1433131219606
[E3IMT-CSV] 15,497,41847340,8420740,0,0,1197400,0,33082590,1436221600846
[E3IMT-CSV] 15,498,44417870,8447300,0,0,1161790,0,35831370,1438992867396
[E3IMT-CSV] 15,499,37136420,7575550,0,0,1054630,0,29437260,1441682867836
[E3IMT-SUMMARY] chain_len=15 e2e_avg=36670651 publish_avg=7118365 gc_trigger_avg=0 invoke_cb_avg=0 getnext_avg=1142399 take_data_avg=0 sched_avg=29424159 dispatch_avg=743077183476

*** FATAL ***
fatal source: 9 (RTEMS_FATAL_SOURCE_EXCEPTION)

R0   = 0x01596b88 R8  = 0x00000000
R1   = 0x00000000 R9  = 0x00000000
R2   = 0x00000010 R10 = 0x00000000
R3   = 0x01596c88 R11 = 0x00000000
R4   = 0x00c00c88 R12 = 0x01596c88
R5   = 0x0030e0e9 SP  = 0x01596b78
R6   = 0x00000000 LR  = 0x00000000
R7   = 0x01596b78 PC  = 0x0030e170
CPSR = 0x600d0173 VEC = 0x00000001
FPEXC = 0x40000000
FPSCR = 0x60000010
D00 = 0x0000000000000000
D01 = 0x0000000000000001
D02 = 0x000800020100007f
D03 = 0x0000000000000014
D04 = 0x00000c3f00040058
D05 = 0x0000000200080062
D06 = 0x0010002c0000002f
D07 = 0x0000000000000800
D08 = 0x0000000000000000
D09 = 0x0000000000000000
D10 = 0x0000000000000000
D11 = 0x0000000000000000
D12 = 0x0000000000000000
D13 = 0x0000000000000000
D14 = 0x0000000000000000
D15 = 0x0000000000000000
D16 = 0x0000000000000000
D17 = 0x0000000000000000
D18 = 0x0000000000000000
D19 = 0x0000000000000000
D20 = 0x00abe33400abe320
D21 = 0x00abe36400abe348
D22 = 0x00abe27c00abe26c
D23 = 0x00abe29c00abe28c
D24 = 0x00abe23c00abe22c
D25 = 0x00abe25c00abe24c
D26 = 0x00abe1c800abe1a0
D27 = 0x00abe20800abe1ec
D28 = 0x00abe14800abe118
D29 = 0x00abe18000abe164
D30 = 0x00abe60000abe600
D31 = 0x00abe10c00abe100
RTEMS version: 6.1.0.not-released
RTEMS tools: 13.3.0 20240521 (RTEMS 6, RSB no-repo, Newlib 1b3dcfd)
executing thread ID: 0x0a010001
executing thread name: UI1 

