
RTEMS Shell on /dev/console. Use 'help' to list commands.
SHLL [/] # nexus0: <RTEMS Nexus device>
info: lo0: link state changed to UP
=== Exp3inter-Picas: Task Chain (n=2) SingleThreadedExecutor+PiCAS ===
Period: 200ms, Rounds: 500
[E3IP-CSV] chain_len,round,e2e_ns,publish_ns,gc_trigger_ns,invoke_cb_ns,getnext_ns,take_data_ns,sched_ns,dispatch_ns
666666
CPP Msg not nullptr
CPP Msg not nullptr
CPP Msg not nullptr
CPP Msg not nullptr
C Msg not NULL
C Msg not NULL
CPP Srv not nullptr
CPP Srv not nullptr
CPP Srv not nullptr
CPP Srv not nullptr
CPP Srv not nullptr
CPP Srv not nullptr
CPP Msg not nullptr
CPP Msg not nullptr
CPP Msg not nullptr
CPP Msg not nullptr
CPP Msg not nullptr
CPP Msg not nullptr
C Msg not NULL
C Msg not NULL
CPP Srv not nullptr
CPP Srv not nullptr
CPP Srv not nullptr
CPP Srv not nullptr
CPP Srv not nullptr
CPP Srv not nullptr
CPP Msg not nullptr
CPP Msg not nullptr
CPP Msg not nullptr
CPP Msg not nullptr
CPP Msg not nullptr
CPP Msg not nullptr
[0m[INFO] [0567993600.630003989] [rclcpp]: Singlethreadedexecutor spin: in Thread ID 167837697[0m
[E3IP-CSV] 2,0,15593210,12895590,0,0,0,0,1952050,0
[E3IP-CSV] 2,1,1810610,722590,0,0,0,0,1058820,0
[E3IP-CSV] 2,2,8571800,2642270,0,0,0,0,5841040,0
[E3IP-CSV] 2,3,8531640,2600290,0,0,0,0,5840830,0
[E3IP-CSV] 2,4,8259870,2551230,0,0,0,0,5624740,0
[E3IP-CSV] 2,5,5997090,2520270,0,0,0,0,3394720,0
[E3IP-CSV] 2,6,8526610,2638970,0,0,0,0,5799930,0
[E3IP-CSV] 2,7,8111210,2518750,0,0,0,0,5511500,0
[E3IP-CSV] 2,8,8152530,2523440,0,0,0,0,5543500,0
[E3IP-CSV] 2,9,8110340,2528500,0,0,0,0,5498930,0
[E3IP-CSV] 2,10,8181400,2507920,0,0,0,0,5591330,0
[E3IP-CSV] 2,11,8356180,2589130,0,0,0,0,5674750,0
[E3IP-CSV] 2,12,8014670,2470490,0,0,0,0,5466370,0
[E3IP-CSV] 2,13,8205780,2520860,0,0,0,0,5600670,0
[E3IP-CSV] 2,14,8476950,2612390,0,0,0,0,5778360,0
[E3IP-CSV] 2,15,8382680,2751110,0,0,0,0,5554900,0
[E3IP-CSV] 2,16,5928880,2215770,0,0,0,0,3623300,0
[E3IP-CSV] 2,17,6938820,2586810,0,0,0,0,4264510,0
[E3IP-CSV] 2,18,8437400,2588040,0,0,0,0,5763460,0
[E3IP-CSV] 2,19,8504800,2571240,0,0,0,0,5849060,0
[E3IP-CSV] 2,20,9998820,2818420,0,0,0,0,7095310,0
[E3IP-CSV] 2,21,4370500,1698160,0,0,0,0,2609570,0
[E3IP-CSV] 2,22,8610080,2614870,0,0,0,0,5888590,0
[E3IP-CSV] 2,23,8572160,2610560,0,0,0,0,5870850,0
[E3IP-CSV] 2,24,8597640,2639040,0,0,0,0,5869400,0
[E3IP-CSV] 2,25,8610950,2640080,0,0,0,0,5882040,0
[E3IP-CSV] 2,26,6573110,2456950,0,0,0,0,4028790,0
[E3IP-CSV] 2,27,8715700,2649220,0,0,0,0,5976420,0
[E3IP-CSV] 2,28,8578950,2665580,0,0,0,0,5829570,0
[E3IP-CSV] 2,29,8555950,2604390,0,0,0,0,5867090,0
[E3IP-CSV] 2,30,8499310,2594190,0,0,0,0,5821710,0
[E3IP-CSV] 2,31,2364220,1238220,0,0,0,0,1040850,0
[E3IP-CSV] 2,32,8565960,2664330,0,0,0,0,5815190,0
[E3IP-CSV] 2,33,8164580,2500550,0,0,0,0,5583930,0
[E3IP-CSV] 2,34,7279290,2586880,0,0,0,0,4606820,0
[E3IP-CSV] 2,35,8285600,2579760,0,0,0,0,5623970,0
[E3IP-CSV] 2,36,3311670,2158070,0,0,0,0,1068030,0
[E3IP-CSV] 2,37,9809700,2908760,0,0,0,0,6589020,0
[E3IP-CSV] 2,38,9935380,2581460,0,0,0,0,7267750,0
[E3IP-CSV] 2,39,8593670,2604200,0,0,0,0,5903520,0
[E3IP-CSV] 2,40,8514900,2561960,0,0,0,0,5872290,0
[E3IP-CSV] 2,41,6189860,2610460,0,0,0,0,3496130,0
[E3IP-CSV] 2,42,8648080,2641770,0,0,0,0,5919650,0
[E3IP-CSV] 2,43,8647070,2668830,0,0,0,0,5891390,0
[E3IP-CSV] 2,44,9877950,2831480,0,0,0,0,6956790,0
[E3IP-CSV] 2,45,8649060,2645410,0,0,0,0,5916430,0
[E3IP-CSV] 2,46,8978800,3069400,0,0,0,0,5819100,0
[E3IP-CSV] 2,47,8689830,2650660,0,0,0,0,5946150,0
[E3IP-CSV] 2,48,8710190,2653250,0,0,0,0,5973290,0
[E3IP-CSV] 2,49,8843660,2704220,0,0,0,0,6050680,0
[E3IP-CSV] 2,50,8641980,2624630,0,0,0,0,5935210,0
[E3IP-CSV] 2,51,2487770,1358310,0,0,0,0,1041630,0
[E3IP-CSV] 2,52,7813580,2624680,0,0,0,0,5101840,0
[E3IP-CSV] 2,53,8466890,2598690,0,0,0,0,5780740,0
[E3IP-CSV] 2,54,8436680,2428370,0,0,0,0,5768200,0
[E3IP-CSV] 2,55,8030640,2474470,0,0,0,0,5478440,0
[E3IP-CSV] 2,56,8483920,2605620,0,0,0,0,5792370,0
[E3IP-CSV] 2,57,8522430,2523470,0,0,0,0,5910990,0
[E3IP-CSV] 2,58,8555770,2648070,0,0,0,0,5821700,0
[E3IP-CSV] 2,59,8620030,2583100,0,0,0,0,5951330,0
[E3IP-CSV] 2,60,8552440,2738450,0,0,0,0,5726460,0
[E3IP-CSV] 2,61,8251100,2559720,0,0,0,0,5606240,0
[E3IP-CSV] 2,62,8278510,2435620,0,0,0,0,5755300,0
[E3IP-CSV] 2,63,8425440,2611560,0,0,0,0,5727380,0
[E3IP-CSV] 2,64,8508710,2639340,0,0,0,0,5780810,0
[E3IP-CSV] 2,65,8330970,2517370,0,0,0,0,5734400,0
[E3IP-CSV] 2,66,8376170,2385210,0,0,0,0,5744020,0
[E3IP-CSV] 2,67,8737190,2690160,0,0,0,0,5957600,0
[E3IP-CSV] 2,68,8525670,2708510,0,0,0,0,5731860,0
[E3IP-CSV] 2,69,8663160,2699410,0,0,0,0,5874630,0
[E3IP-CSV] 2,70,8950600,2741500,0,0,0,0,6127490,0
[E3IP-CSV] 2,71,8637780,2731200,0,0,0,0,5820190,0
[E3IP-CSV] 2,72,1795950,646560,0,0,0,0,1121410,0
[E3IP-CSV] 2,73,1631070,580840,0,0,0,0,1025140,0
[E3IP-CSV] 2,74,1654480,535380,0,0,0,0,1093420,0
[E3IP-CSV] 2,75,1674060,541900,0,0,0,0,1106810,0
[E3IP-CSV] 2,76,1655580,527910,0,0,0,0,1102880,0
[E3IP-CSV] 2,77,9014760,2481640,0,0,0,0,6268470,0
[E3IP-CSV] 2,78,8275830,2224720,0,0,0,0,5979470,0
[E3IP-CSV] 2,79,5759660,1539290,0,0,0,0,4168750,0
[E3IP-CSV] 2,80,7289630,1652680,0,0,0,0,5472450,0
[E3IP-CSV] 2,81,8676090,2682040,0,0,0,0,5897950,0
[E3IP-CSV] 2,82,6741430,1768730,0,0,0,0,4912240,0
[E3IP-CSV] 2,83,12905240,5087920,0,0,0,0,7672860,0
[E3IP-CSV] 2,84,6717250,1897070,0,0,0,0,4763810,0
[E3IP-CSV] 2,85,7289200,1927670,0,0,0,0,5298790,0
[E3IP-CSV] 2,86,7829580,2147790,0,0,0,0,5612190,0
[E3IP-CSV] 2,87,5281550,1602130,0,0,0,0,3616230,0
[E3IP-CSV] 2,88,7853330,2601080,0,0,0,0,5155210,0
[E3IP-CSV] 2,89,6181870,2498160,0,0,0,0,3601860,0
[E3IP-CSV] 2,90,4325200,1504830,0,0,0,0,2751640,0
[E3IP-CSV] 2,91,7063220,1859410,0,0,0,0,5138300,0
[E3IP-CSV] 2,92,6530490,2234620,0,0,0,0,4230860,0
[E3IP-CSV] 2,93,3951860,1351410,0,0,0,0,2416070,0
[E3IP-CSV] 2,94,8208920,2552740,0,0,0,0,5565490,0
[E3IP-CSV] 2,95,4232840,1191430,0,0,0,0,3000590,0
[E3IP-CSV] 2,96,5120390,1712610,0,0,0,0,3347260,0
[E3IP-CSV] 2,97,4188030,1457230,0,0,0,0,2674770,0
[E3IP-CSV] 2,98,3918950,1343960,0,0,0,0,2403260,0
[E3IP-CSV] 2,99,3352050,1162790,0,0,0,0,2145960,0
[E3IP-CSV] 2,100,8303610,2621320,0,0,0,0,5598880,0
[E3IP-CSV] 2,101,7389380,2791370,0,0,0,0,4509880,0
[E3IP-CSV] 2,102,4067750,1437390,0,0,0,0,2564340,0
[E3IP-CSV] 2,103,4202150,1429860,0,0,0,0,2706100,0
[E3IP-CSV] 2,104,4349640,1540740,0,0,0,0,2747010,0
[E3IP-CSV] 2,105,8774280,2733040,0,0,0,0,5952930,0
[E3IP-CSV] 2,106,4825170,1377750,0,0,0,0,3402850,0
[E3IP-CSV] 2,107,7992500,1924810,0,0,0,0,6007490,0
[E3IP-CSV] 2,108,7342040,1920260,0,0,0,0,5358310,0
[E3IP-CSV] 2,109,7665190,2099920,0,0,0,0,5490650,0
[E3IP-CSV] 2,110,5930410,1938690,0,0,0,0,3927390,0
[E3IP-CSV] 2,111,8048460,2109720,0,0,0,0,5859190,0
[E3IP-CSV] 2,112,6913470,2236370,0,0,0,0,4605880,0
[E3IP-CSV] 2,113,8624530,2651980,0,0,0,0,5887290,0
[E3IP-CSV] 2,114,7225590,1712090,0,0,0,0,5444290,0
[E3IP-CSV] 2,115,3206120,887190,0,0,0,0,2284490,0
[E3IP-CSV] 2,116,9029590,2831270,0,0,0,0,6109380,0
[E3IP-CSV] 2,117,8497510,2653370,0,0,0,0,5755810,0
[E3IP-CSV] 2,118,4949460,2241930,0,0,0,0,2639000,0
[E3IP-CSV] 2,119,8096360,2183140,0,0,0,0,5845020,0
[E3IP-CSV] 2,120,7510440,2018310,0,0,0,0,5428520,0
[E3IP-CSV] 2,121,8698640,2736750,0,0,0,0,5875530,0
[E3IP-CSV] 2,122,5793080,2208770,0,0,0,0,3514220,0
[E3IP-CSV] 2,123,5953510,2080660,0,0,0,0,3804520,0
[E3IP-CSV] 2,124,5470220,1518930,0,0,0,0,3898010,0
[E3IP-CSV] 2,125,6499860,1536930,0,0,0,0,4806390,0
[E3IP-CSV] 2,126,8569420,2600150,0,0,0,0,5880950,0
[E3IP-CSV] 2,127,7959540,2198720,0,0,0,0,5686280,0
[E3IP-CSV] 2,128,5791360,1498900,0,0,0,0,4237330,0
[E3IP-CSV] 2,129,8627990,2632270,0,0,0,0,5906810,0
[E3IP-CSV] 2,130,6009090,2588210,0,0,0,0,3340670,0
[E3IP-CSV] 2,131,6363990,2526390,0,0,0,0,3756480,0
[E3IP-CSV] 2,132,4378580,2013000,0,0,0,0,2303590,0
[E3IP-CSV] 2,133,7926400,2424000,0,0,0,0,5270170,0
[E3IP-CSV] 2,134,6314940,1501700,0,0,0,0,4651740,0
[E3IP-CSV] 2,135,5256530,1681270,0,0,0,0,3513680,0
[E3IP-CSV] 2,136,6731580,1760420,0,0,0,0,4909910,0
[E3IP-CSV] 2,137,5367480,1663790,0,0,0,0,3643140,0
[E3IP-CSV] 2,138,6619940,1638160,0,0,0,0,4923020,0
[E3IP-CSV] 2,139,5683360,2034340,0,0,0,0,3579760,0
[E3IP-CSV] 2,140,6133440,2215750,0,0,0,0,3841640,0
[E3IP-CSV] 2,141,6882030,1999610,0,0,0,0,4810060,0
[E3IP-CSV] 2,142,5751850,1975470,0,0,0,0,3709470,0
[E3IP-CSV] 2,143,5627410,2587790,0,0,0,0,2949530,0
[E3IP-CSV] 2,144,6133260,1614360,0,0,0,0,4360580,0
[E3IP-CSV] 2,145,5311730,1462480,0,0,0,0,3801700,0
[E3IP-CSV] 2,146,6851560,1620610,0,0,0,0,5174260,0
[E3IP-CSV] 2,147,4895150,1341190,0,0,0,0,3507750,0
[E3IP-CSV] 2,148,5104510,2771920,0,0,0,0,2242640,0
[E3IP-CSV] 2,149,7471440,2500670,0,0,0,0,4861750,0
[E3IP-CSV] 2,150,6404250,1659010,0,0,0,0,4690940,0
[E3IP-CSV] 2,151,5608130,1666230,0,0,0,0,3883920,0
[E3IP-CSV] 2,152,8665460,2625580,0,0,0,0,5943600,0
[E3IP-CSV] 2,153,5512980,1461230,0,0,0,0,4004070,0
[E3IP-CSV] 2,154,6451520,1590180,0,0,0,0,4806490,0
[E3IP-CSV] 2,155,8194440,2250150,0,0,0,0,5869300,0
[E3IP-CSV] 2,156,5095240,2607460,0,0,0,0,2399640,0
[E3IP-CSV] 2,157,4663820,1324540,0,0,0,0,3288080,0
[E3IP-CSV] 2,158,6247830,1678210,0,0,0,0,4509360,0
[E3IP-CSV] 2,159,5744050,2073380,0,0,0,0,3605390,0
[E3IP-CSV] 2,160,6183160,1737500,0,0,0,0,4381720,0
[E3IP-CSV] 2,161,5862090,1565100,0,0,0,0,4239670,0
[E3IP-CSV] 2,162,9160600,2726310,0,0,0,0,6345690,0
[E3IP-CSV] 2,163,8335840,2046260,0,0,0,0,6220390,0
[E3IP-CSV] 2,164,5445840,1677830,0,0,0,0,3707910,0
[E3IP-CSV] 2,165,8111510,2293560,0,0,0,0,5747100,0
[E3IP-CSV] 2,166,6088780,2249920,0,0,0,0,3759860,0
[E3IP-CSV] 2,167,7794050,1998510,0,0,0,0,5733180,0
[E3IP-CSV] 2,168,5757480,2483180,0,0,0,0,3035130,0
[E3IP-CSV] 2,169,7522720,1963520,0,0,0,0,5494310,0
[E3IP-CSV] 2,170,5762740,2084540,0,0,0,0,3607440,0
[E3IP-CSV] 2,171,6015210,2042830,0,0,0,0,3907460,0
[E3IP-CSV] 2,172,9141020,2964280,0,0,0,0,6085760,0
[E3IP-CSV] 2,173,8781090,2636150,0,0,0,0,6054710,0
[E3IP-CSV] 2,174,5274380,2261650,0,0,0,0,2936320,0
[E3IP-CSV] 2,175,6064590,1539320,0,0,0,0,4474150,0
[E3IP-CSV] 2,176,5991090,2640850,0,0,0,0,3259700,0
[E3IP-CSV] 2,177,8948890,2683130,0,0,0,0,6174130,0
[E3IP-CSV] 2,178,8149580,2045820,0,0,0,0,6044600,0
[E3IP-CSV] 2,179,5306290,2601360,0,0,0,0,2617030,0
[E3IP-CSV] 2,180,3748700,1430860,0,0,0,0,2257680,0
[E3IP-CSV] 2,181,5811010,1594950,0,0,0,0,4162770,0
[E3IP-CSV] 2,182,2789340,885650,0,0,0,0,1864800,0
[E3IP-CSV] 2,183,7508510,2013570,0,0,0,0,5422320,0
[E3IP-CSV] 2,184,7528310,1994050,0,0,0,0,5467620,0
[E3IP-CSV] 2,185,5568570,1491020,0,0,0,0,4027260,0
[E3IP-CSV] 2,186,6186930,1764150,0,0,0,0,4361900,0
[E3IP-CSV] 2,187,5923110,2628290,0,0,0,0,3198780,0
[E3IP-CSV] 2,188,4756280,2503830,0,0,0,0,2010990,0
[E3IP-CSV] 2,189,8686510,2665500,0,0,0,0,5929020,0
[E3IP-CSV] 2,190,5232210,2334160,0,0,0,0,2822050,0
[E3IP-CSV] 2,191,5713890,1613020,0,0,0,0,4043570,0
[E3IP-CSV] 2,192,5218200,2646960,0,0,0,0,2487820,0
[E3IP-CSV] 2,193,5889570,2243790,0,0,0,0,3563810,0
[E3IP-CSV] 2,194,6372460,1552470,0,0,0,0,4766340,0
[E3IP-CSV] 2,195,5713610,2227500,0,0,0,0,3414080,0
[E3IP-CSV] 2,196,5004350,1788570,0,0,0,0,3146660,0
[E3IP-CSV] 2,197,5901470,2156290,0,0,0,0,3666700,0
[E3IP-CSV] 2,198,4041450,1455900,0,0,0,0,2520520,0
[E3IP-CSV] 2,199,6425610,1950300,0,0,0,0,4404860,0
[E3IP-CSV] 2,200,5966450,1698270,0,0,0,0,4206350,0
[E3IP-CSV] 2,201,3193760,903860,0,0,0,0,2256570,0
[E3IP-CSV] 2,202,9007210,2596620,0,0,0,0,6321130,0
[E3IP-CSV] 2,203,3949650,1096550,0,0,0,0,2810510,0
[E3IP-CSV] 2,204,8510820,2586850,0,0,0,0,5834890,0
[E3IP-CSV] 2,205,5678440,2691710,0,0,0,0,2897280,0
[E3IP-CSV] 2,206,5413340,1955940,0,0,0,0,3390240,0
[E3IP-CSV] 2,207,6620120,2592260,0,0,0,0,3939980,0
[E3IP-CSV] 2,208,1849230,531750,0,0,0,0,1292940,0
[E3IP-CSV] 2,209,5997380,2662840,0,0,0,0,3250970,0
[E3IP-CSV] 2,210,8501970,2576560,0,0,0,0,5837310,0
[E3IP-CSV] 2,211,8584150,2619990,0,0,0,0,5876520,0
[E3IP-CSV] 2,212,6155190,2331910,0,0,0,0,3741170,0
[E3IP-CSV] 2,213,10830270,4216790,0,0,0,0,6226940,0
[E3IP-CSV] 2,214,6504430,2750170,0,0,0,0,3663710,0
[E3IP-CSV] 2,215,8012050,1972220,0,0,0,0,5976180,0
[E3IP-CSV] 2,216,4267760,1161400,0,0,0,0,3066140,0
[E3IP-CSV] 2,217,7829140,2426720,0,0,0,0,5335220,0
[E3IP-CSV] 2,218,7163880,2048120,0,0,0,0,5046470,0
[E3IP-CSV] 2,219,8240500,2232560,0,0,0,0,5934310,0
[E3IP-CSV] 2,220,4409400,1571820,0,0,0,0,2770180,0
[E3IP-CSV] 2,221,10108620,3422960,0,0,0,0,6587370,0
[E3IP-CSV] 2,222,7073600,2037850,0,0,0,0,4965610,0
[E3IP-CSV] 2,223,8097400,2148540,0,0,0,0,5878760,0
[E3IP-CSV] 2,224,7036250,1814030,0,0,0,0,5151730,0
[E3IP-CSV] 2,225,10004070,3805990,0,0,0,0,6056210,0
[E3IP-CSV] 2,226,8016790,2482480,0,0,0,0,5457580,0
[E3IP-CSV] 2,227,6805350,1876960,0,0,0,0,4849370,0
[E3IP-CSV] 2,228,7772820,2013840,0,0,0,0,5694900,0
[E3IP-CSV] 2,229,6148240,2452800,0,0,0,0,3610600,0
[E3IP-CSV] 2,230,5555090,2375050,0,0,0,0,3092620,0
[E3IP-CSV] 2,231,4911720,1384350,0,0,0,0,3473930,0
[E3IP-CSV] 2,232,4813600,1812270,0,0,0,0,2919220,0
[E3IP-CSV] 2,233,8916380,3658580,0,0,0,0,5129700,0
[E3IP-CSV] 2,234,6479350,1634480,0,0,0,0,4686000,0
[E3IP-CSV] 2,235,7496720,2044550,0,0,0,0,5385240,0
[E3IP-CSV] 2,236,9318720,3136280,0,0,0,0,6068360,0
[E3IP-CSV] 2,237,13679600,4758710,0,0,0,0,8798660,0
[E3IP-CSV] 2,238,9102430,2662820,0,0,0,0,6350910,0
[E3IP-CSV] 2,239,8528330,2614780,0,0,0,0,5828900,0
[E3IP-CSV] 2,240,5308000,2607230,0,0,0,0,2616800,0
[E3IP-CSV] 2,241,9986430,3254780,0,0,0,0,6644730,0
[E3IP-CSV] 2,242,9483270,2620400,0,0,0,0,6612990,0
[E3IP-CSV] 2,243,5258850,1490230,0,0,0,0,3716260,0
[E3IP-CSV] 2,244,7362820,1956630,0,0,0,0,5339230,0
[E3IP-CSV] 2,245,6770160,1620360,0,0,0,0,4990850,0
[E3IP-CSV] 2,246,5707110,2663260,0,0,0,0,2949590,0
[E3IP-CSV] 2,247,5033840,2618670,0,0,0,0,2323620,0
[E3IP-CSV] 2,248,6707230,1653180,0,0,0,0,4997430,0
[E3IP-CSV] 2,249,13691840,3328570,0,0,0,0,10084390,0
[E3IP-CSV] 2,250,12406650,4020920,0,0,0,0,8251070,0
[E3IP-CSV] 2,251,5732280,3810420,0,0,0,0,1803110,0
[E3IP-CSV] 2,252,13098860,4210820,0,0,0,0,8757200,0
[E3IP-CSV] 2,253,6204540,1668300,0,0,0,0,4375100,0
[E3IP-CSV] 2,254,12637880,3176590,0,0,0,0,9188020,0
[E3IP-CSV] 2,255,6923510,2260180,0,0,0,0,4582260,0
[E3IP-CSV] 2,256,3001680,1052570,0,0,0,0,1896730,0
[E3IP-CSV] 2,257,4939300,2691320,0,0,0,0,2145230,0
[E3IP-CSV] 2,258,5627620,2613970,0,0,0,0,2932540,0
[E3IP-CSV] 2,259,9554160,2716700,0,0,0,0,6757270,0
[E3IP-CSV] 2,260,8324790,3035890,0,0,0,0,5201840,0
[E3IP-CSV] 2,261,6748880,1522810,0,0,0,0,5074970,0
[E3IP-CSV] 2,262,7618960,2091460,0,0,0,0,5457610,0
[E3IP-CSV] 2,263,5181400,2596400,0,0,0,0,2497990,0
[E3IP-CSV] 2,264,8157130,2246440,0,0,0,0,5834810,0
[E3IP-CSV] 2,265,6934280,2692340,0,0,0,0,4147440,0
[E3IP-CSV] 2,266,7114360,1834450,0,0,0,0,5222260,0
[E3IP-CSV] 2,267,7063670,4245910,0,0,0,0,2687690,0
[E3IP-CSV] 2,268,9028690,2705440,0,0,0,0,6234720,0
[E3IP-CSV] 2,269,6983700,2144620,0,0,0,0,4759860,0
[E3IP-CSV] 2,270,7199200,2095920,0,0,0,0,4764510,0
[E3IP-CSV] 2,271,13029940,3570970,0,0,0,0,9351670,0
[E3IP-CSV] 2,272,7867420,2516900,0,0,0,0,5276550,0
[E3IP-CSV] 2,273,8751880,2752710,0,0,0,0,5731940,0
[E3IP-CSV] 2,274,3612150,1013070,0,0,0,0,2560420,0
[E3IP-CSV] 2,275,6444800,2152720,0,0,0,0,4223480,0
[E3IP-CSV] 2,276,6747060,1915470,0,0,0,0,4768170,0
[E3IP-CSV] 2,277,5099460,1910500,0,0,0,0,3107520,0
[E3IP-CSV] 2,278,5375780,1658140,0,0,0,0,3570280,0
[E3IP-CSV] 2,279,12023720,3939990,0,0,0,0,7963630,0
[E3IP-CSV] 2,280,7739810,2105730,0,0,0,0,5570580,0
[E3IP-CSV] 2,281,6053250,2161570,0,0,0,0,3820700,0
[E3IP-CSV] 2,282,9034700,2990470,0,0,0,0,5954600,0
[E3IP-CSV] 2,283,3741520,1442880,0,0,0,0,2239340,0
[E3IP-CSV] 2,284,6715910,1916210,0,0,0,0,4742760,0
[E3IP-CSV] 2,285,4177460,1430020,0,0,0,0,2575980,0
[E3IP-CSV] 2,286,6290520,1676500,0,0,0,0,4551520,0
[E3IP-CSV] 2,287,6346230,2048830,0,0,0,0,4237090,0
[E3IP-CSV] 2,288,4107170,1425860,0,0,0,0,2629010,0
[E3IP-CSV] 2,289,4575540,1788510,0,0,0,0,2725430,0
[E3IP-CSV] 2,290,4863200,1763980,0,0,0,0,3037440,0
[E3IP-CSV] 2,291,7952120,2139470,0,0,0,0,5737650,0
[E3IP-CSV] 2,292,7635530,1902960,0,0,0,0,5667910,0
[E3IP-CSV] 2,293,7055930,1634880,0,0,0,0,5360940,0
[E3IP-CSV] 2,294,7023910,2427000,0,0,0,0,4533620,0
[E3IP-CSV] 2,295,7850980,2774890,0,0,0,0,4984430,0
[E3IP-CSV] 2,296,10948190,4204170,0,0,0,0,6626780,0
[E3IP-CSV] 2,297,8042380,2217330,0,0,0,0,5754040,0
[E3IP-CSV] 2,298,7370050,2017070,0,0,0,0,5284520,0
[E3IP-CSV] 2,299,7221480,2001390,0,0,0,0,5155070,0
[E3IP-CSV] 2,300,6340170,1606420,0,0,0,0,4677930,0
[E3IP-CSV] 2,301,7374290,1940950,0,0,0,0,5380860,0
[E3IP-CSV] 2,302,6629690,1668300,0,0,0,0,4799330,0
[E3IP-CSV] 2,303,8026850,1962020,0,0,0,0,5997910,0
[E3IP-CSV] 2,304,7533590,1869110,0,0,0,0,5603500,0
[E3IP-CSV] 2,305,8228940,1586800,0,0,0,0,6589980,0
[E3IP-CSV] 2,306,7910200,2092300,0,0,0,0,5757120,0
[E3IP-CSV] 2,307,7248170,1934780,0,0,0,0,5243780,0
[E3IP-CSV] 2,308,7157470,1613640,0,0,0,0,5489620,0
[E3IP-CSV] 2,309,5842840,1471070,0,0,0,0,4217930,0
[E3IP-CSV] 2,310,6305390,1659270,0,0,0,0,4589270,0
[E3IP-CSV] 2,311,5372050,1593190,0,0,0,0,3719740,0
[E3IP-CSV] 2,312,7870450,2031200,0,0,0,0,5783090,0
[E3IP-CSV] 2,313,6498130,1623230,0,0,0,0,4815780,0
[E3IP-CSV] 2,314,6288650,2751100,0,0,0,0,3438300,0
[E3IP-CSV] 2,315,2878560,856660,0,0,0,0,1989720,0
[E3IP-CSV] 2,316,13543640,4768720,0,0,0,0,8652490,0
[E3IP-CSV] 2,317,8411420,2292900,0,0,0,0,6047030,0
[E3IP-CSV] 2,318,4163050,1245240,0,0,0,0,2868460,0
[E3IP-CSV] 2,319,5581630,2074830,0,0,0,0,3438960,0
[E3IP-CSV] 2,320,4498670,1142190,0,0,0,0,3313390,0
[E3IP-CSV] 2,321,6749120,2247080,0,0,0,0,4297250,0
[E3IP-CSV] 2,322,7498070,1660140,0,0,0,0,5678850,0
[E3IP-CSV] 2,323,5254150,1761860,0,0,0,0,3435510,0
[E3IP-CSV] 2,324,11656020,3476090,0,0,0,0,8091300,0
[E3IP-CSV] 2,325,6168270,2096440,0,0,0,0,4002810,0
[E3IP-CSV] 2,326,6617140,1605010,0,0,0,0,4955250,0
[E3IP-CSV] 2,327,8895730,2926220,0,0,0,0,5870930,0
[E3IP-CSV] 2,328,6790310,2499990,0,0,0,0,4215240,0
[E3IP-CSV] 2,329,5857120,1542570,0,0,0,0,4152390,0
[E3IP-CSV] 2,330,4290510,1463880,0,0,0,0,2657930,0
[E3IP-CSV] 2,331,7460330,1955120,0,0,0,0,5440640,0
[E3IP-CSV] 2,332,7428860,1915640,0,0,0,0,5450520,0
[E3IP-CSV] 2,333,8741460,3890730,0,0,0,0,4715210,0
[E3IP-CSV] 2,334,9027420,2678090,0,0,0,0,6260280,0
[E3IP-CSV] 2,335,5700690,1521770,0,0,0,0,4132380,0
[E3IP-CSV] 2,336,8350660,2228080,0,0,0,0,6054910,0
[E3IP-CSV] 2,337,8214980,2254650,0,0,0,0,5887920,0
[E3IP-CSV] 2,338,8167740,2086560,0,0,0,0,6006730,0
[E3IP-CSV] 2,339,8090690,2160840,0,0,0,0,5859680,0
[E3IP-CSV] 2,340,7511460,1928320,0,0,0,0,5527780,0
[E3IP-CSV] 2,341,6230410,2249220,0,0,0,0,3890240,0
[E3IP-CSV] 2,342,5095230,1446730,0,0,0,0,3600840,0
[E3IP-CSV] 2,343,8599700,2173220,0,0,0,0,6354160,0
[E3IP-CSV] 2,344,8912300,2570210,0,0,0,0,6251820,0
[E3IP-CSV] 2,345,8029200,2270010,0,0,0,0,5686260,0
[E3IP-CSV] 2,346,8612090,2604270,0,0,0,0,5916420,0
[E3IP-CSV] 2,347,5316110,1659850,0,0,0,0,3595430,0
[E3IP-CSV] 2,348,8595090,2504230,0,0,0,0,5831230,0
[E3IP-CSV] 2,349,8215210,2566320,0,0,0,0,5561270,0
[E3IP-CSV] 2,350,5245770,1383820,0,0,0,0,3812290,0
[E3IP-CSV] 2,351,8436490,2588830,0,0,0,0,5762240,0
[E3IP-CSV] 2,352,6756070,1777890,0,0,0,0,4905990,0
[E3IP-CSV] 2,353,7712310,2619060,0,0,0,0,5002460,0
[E3IP-CSV] 2,354,13456450,4117770,0,0,0,0,9215960,0
[E3IP-CSV] 2,355,6347530,2115540,0,0,0,0,4157390,0
[E3IP-CSV] 2,356,8654830,2454260,0,0,0,0,5949360,0
[E3IP-CSV] 2,357,10333300,4823790,0,0,0,0,5358280,0
[E3IP-CSV] 2,358,8568620,2897500,0,0,0,0,5582350,0
[E3IP-CSV] 2,359,10470230,4339380,0,0,0,0,5723960,0
[E3IP-CSV] 2,360,8682650,2745250,0,0,0,0,5850930,0
[E3IP-CSV] 2,361,8542380,1612780,0,0,0,0,6870330,0
[E3IP-CSV] 2,362,8895880,2717550,0,0,0,0,6066070,0
[E3IP-CSV] 2,363,6144050,2273280,0,0,0,0,3793170,0
[E3IP-CSV] 2,364,6417080,3403050,0,0,0,0,2911260,0
[E3IP-CSV] 2,365,8607810,2637970,0,0,0,0,5875350,0
[E3IP-CSV] 2,366,8331120,2548830,0,0,0,0,5697010,0
[E3IP-CSV] 2,367,6374810,1596270,0,0,0,0,4625100,0
[E3IP-CSV] 2,368,8667500,2641340,0,0,0,0,5940180,0
[E3IP-CSV] 2,369,7057230,1597850,0,0,0,0,5404890,0
[E3IP-CSV] 2,370,7160790,1665090,0,0,0,0,5332330,0
[E3IP-CSV] 2,371,9310630,3337700,0,0,0,0,5648530,0
[E3IP-CSV] 2,372,7893130,2113770,0,0,0,0,5706800,0
[E3IP-CSV] 2,373,8962210,3227780,0,0,0,0,5642580,0
[E3IP-CSV] 2,374,8079610,2178040,0,0,0,0,5832050,0
[E3IP-CSV] 2,375,10451030,2722020,0,0,0,0,7656130,0
[E3IP-CSV] 2,376,3901860,1467960,0,0,0,0,2352590,0
[E3IP-CSV] 2,377,12932960,5044080,0,0,0,0,7752400,0
[E3IP-CSV] 2,378,9660160,3348160,0,0,0,0,6207040,0
[E3IP-CSV] 2,379,6751380,1682630,0,0,0,0,5010420,0
[E3IP-CSV] 2,380,3969120,1314800,0,0,0,0,2598750,0
[E3IP-CSV] 2,381,7186280,2120670,0,0,0,0,4981200,0
[E3IP-CSV] 2,382,8177870,2273680,0,0,0,0,5829380,0
[E3IP-CSV] 2,383,8050570,2630540,0,0,0,0,5332440,0
[E3IP-CSV] 2,384,8881650,2474910,0,0,0,0,6296540,0
[E3IP-CSV] 2,385,8509560,2233920,0,0,0,0,6212150,0
[E3IP-CSV] 2,386,3604830,1214400,0,0,0,0,2342970,0
[E3IP-CSV] 2,387,6189300,2298400,0,0,0,0,3806970,0
[E3IP-CSV] 2,388,7025920,2270840,0,0,0,0,4556990,0
[E3IP-CSV] 2,389,7896950,2178630,0,0,0,0,5642010,0
[E3IP-CSV] 2,390,9242540,3109620,0,0,0,0,5978220,0
[E3IP-CSV] 2,391,6464790,1655910,0,0,0,0,4644770,0
[E3IP-CSV] 2,392,10582140,3323160,0,0,0,0,7164360,0
[E3IP-CSV] 2,393,8814090,2711830,0,0,0,0,6001160,0
[E3IP-CSV] 2,394,13784730,3055050,0,0,0,0,10636950,0
[E3IP-CSV] 2,395,11886960,3649300,0,0,0,0,8146170,0
[E3IP-CSV] 2,396,10621950,2550070,0,0,0,0,7995420,0
[E3IP-CSV] 2,397,9987380,3083770,0,0,0,0,6804910,0
[E3IP-CSV] 2,398,6929480,2520010,0,0,0,0,4311630,0
[E3IP-CSV] 2,399,12827220,4863080,0,0,0,0,7828030,0
[E3IP-CSV] 2,400,8622060,2580140,0,0,0,0,5962320,0
[E3IP-CSV] 2,401,8157160,2075280,0,0,0,0,6012810,0
[E3IP-CSV] 2,402,4266620,1518440,0,0,0,0,2687300,0
[E3IP-CSV] 2,403,3826310,1271350,0,0,0,0,2390070,0
[E3IP-CSV] 2,404,7191470,1892810,0,0,0,0,5238060,0
[E3IP-CSV] 2,405,6383090,1611190,0,0,0,0,4716900,0
[E3IP-CSV] 2,406,8099960,2180550,0,0,0,0,5848320,0
[E3IP-CSV] 2,407,7984560,2197330,0,0,0,0,5713520,0
[E3IP-CSV] 2,408,3118340,1067580,0,0,0,0,2001470,0
[E3IP-CSV] 2,409,3710510,1330910,0,0,0,0,2315380,0
[E3IP-CSV] 2,410,4028630,1436160,0,0,0,0,2528970,0
[E3IP-CSV] 2,411,6339530,2165090,0,0,0,0,4092180,0
[E3IP-CSV] 2,412,5618620,2722750,0,0,0,0,2802690,0
[E3IP-CSV] 2,413,6156270,2666900,0,0,0,0,3398580,0
[E3IP-CSV] 2,414,6233570,2733210,0,0,0,0,3406960,0
[E3IP-CSV] 2,415,8434750,2553790,0,0,0,0,5795530,0
[E3IP-CSV] 2,416,8269990,2765740,0,0,0,0,5418280,0
[E3IP-CSV] 2,417,7237430,2160430,0,0,0,0,5004650,0
[E3IP-CSV] 2,418,7286010,2385960,0,0,0,0,4813410,0
[E3IP-CSV] 2,419,9222780,3239110,0,0,0,0,5704850,0
[E3IP-CSV] 2,420,4214140,1444420,0,0,0,0,2728900,0
[E3IP-CSV] 2,421,7089580,1691140,0,0,0,0,5338680,0
[E3IP-CSV] 2,422,8200210,2086750,0,0,0,0,6046150,0
[E3IP-CSV] 2,423,5790260,2001100,0,0,0,0,3724560,0
[E3IP-CSV] 2,424,8237150,2209760,0,0,0,0,5957430,0
[E3IP-CSV] 2,425,7367180,1969390,0,0,0,0,5330300,0
[E3IP-CSV] 2,426,9978730,3477340,0,0,0,0,6362470,0
[E3IP-CSV] 2,427,14543300,4555820,0,0,0,0,9857970,0
[E3IP-CSV] 2,428,5703390,1495160,0,0,0,0,4157200,0
[E3IP-CSV] 2,429,4733990,2042510,0,0,0,0,2601630,0
[E3IP-CSV] 2,430,8476070,2658610,0,0,0,0,5718870,0
[E3IP-CSV] 2,431,8022920,2072620,0,0,0,0,5879710,0
[E3IP-CSV] 2,432,4421650,1396010,0,0,0,0,2963990,0
[E3IP-CSV] 2,433,7517350,1949950,0,0,0,0,5507670,0
[E3IP-CSV] 2,434,5617560,1547590,0,0,0,0,4015330,0
[E3IP-CSV] 2,435,7335510,1721820,0,0,0,0,5557460,0
[E3IP-CSV] 2,436,6341580,2680940,0,0,0,0,3577220,0
[E3IP-CSV] 2,437,8454470,2683270,0,0,0,0,5680530,0
[E3IP-CSV] 2,438,7785990,2580610,0,0,0,0,4667270,0
[E3IP-CSV] 2,439,3364540,933130,0,0,0,0,2396290,0
[E3IP-CSV] 2,440,7799280,2395220,0,0,0,0,5299340,0
[E3IP-CSV] 2,441,6515910,2489900,0,0,0,0,3943300,0
[E3IP-CSV] 2,442,9592900,2655040,0,0,0,0,6848240,0
[E3IP-CSV] 2,443,8248210,2315460,0,0,0,0,5841260,0
[E3IP-CSV] 2,444,6010210,1497300,0,0,0,0,4362860,0
[E3IP-CSV] 2,445,8188600,2043910,0,0,0,0,6078190,0
[E3IP-CSV] 2,446,8603090,2996660,0,0,0,0,5514740,0
[E3IP-CSV] 2,447,7059000,2526990,0,0,0,0,4446000,0
[E3IP-CSV] 2,448,7118690,1887470,0,0,0,0,5167580,0
[E3IP-CSV] 2,449,8060870,2905980,0,0,0,0,5037180,0
[E3IP-CSV] 2,450,7244110,1574500,0,0,0,0,5615370,0
[E3IP-CSV] 2,451,9125100,2891600,0,0,0,0,6148880,0
[E3IP-CSV] 2,452,7807940,2674860,0,0,0,0,5048760,0
[E3IP-CSV] 2,453,8485420,2599020,0,0,0,0,5789160,0
[E3IP-CSV] 2,454,8975230,2668940,0,0,0,0,6219190,0
[E3IP-CSV] 2,455,7431680,1855400,0,0,0,0,5513440,0
[E3IP-CSV] 2,456,8888050,2530620,0,0,0,0,5989560,0
[E3IP-CSV] 2,457,4738120,1339850,0,0,0,0,3353040,0
[E3IP-CSV] 2,458,6205920,1613080,0,0,0,0,4532060,0
[E3IP-CSV] 2,459,6032130,2178100,0,0,0,0,3780110,0
[E3IP-CSV] 2,460,8066350,2456030,0,0,0,0,5530960,0
[E3IP-CSV] 2,461,8577810,2714180,0,0,0,0,5594770,0
[E3IP-CSV] 2,462,8711930,2699460,0,0,0,0,5921750,0
[E3IP-CSV] 2,463,7370080,2002710,0,0,0,0,5300220,0
[E3IP-CSV] 2,464,8847940,2941570,0,0,0,0,5817200,0
[E3IP-CSV] 2,465,3717130,1372740,0,0,0,0,2297920,0
[E3IP-CSV] 2,466,7452680,2008700,0,0,0,0,5379470,0
[E3IP-CSV] 2,467,7546480,1991220,0,0,0,0,5493080,0
[E3IP-CSV] 2,468,8164210,2216480,0,0,0,0,5881380,0
[E3IP-CSV] 2,469,5942040,1550770,0,0,0,0,4226730,0
[E3IP-CSV] 2,470,3736270,1204500,0,0,0,0,2487440,0
[E3IP-CSV] 2,471,7479990,1988710,0,0,0,0,5430680,0
[E3IP-CSV] 2,472,8141910,2225570,0,0,0,0,5842550,0
[E3IP-CSV] 2,473,7382340,1952360,0,0,0,0,5370900,0
[E3IP-CSV] 2,474,6786980,1672220,0,0,0,0,5054690,0
[E3IP-CSV] 2,475,6464180,1662050,0,0,0,0,4645840,0
[E3IP-CSV] 2,476,6336610,1615450,0,0,0,0,4560860,0
[E3IP-CSV] 2,477,6282300,1522950,0,0,0,0,4598620,0
[E3IP-CSV] 2,478,6271580,1549980,0,0,0,0,4556360,0
[E3IP-CSV] 2,479,8293070,2617070,0,0,0,0,5558460,0
[E3IP-CSV] 2,480,7810570,1538460,0,0,0,0,6212600,0
[E3IP-CSV] 2,481,12051290,4562840,0,0,0,0,7368880,0
[E3IP-CSV] 2,482,10510530,4123590,0,0,0,0,6273730,0
[E3IP-CSV] 2,483,7958010,2781300,0,0,0,0,4855970,0
[E3IP-CSV] 2,484,5128650,1467060,0,0,0,0,3611740,0
[E3IP-CSV] 2,485,6475390,1986840,0,0,0,0,4427320,0
[E3IP-CSV] 2,486,10156160,2178370,0,0,0,0,7911780,0
[E3IP-CSV] 2,487,7535860,2071160,0,0,0,0,5397940,0
[E3IP-CSV] 2,488,6588730,1955610,0,0,0,0,4566570,0
[E3IP-CSV] 2,489,7509180,2050750,0,0,0,0,5390230,0
[E3IP-CSV] 2,490,7087850,1734990,0,0,0,0,5293400,0
[E3IP-CSV] 2,491,7297860,1979520,0,0,0,0,5251630,0
[E3IP-CSV] 2,492,8204680,2314840,0,0,0,0,5819380,0
[E3IP-CSV] 2,493,11908780,3226520,0,0,0,0,8402350,0
[E3IP-CSV] 2,494,10785060,3355220,0,0,0,0,7338170,0
[E3IP-CSV] 2,495,8655710,2714670,0,0,0,0,5850160,0
[E3IP-CSV] 2,496,7626270,2154390,0,0,0,0,5409100,0
[E3IP-CSV] 2,497,5796210,2019230,0,0,0,0,3710080,0
[E3IP-CSV] 2,498,7404150,1892560,0,0,0,0,5449700,0
[E3IP-CSV] 2,499,6027350,1492690,0,0,0,0,4471740,0
[E3IP-SUMMARY] chain_len=2 e2e_avg=7241079 publish_avg=2272093 sched_avg=4876190

*** FATAL ***
fatal source: 9 (RTEMS_FATAL_SOURCE_EXCEPTION)

R0   = 0x015957f8 R8  = 0x00000000
R1   = 0x00000000 R9  = 0x00000000
R2   = 0x00000010 R10 = 0x00000000
R3   = 0x015958f8 R11 = 0x00000000
R4   = 0x00c00f78 R12 = 0x015958f8
R5   = 0x002d050d SP  = 0x015957e8
R6   = 0x00000000 LR  = 0x00000000
R7   = 0x015957e8 PC  = 0x002d0594
CPSR = 0x600d0173 VEC = 0x00000001
FPEXC = 0x40000000
FPSCR = 0x20000010
D00 = 0x0000000000000000
D01 = 0x0000000000000001
D02 = 0x0000000000000000
D03 = 0x0000000000000000
D04 = 0x0000000000000000
D05 = 0x0000000000000000
D06 = 0x00a9c50c00a9c50c
D07 = 0x000186a00061a800
D08 = 0x0000000000000000
D09 = 0x0000000000000000
D10 = 0x0000000000000000
D11 = 0x0000000000000000
D12 = 0x0000000000000000
D13 = 0x0000000000000000
D14 = 0x0000000000000000
D15 = 0x0000000000000000
D16 = 0x0000000000000000
D17 = 0x0000000000000000
D18 = 0x0000000000000000
D19 = 0x0000000000000000
D20 = 0x00a9c76400a9c750
D21 = 0x00a9c79400a9c778
D22 = 0x00a9c6ac00a9c69c
D23 = 0x00a9c6cc00a9c6bc
D24 = 0x00a9c66c00a9c65c
D25 = 0x00a9c68c00a9c67c
D26 = 0x00a9c5f800a9c5d0
D27 = 0x00a9c63800a9c61c
D28 = 0x00a9c57800a9c548
D29 = 0x00a9c5b000a9c594
D30 = 0x00a9ca3000a9ca30
D31 = 0x00a9c53c00a9c530
RTEMS version: 6.1.0.not-released
RTEMS tools: 13.3.0 20240521 (RTEMS 6, RSB no-repo, Newlib 1b3dcfd)
executing thread ID: 0x0a010001
executing thread name: UI1 
