
RTEMS Shell on /dev/console. Use 'help' to list commands.
SHLL [/] # nexus0: <RTEMS Nexus device>
info: lo0: link state changed to UP
=== Exp3inter-Picas: Task Chain (n=4) SingleThreadedExecutor+PiCAS ===
Period: 200ms, Rounds: 500
[E3IP-CSV] chain_len,round,e2e_ns,publish_ns,gc_trigger_ns,invoke_cb_ns,getnext_ns,take_data_ns,sched_ns,dispatch_ns
666666
CPP Msg not nullptr
CPP Msg not nullptr
CPP Msg not nullptr
CPP Msg not nullptr
C Msg not NULL
C Msg not NULL
CPP Srv not nullptr
CPP Srv not nullptr
CPP Srv not nullptr
CPP Srv not nullptr
CPP Srv not nullptr
CPP Srv not nullptr
CPP Msg not nullptr
CPP Msg not nullptr
CPP Msg not nullptr
CPP Msg not nullptr
CPP Msg not nullptr
CPP Msg not nullptr
C Msg not NULL
C Msg not NULL
CPP Srv not nullptr
CPP Srv not nullptr
CPP Srv not nullptr
CPP Srv not nullptr
CPP Srv not nullptr
CPP Srv not nullptr
CPP Msg not nullptr
CPP Msg not nullptr
CPP Msg not nullptr
CPP Msg not nullptr
CPP Msg not nullptr
CPP Msg not nullptr
CPP Msg not nullptr
CPP Msg not nullptr
C Msg not NULL
C Msg not NULL
CPP Srv not nullptr
CPP Srv not nullptr
CPP Srv not nullptr
CPP Srv not nullptr
CPP Srv not nullptr
CPP Srv not nullptr
CPP Msg not nullptr
CPP Msg not nullptr
CPP Msg not nullptr
CPP Msg not nullptr
CPP Msg not nullptr
CPP Msg not nullptr
CPP Msg not nullptr
CPP Msg not nullptr
C Msg not NULL
C Msg not NULL
CPP Srv not nullptr
CPP Srv not nullptr
CPP Srv not nullptr
CPP Srv not nullptr
CPP Srv not nullptr
CPP Srv not nullptr
CPP Msg not nullptr
CPP Msg not nullptr
CPP Msg not nullptr
CPP Msg not nullptr
CPP Msg not nullptr
CPP Msg not nullptr
[0m[INFO] [0567993600.807028339] [rclcpp]: Singlethreadedexecutor spin: in Thread ID 167837697[0m
[E3IP-CSV] 4,0,22984090,11780140,0,0,0,0,10964430,0
[E3IP-CSV] 4,1,5735800,1325600,0,0,0,0,4390770,0
[E3IP-CSV] 4,2,8486840,3252060,0,0,0,0,5134790,0
[E3IP-CSV] 4,3,19387160,4844250,0,0,0,0,14422020,0
[E3IP-CSV] 4,4,20360820,4861700,0,0,0,0,15390610,0
[E3IP-CSV] 4,5,19775910,4850190,0,0,0,0,14650400,0
[E3IP-CSV] 4,6,11732560,3226110,0,0,0,0,8421100,0
[E3IP-CSV] 4,7,16600900,4407510,0,0,0,0,11908440,0
[E3IP-CSV] 4,8,18266560,4231080,0,0,0,0,13923950,0
[E3IP-CSV] 4,9,14503560,3796730,0,0,0,0,10439650,0
[E3IP-CSV] 4,10,18911970,4720930,0,0,0,0,14078730,0
[E3IP-CSV] 4,11,8590760,3270160,0,0,0,0,5035920,0
[E3IP-CSV] 4,12,19941540,4854970,0,0,0,0,14822200,0
[E3IP-CSV] 4,13,19604290,4807180,0,0,0,0,14538200,0
[E3IP-CSV] 4,14,16183180,4241930,0,0,0,0,11839050,0
[E3IP-CSV] 4,15,23151180,6048740,0,0,0,0,16943700,0
[E3IP-CSV] 4,16,19570450,4737390,0,0,0,0,14710690,0
[E3IP-CSV] 4,17,17376130,5186160,0,0,0,0,12067920,0
[E3IP-CSV] 4,18,20218520,5118080,0,0,0,0,14994690,0
[E3IP-CSV] 4,19,10416570,2223840,0,0,0,0,8160340,0
[E3IP-CSV] 4,20,26481240,6241390,0,0,0,0,19944590,0
[E3IP-CSV] 4,21,19897670,4880720,0,0,0,0,14918150,0
[E3IP-CSV] 4,22,24386170,7924960,0,0,0,0,16300700,0
[E3IP-CSV] 4,23,15471690,5314940,0,0,0,0,10006790,0
[E3IP-CSV] 4,24,10581740,3866360,0,0,0,0,6584700,0
[E3IP-CSV] 4,25,8362200,3537830,0,0,0,0,4727930,0
[E3IP-CSV] 4,26,18621500,4482220,0,0,0,0,13929320,0
[E3IP-CSV] 4,27,8819320,3150370,0,0,0,0,5579380,0
[E3IP-CSV] 4,28,20308000,6489480,0,0,0,0,13660670,0
[E3IP-CSV] 4,29,12987900,3638910,0,0,0,0,9078140,0
[E3IP-CSV] 4,30,20361640,5214020,0,0,0,0,15025360,0
[E3IP-CSV] 4,31,17064830,4341190,0,0,0,0,12491610,0
[E3IP-CSV] 4,32,19840110,4971240,0,0,0,0,14752610,0
[E3IP-CSV] 4,33,19275790,4616770,0,0,0,0,14382730,0
[E3IP-CSV] 4,34,17700450,4573400,0,0,0,0,13019350,0
[E3IP-CSV] 4,35,20556560,5191780,0,0,0,0,15257220,0
[E3IP-CSV] 4,36,10976620,3557930,0,0,0,0,7321860,0
[E3IP-CSV] 4,37,9321270,3383430,0,0,0,0,5841220,0
[E3IP-CSV] 4,38,20778370,5507850,0,0,0,0,15140250,0
[E3IP-CSV] 4,39,9902000,3418100,0,0,0,0,6389810,0
[E3IP-CSV] 4,40,17026240,4367430,0,0,0,0,12535780,0
[E3IP-CSV] 4,41,20430910,5014160,0,0,0,0,15310350,0
[E3IP-CSV] 4,42,23429530,7190980,0,0,0,0,16087450,0
[E3IP-CSV] 4,43,20925230,4940140,0,0,0,0,15867480,0
[E3IP-CSV] 4,44,18682200,4642930,0,0,0,0,13781120,0
[E3IP-CSV] 4,45,17386380,4402800,0,0,0,0,12860860,0
[E3IP-CSV] 4,46,17478310,4375370,0,0,0,0,12728310,0
[E3IP-CSV] 4,47,21983960,6397010,0,0,0,0,15470010,0
[E3IP-CSV] 4,48,9620000,3477900,0,0,0,0,6050240,0
[E3IP-CSV] 4,49,11682350,3584190,0,0,0,0,7961720,0
[E3IP-CSV] 4,50,16177800,4037540,0,0,0,0,12046240,0
[E3IP-CSV] 4,51,19442580,4922680,0,0,0,0,14416990,0
[E3IP-CSV] 4,52,17616600,4937830,0,0,0,0,12580070,0
[E3IP-CSV] 4,53,20468470,4750910,0,0,0,0,15617710,0
[E3IP-CSV] 4,54,18888460,4698260,0,0,0,0,14088950,0
[E3IP-CSV] 4,55,17485990,4826950,0,0,0,0,12550070,0
[E3IP-CSV] 4,56,16381920,4424800,0,0,0,0,11819550,0
[E3IP-CSV] 4,57,17583690,4758440,0,0,0,0,12715690,0
[E3IP-CSV] 4,58,16876240,4429910,0,0,0,0,12345140,0
[E3IP-CSV] 4,59,15907480,4670630,0,0,0,0,11127560,0
[E3IP-CSV] 4,60,16806760,4172010,0,0,0,0,12393460,0
[E3IP-CSV] 4,61,14570250,4279940,0,0,0,0,10191500,0
[E3IP-CSV] 4,62,14743030,4123680,0,0,0,0,10521150,0
[E3IP-CSV] 4,63,19702100,4950910,0,0,0,0,14650540,0
[E3IP-CSV] 4,64,18924670,4482140,0,0,0,0,14348680,0
[E3IP-CSV] 4,65,18947080,4636030,0,0,0,0,14196820,0
[E3IP-CSV] 4,66,18589390,4660820,0,0,0,0,13672340,0
[E3IP-CSV] 4,67,15959920,3779330,0,0,0,0,11922050,0
[E3IP-CSV] 4,68,19842350,4803300,0,0,0,0,14679030,0
[E3IP-CSV] 4,69,18439180,4791550,0,0,0,0,13550730,0
[E3IP-CSV] 4,70,14778300,3890740,0,0,0,0,10791060,0
[E3IP-CSV] 4,71,15343510,4358650,0,0,0,0,10865340,0
[E3IP-CSV] 4,72,5820450,1333670,0,0,0,0,4456250,0
[E3IP-CSV] 4,73,5873700,1452610,0,0,0,0,4386090,0
[E3IP-CSV] 4,74,6605330,1744420,0,0,0,0,4813410,0
[E3IP-CSV] 4,75,5775830,1350930,0,0,0,0,4392220,0
[E3IP-CSV] 4,76,5848110,1376810,0,0,0,0,4439890,0
[E3IP-CSV] 4,77,5800860,1347590,0,0,0,0,4422400,0
[E3IP-CSV] 4,78,5810720,1373960,0,0,0,0,4401070,0
[E3IP-CSV] 4,79,10108980,2009400,0,0,0,0,8064620,0
[E3IP-CSV] 4,80,25525800,5951950,0,0,0,0,19292950,0
[E3IP-CSV] 4,81,22238290,5439630,0,0,0,0,16692450,0
[E3IP-CSV] 4,82,16876940,4433000,0,0,0,0,12343740,0
[E3IP-CSV] 4,83,19791720,5091330,0,0,0,0,14571260,0
[E3IP-CSV] 4,84,23808160,6149150,0,0,0,0,17549750,0
[E3IP-CSV] 4,85,9658820,3401450,0,0,0,0,6165810,0
[E3IP-CSV] 4,86,20806530,5043340,0,0,0,0,15495280,0
[E3IP-CSV] 4,87,28413070,9020590,0,0,0,0,19215290,0
[E3IP-CSV] 4,88,9464060,3344650,0,0,0,0,6015510,0
[E3IP-CSV] 4,89,9613660,3415440,0,0,0,0,6100990,0
[E3IP-CSV] 4,90,30572380,7579010,0,0,0,0,22872150,0
[E3IP-CSV] 4,91,20593020,5046400,0,0,0,0,15425940,0
[E3IP-CSV] 4,92,21885130,6708130,0,0,0,0,15021850,0
[E3IP-CSV] 4,93,9193550,3319800,0,0,0,0,5776920,0
[E3IP-CSV] 4,94,19168350,6433020,0,0,0,0,12596660,0
[E3IP-CSV] 4,95,23628050,6622610,0,0,0,0,16893800,0
[E3IP-CSV] 4,96,21885990,6173670,0,0,0,0,15589190,0
[E3IP-CSV] 4,97,7742210,3210940,0,0,0,0,4433470,0
[E3IP-CSV] 4,98,19075370,4491160,0,0,0,0,14322560,0
[E3IP-CSV] 4,99,21394660,5219300,0,0,0,0,16071860,0
[E3IP-CSV] 4,100,22215790,6115490,0,0,0,0,15847430,0
[E3IP-CSV] 4,101,19149530,4768310,0,0,0,0,14266550,0
[E3IP-CSV] 4,102,20277660,5223410,0,0,0,0,14949450,0
[E3IP-CSV] 4,103,20208790,5193260,0,0,0,0,14916750,0
[E3IP-CSV] 4,104,20255820,5187990,0,0,0,0,14961290,0
[E3IP-CSV] 4,105,20235820,5164660,0,0,0,0,14961320,0
[E3IP-CSV] 4,106,17834000,6389740,0,0,0,0,11295170,0
[E3IP-CSV] 4,107,12063370,3651730,0,0,0,0,8321020,0
[E3IP-CSV] 4,108,8944450,3450550,0,0,0,0,5401920,0
[E3IP-CSV] 4,109,9628210,3467750,0,0,0,0,6057700,0
[E3IP-CSV] 4,110,21596270,6540090,0,0,0,0,14895090,0
[E3IP-CSV] 4,111,9907080,3289070,0,0,0,0,6527580,0
[E3IP-CSV] 4,112,20328150,5130200,0,0,0,0,15090990,0
[E3IP-CSV] 4,113,26525580,7724630,0,0,0,0,18647370,0
[E3IP-CSV] 4,114,17976950,7070450,0,0,0,0,10486500,0
[E3IP-CSV] 4,115,28648680,6510750,0,0,0,0,21845470,0
[E3IP-CSV] 4,116,17357540,4578060,0,0,0,0,12679930,0
[E3IP-CSV] 4,117,18480520,4754450,0,0,0,0,13627260,0
[E3IP-CSV] 4,118,20458970,5438640,0,0,0,0,14751210,0
[E3IP-CSV] 4,119,15837250,5065710,0,0,0,0,10623710,0
[E3IP-CSV] 4,120,23365090,5897020,0,0,0,0,17213090,0
[E3IP-CSV] 4,121,20249610,5080150,0,0,0,0,15066850,0
[E3IP-CSV] 4,122,20225300,6393260,0,0,0,0,13687310,0
[E3IP-CSV] 4,123,19526270,7172600,0,0,0,0,11960380,0
[E3IP-CSV] 4,124,17416600,3891730,0,0,0,0,13278440,0
[E3IP-CSV] 4,125,28394290,5236070,0,0,0,0,23040910,0
[E3IP-CSV] 4,126,21585870,7721310,0,0,0,0,13466980,0
[E3IP-CSV] 4,127,33507800,6884410,0,0,0,0,26511020,0
[E3IP-CSV] 4,128,22014170,5104370,0,0,0,0,16807550,0
[E3IP-CSV] 4,129,27969780,6168070,0,0,0,0,21685480,0
[E3IP-CSV] 4,130,34818130,9198950,0,0,0,0,25493800,0
[E3IP-CSV] 4,131,16993660,4352140,0,0,0,0,12543280,0
[E3IP-CSV] 4,132,23692830,5815580,0,0,0,0,17770530,0
[E3IP-CSV] 4,133,25117320,5743250,0,0,0,0,19271590,0
[E3IP-CSV] 4,134,24337980,6300520,0,0,0,0,17932350,0
[E3IP-CSV] 4,135,17361020,4610430,0,0,0,0,12649940,0
[E3IP-CSV] 4,136,17070420,4658320,0,0,0,0,12315420,0
[E3IP-CSV] 4,137,17355390,4616630,0,0,0,0,12641830,0
[E3IP-CSV] 4,138,17241430,4380860,0,0,0,0,12769290,0
[E3IP-CSV] 4,139,20011950,4917780,0,0,0,0,14848290,0
[E3IP-CSV] 4,140,17914660,4793300,0,0,0,0,13021680,0
[E3IP-CSV] 4,141,15783930,4458900,0,0,0,0,11225590,0
[E3IP-CSV] 4,142,8829900,3345380,0,0,0,0,5380910,0
[E3IP-CSV] 4,143,20212670,5173270,0,0,0,0,14919350,0
[E3IP-CSV] 4,144,28545920,6117000,0,0,0,0,22324530,0
[E3IP-CSV] 4,145,21192230,5425780,0,0,0,0,15655570,0
[E3IP-CSV] 4,146,11027780,3343200,0,0,0,0,7586110,0
[E3IP-CSV] 4,147,10618140,3400740,0,0,0,0,7122960,0
[E3IP-CSV] 4,148,19195900,4768350,0,0,0,0,14313590,0
[E3IP-CSV] 4,149,13656070,3642850,0,0,0,0,9920020,0
[E3IP-CSV] 4,150,19964040,4884370,0,0,0,0,14822550,0
[E3IP-CSV] 4,151,27676250,8381240,0,0,0,0,19132850,0
[E3IP-CSV] 4,152,11966940,2913730,0,0,0,0,8889340,0
[E3IP-CSV] 4,153,17333760,4337610,0,0,0,0,12901090,0
[E3IP-CSV] 4,154,19540770,4700310,0,0,0,0,14746650,0
[E3IP-CSV] 4,155,19698810,4912990,0,0,0,0,14681890,0
[E3IP-CSV] 4,156,19236260,4648780,0,0,0,0,14484290,0
[E3IP-CSV] 4,157,20009400,4994480,0,0,0,0,14910580,0
[E3IP-CSV] 4,158,17849110,4707250,0,0,0,0,13027560,0
[E3IP-CSV] 4,159,18970090,4786110,0,0,0,0,13913880,0
[E3IP-CSV] 4,160,18213970,4500990,0,0,0,0,13449490,0
[E3IP-CSV] 4,161,16891290,4224990,0,0,0,0,12569040,0
[E3IP-CSV] 4,162,19807250,4844170,0,0,0,0,14858280,0
[E3IP-CSV] 4,163,17854100,4449630,0,0,0,0,13307880,0
[E3IP-CSV] 4,164,17420530,4502850,0,0,0,0,12816220,0
[E3IP-CSV] 4,165,17436840,4656420,0,0,0,0,12680430,0
[E3IP-CSV] 4,166,18176660,4388440,0,0,0,0,13522550,0
[E3IP-CSV] 4,167,18982650,4863840,0,0,0,0,14014300,0
[E3IP-CSV] 4,168,16719080,4273450,0,0,0,0,12347600,0
[E3IP-CSV] 4,169,16707780,4149190,0,0,0,0,12465090,0
[E3IP-CSV] 4,170,19413740,4716790,0,0,0,0,14595470,0
[E3IP-CSV] 4,171,17277500,4269740,0,0,0,0,12737820,0
[E3IP-CSV] 4,172,17626240,4556220,0,0,0,0,12970910,0
[E3IP-CSV] 4,173,13591180,3437160,0,0,0,0,9889820,0
[E3IP-CSV] 4,174,17187720,4814790,0,0,0,0,12274610,0
[E3IP-CSV] 4,175,19765370,4763310,0,0,0,0,14727040,0
[E3IP-CSV] 4,176,15292000,3993740,0,0,0,0,11044670,0
[E3IP-CSV] 4,177,19435020,4901830,0,0,0,0,14433360,0
[E3IP-CSV] 4,178,16834180,4256840,0,0,0,0,12478630,0
[E3IP-CSV] 4,179,16268780,4313640,0,0,0,0,11852010,0
[E3IP-CSV] 4,180,16908500,4691130,0,0,0,0,12113030,0
[E3IP-CSV] 4,181,19248510,5122960,0,0,0,0,14028410,0
[E3IP-CSV] 4,182,19628810,4478190,0,0,0,0,14896910,0
[E3IP-CSV] 4,183,16678190,4291740,0,0,0,0,12276880,0
[E3IP-CSV] 4,184,16410250,4525900,0,0,0,0,11789540,0
[E3IP-CSV] 4,185,19040390,4947370,0,0,0,0,13983240,0
[E3IP-CSV] 4,186,18091170,4535790,0,0,0,0,13297500,0
[E3IP-CSV] 4,187,15460370,4225960,0,0,0,0,11138380,0
[E3IP-CSV] 4,188,18309990,4534410,0,0,0,0,13672910,0
[E3IP-CSV] 4,189,19277690,4711030,0,0,0,0,14467420,0
[E3IP-CSV] 4,190,17350050,4042580,0,0,0,0,13207160,0
[E3IP-CSV] 4,191,18313770,4497850,0,0,0,0,13716530,0
[E3IP-CSV] 4,192,19828590,4761750,0,0,0,0,14970780,0
[E3IP-CSV] 4,193,19585240,4730880,0,0,0,0,14753900,0
[E3IP-CSV] 4,194,17312360,4621300,0,0,0,0,12589020,0
[E3IP-CSV] 4,195,19775980,4665000,0,0,0,0,14846020,0
[E3IP-CSV] 4,196,18956130,4544880,0,0,0,0,14191720,0
[E3IP-CSV] 4,197,16982530,4366990,0,0,0,0,12514110,0
[E3IP-CSV] 4,198,12301050,3589520,0,0,0,0,8617530,0
[E3IP-CSV] 4,199,17409560,4345770,0,0,0,0,12971010,0
[E3IP-CSV] 4,200,19953980,5006730,0,0,0,0,14845080,0
[E3IP-CSV] 4,201,17603960,4225500,0,0,0,0,13281140,0
[E3IP-CSV] 4,202,19989630,5051080,0,0,0,0,14836910,0
[E3IP-CSV] 4,203,16643460,4479990,0,0,0,0,12065670,0
[E3IP-CSV] 4,204,18730260,4722520,0,0,0,0,13909860,0
[E3IP-CSV] 4,205,20750620,5184120,0,0,0,0,15460600,0
[E3IP-CSV] 4,206,17789690,4543320,0,0,0,0,13144310,0
[E3IP-CSV] 4,207,23259420,6223300,0,0,0,0,16912120,0
[E3IP-CSV] 4,208,23593470,5129890,0,0,0,0,18184030,0
[E3IP-CSV] 4,209,21048550,6366460,0,0,0,0,14536430,0
[E3IP-CSV] 4,210,27058610,8034090,0,0,0,0,18865650,0
[E3IP-CSV] 4,211,13685780,3159560,0,0,0,0,10454870,0
[E3IP-CSV] 4,212,9552240,4810620,0,0,0,0,4593380,0
[E3IP-CSV] 4,213,27427050,6394390,0,0,0,0,20910330,0
[E3IP-CSV] 4,214,19403680,4799890,0,0,0,0,14500680,0
[E3IP-CSV] 4,215,20179000,4921800,0,0,0,0,14993190,0
[E3IP-CSV] 4,216,20383080,5011970,0,0,0,0,15260210,0
[E3IP-CSV] 4,217,27402400,8124170,0,0,0,0,19110370,0
[E3IP-CSV] 4,218,20331590,5169490,0,0,0,0,15050180,0
[E3IP-CSV] 4,219,14213710,2846790,0,0,0,0,11311780,0
[E3IP-CSV] 4,220,22630910,5239030,0,0,0,0,17284640,0
[E3IP-CSV] 4,221,23370840,5603370,0,0,0,0,17652360,0
[E3IP-CSV] 4,222,21534360,4964190,0,0,0,0,16455490,0
[E3IP-CSV] 4,223,16851660,4261110,0,0,0,0,12429680,0
[E3IP-CSV] 4,224,18095270,4703470,0,0,0,0,13293440,0
[E3IP-CSV] 4,225,12139690,3484290,0,0,0,0,8555060,0
[E3IP-CSV] 4,226,20356160,5213220,0,0,0,0,15028930,0
[E3IP-CSV] 4,227,17693370,4561130,0,0,0,0,13029290,0
[E3IP-CSV] 4,228,26401500,6091530,0,0,0,0,20194500,0
[E3IP-CSV] 4,229,20655380,5208430,0,0,0,0,15346520,0
[E3IP-CSV] 4,230,8116720,3312660,0,0,0,0,4713530,0
[E3IP-CSV] 4,231,18874920,4776020,0,0,0,0,13999030,0
[E3IP-CSV] 4,232,31578600,9278430,0,0,0,0,22124510,0
[E3IP-CSV] 4,233,28830870,6480350,0,0,0,0,22242240,0
[E3IP-CSV] 4,234,16983830,5570790,0,0,0,0,11257970,0
[E3IP-CSV] 4,235,21752700,6507080,0,0,0,0,15107030,0
[E3IP-CSV] 4,236,25306650,6080340,0,0,0,0,19113240,0
[E3IP-CSV] 4,237,22838120,6079560,0,0,0,0,16644540,0
[E3IP-CSV] 4,238,22856120,6018190,0,0,0,0,16735710,0
[E3IP-CSV] 4,239,11775240,2970030,0,0,0,0,8654320,0
[E3IP-CSV] 4,240,18460590,4678720,0,0,0,0,13667360,0
[E3IP-CSV] 4,241,19176710,6658800,0,0,0,0,12120150,0
[E3IP-CSV] 4,242,9884560,3108440,0,0,0,0,6686370,0
[E3IP-CSV] 4,243,21281010,5433180,0,0,0,0,15725450,0
[E3IP-CSV] 4,244,9774360,3404390,0,0,0,0,6267300,0
[E3IP-CSV] 4,245,17490730,5184550,0,0,0,0,12203030,0
[E3IP-CSV] 4,246,13742820,4641220,0,0,0,0,8697860,0
[E3IP-CSV] 4,247,28542940,7778910,0,0,0,0,20595910,0
[E3IP-CSV] 4,248,24141530,5994160,0,0,0,0,18034080,0
[E3IP-CSV] 4,249,16378340,5930690,0,0,0,0,10296730,0
[E3IP-CSV] 4,250,25296720,5400980,0,0,0,0,19787030,0
[E3IP-CSV] 4,251,19964580,4970170,0,0,0,0,14895390,0
[E3IP-CSV] 4,252,20604160,5097180,0,0,0,0,15391970,0
[E3IP-CSV] 4,253,18537550,4947260,0,0,0,0,13480020,0
[E3IP-CSV] 4,254,11401400,3400810,0,0,0,0,7813520,0
[E3IP-CSV] 4,255,21189180,5240180,0,0,0,0,15834700,0
[E3IP-CSV] 4,256,19973040,5016000,0,0,0,0,14841340,0
[E3IP-CSV] 4,257,28961680,6779740,0,0,0,0,22066330,0
[E3IP-CSV] 4,258,9999590,2052370,0,0,0,0,7854380,0
[E3IP-CSV] 4,259,19099240,4643170,0,0,0,0,14355530,0
[E3IP-CSV] 4,260,9651650,3405520,0,0,0,0,6144170,0
[E3IP-CSV] 4,261,11867770,3884480,0,0,0,0,7822650,0
[E3IP-CSV] 4,262,29206040,6853660,0,0,0,0,22226070,0
[E3IP-CSV] 4,263,19103730,5009800,0,0,0,0,13839580,0
[E3IP-CSV] 4,264,12133700,4269420,0,0,0,0,7717070,0
[E3IP-CSV] 4,265,8848750,3434990,0,0,0,0,5306240,0
[E3IP-CSV] 4,266,15188570,3255490,0,0,0,0,11841750,0
[E3IP-CSV] 4,267,19725620,4763980,0,0,0,0,14857100,0
[E3IP-CSV] 4,268,14093010,4655550,0,0,0,0,9017090,0
[E3IP-CSV] 4,269,11084030,3372050,0,0,0,0,7618830,0
[E3IP-CSV] 4,270,20581930,4763690,0,0,0,0,15549660,0
[E3IP-CSV] 4,271,29089440,6567880,0,0,0,0,22404210,0
[E3IP-CSV] 4,272,27853400,8284150,0,0,0,0,19021560,0
[E3IP-CSV] 4,273,21040850,5122180,0,0,0,0,15806550,0
[E3IP-CSV] 4,274,17317240,6709600,0,0,0,0,10510950,0
[E3IP-CSV] 4,275,27162740,8481260,0,0,0,0,18520000,0
[E3IP-CSV] 4,276,14648050,4973520,0,0,0,0,9529080,0
[E3IP-CSV] 4,277,20274350,4900790,0,0,0,0,15268640,0
[E3IP-CSV] 4,278,20352630,4772650,0,0,0,0,15313300,0
[E3IP-CSV] 4,279,14221310,3343440,0,0,0,0,10786820,0
[E3IP-CSV] 4,280,39761070,9846350,0,0,0,0,29614660,0
[E3IP-CSV] 4,281,16768320,4464690,0,0,0,0,12204850,0
[E3IP-CSV] 4,282,20185150,6285980,0,0,0,0,13746440,0
[E3IP-CSV] 4,283,20316430,5262390,0,0,0,0,14954420,0
[E3IP-CSV] 4,284,20162300,4717990,0,0,0,0,15167490,0
[E3IP-CSV] 4,285,19199800,4758780,0,0,0,0,14337650,0
[E3IP-CSV] 4,286,16601940,4548760,0,0,0,0,11947210,0
[E3IP-CSV] 4,287,15932520,4453010,0,0,0,0,11384830,0
[E3IP-CSV] 4,288,17799640,4568420,0,0,0,0,13137930,0
[E3IP-CSV] 4,289,15926320,4481740,0,0,0,0,11352690,0
[E3IP-CSV] 4,290,16275120,4507280,0,0,0,0,11669740,0
[E3IP-CSV] 4,291,15977640,4174150,0,0,0,0,11705990,0
[E3IP-CSV] 4,292,19439120,4692670,0,0,0,0,14646210,0
[E3IP-CSV] 4,293,19923220,4869450,0,0,0,0,14950830,0
[E3IP-CSV] 4,294,19469590,4561450,0,0,0,0,14651070,0
[E3IP-CSV] 4,295,16606430,4507720,0,0,0,0,12000170,0
[E3IP-CSV] 4,296,19762640,4734300,0,0,0,0,14764410,0
[E3IP-CSV] 4,297,16599090,4502590,0,0,0,0,11996100,0
[E3IP-CSV] 4,298,15995130,4593430,0,0,0,0,11303610,0
[E3IP-CSV] 4,299,16538800,4511730,0,0,0,0,11930720,0
[E3IP-CSV] 4,300,20333830,4884430,0,0,0,0,15342090,0
[E3IP-CSV] 4,301,20230990,4936220,0,0,0,0,15189880,0
[E3IP-CSV] 4,302,19659720,4672490,0,0,0,0,14709230,0
[E3IP-CSV] 4,303,16486060,4213160,0,0,0,0,12182730,0
[E3IP-CSV] 4,304,16671610,4627580,0,0,0,0,11945230,0
[E3IP-CSV] 4,305,16859250,4602780,0,0,0,0,12152930,0
[E3IP-CSV] 4,306,19739360,4725550,0,0,0,0,14735320,0
[E3IP-CSV] 4,307,20538260,4994510,0,0,0,0,15429280,0
[E3IP-CSV] 4,308,20319660,5213600,0,0,0,0,14989380,0
[E3IP-CSV] 4,309,20287970,4821230,0,0,0,0,15367880,0
[E3IP-CSV] 4,310,10887770,3232720,0,0,0,0,7556680,0
[E3IP-CSV] 4,311,17279920,5839810,0,0,0,0,11280400,0
[E3IP-CSV] 4,312,27585820,8401230,0,0,0,0,18788910,0
[E3IP-CSV] 4,313,20577010,5217730,0,0,0,0,15258890,0
[E3IP-CSV] 4,314,14839340,5724350,0,0,0,0,8962800,0
[E3IP-CSV] 4,315,19839480,5462430,0,0,0,0,14269210,0
[E3IP-CSV] 4,316,26661180,6495230,0,0,0,0,20058020,0
[E3IP-CSV] 4,317,18687310,4674730,0,0,0,0,13757770,0
[E3IP-CSV] 4,318,19403320,4842210,0,0,0,0,14446660,0
[E3IP-CSV] 4,319,18706540,4513220,0,0,0,0,14089800,0
[E3IP-CSV] 4,320,16981310,4873270,0,0,0,0,11851080,0
[E3IP-CSV] 4,321,20737720,5122110,0,0,0,0,15501230,0
[E3IP-CSV] 4,322,20405440,5246170,0,0,0,0,15055320,0
[E3IP-CSV] 4,323,19533770,4872220,0,0,0,0,14559720,0
[E3IP-CSV] 4,324,17275260,5005170,0,0,0,0,12172840,0
[E3IP-CSV] 4,325,28722340,6793790,0,0,0,0,21792590,0
[E3IP-CSV] 4,326,20501430,5020420,0,0,0,0,15361790,0
[E3IP-CSV] 4,327,16264340,4071010,0,0,0,0,12034720,0
[E3IP-CSV] 4,328,19960690,5085740,0,0,0,0,14765260,0
[E3IP-CSV] 4,329,19905660,4712780,0,0,0,0,15088140,0
[E3IP-CSV] 4,330,21543520,5334320,0,0,0,0,16100880,0
[E3IP-CSV] 4,331,19744230,4762740,0,0,0,0,14731660,0
[E3IP-CSV] 4,332,18469160,4650360,0,0,0,0,13700670,0
[E3IP-CSV] 4,333,20133380,5092590,0,0,0,0,14934570,0
[E3IP-CSV] 4,334,9339380,3108890,0,0,0,0,5991050,0
[E3IP-CSV] 4,335,14445760,3300600,0,0,0,0,10888120,0
[E3IP-CSV] 4,336,16851990,4236600,0,0,0,0,12373380,0
[E3IP-CSV] 4,337,27835800,7602080,0,0,0,0,20065930,0
[E3IP-CSV] 4,338,20453740,5217740,0,0,0,0,15136190,0
[E3IP-CSV] 4,339,11698400,3695260,0,0,0,0,7899650,0
[E3IP-CSV] 4,340,28689040,7091790,0,0,0,0,21470410,0
[E3IP-CSV] 4,341,19512470,4728900,0,0,0,0,14504520,0
[E3IP-CSV] 4,342,14249320,3256680,0,0,0,0,10902950,0
[E3IP-CSV] 4,343,20436420,5188280,0,0,0,0,15142430,0
[E3IP-CSV] 4,344,21529990,5503090,0,0,0,0,15921080,0
[E3IP-CSV] 4,345,20257670,5241540,0,0,0,0,14903770,0
[E3IP-CSV] 4,346,20285820,5160590,0,0,0,0,15022130,0
[E3IP-CSV] 4,347,19898130,4930760,0,0,0,0,14852750,0
[E3IP-CSV] 4,348,17858210,4630860,0,0,0,0,13120370,0
[E3IP-CSV] 4,349,19682860,5071290,0,0,0,0,14515760,0
[E3IP-CSV] 4,350,19394790,4821730,0,0,0,0,14326610,0
[E3IP-CSV] 4,351,9724560,3477680,0,0,0,0,6150060,0
[E3IP-CSV] 4,352,19905070,5002950,0,0,0,0,14660600,0
[E3IP-CSV] 4,353,18124780,4579330,0,0,0,0,13438780,0
[E3IP-CSV] 4,354,19161680,4682480,0,0,0,0,14215350,0
[E3IP-CSV] 4,355,19669980,5100800,0,0,0,0,14452530,0
[E3IP-CSV] 4,356,19570520,4786830,0,0,0,0,14677800,0
[E3IP-CSV] 4,357,18805880,4835800,0,0,0,0,13702960,0
[E3IP-CSV] 4,358,17550810,4352790,0,0,0,0,12948070,0
[E3IP-CSV] 4,359,19410510,5055730,0,0,0,0,14227880,0
[E3IP-CSV] 4,360,20511460,5300090,0,0,0,0,15088140,0
[E3IP-CSV] 4,361,17275580,4552550,0,0,0,0,12605330,0
[E3IP-CSV] 4,362,16132970,4199320,0,0,0,0,11833770,0
[E3IP-CSV] 4,363,21326850,5024140,0,0,0,0,16195090,0
[E3IP-CSV] 4,364,23728150,5104840,0,0,0,0,18362900,0
[E3IP-CSV] 4,365,20476820,4956810,0,0,0,0,15282160,0
[E3IP-CSV] 4,366,19489020,4815740,0,0,0,0,14439960,0
[E3IP-CSV] 4,367,22957390,5796700,0,0,0,0,17051250,0
[E3IP-CSV] 4,368,18069650,4513590,0,0,0,0,13456100,0
[E3IP-CSV] 4,369,18898620,5274450,0,0,0,0,13515080,0
[E3IP-CSV] 4,370,20610640,5243320,0,0,0,0,15257450,0
[E3IP-CSV] 4,371,20544880,5104730,0,0,0,0,15324580,0
[E3IP-CSV] 4,372,20641760,5225010,0,0,0,0,15304990,0
[E3IP-CSV] 4,373,16936160,4372450,0,0,0,0,12466030,0
[E3IP-CSV] 4,374,23187450,5616850,0,0,0,0,17457900,0
[E3IP-CSV] 4,375,19616180,4986820,0,0,0,0,14526430,0
[E3IP-CSV] 4,376,20553080,5113700,0,0,0,0,15332300,0
[E3IP-CSV] 4,377,20521670,5240370,0,0,0,0,15166360,0
[E3IP-CSV] 4,378,20036700,5135810,0,0,0,0,14791990,0
[E3IP-CSV] 4,379,18690520,4621800,0,0,0,0,13961710,0
[E3IP-CSV] 4,380,20474650,5493840,0,0,0,0,14876440,0
[E3IP-CSV] 4,381,19701470,5009510,0,0,0,0,14588070,0
[E3IP-CSV] 4,382,17125260,4401720,0,0,0,0,12625600,0
[E3IP-CSV] 4,383,20604070,5107520,0,0,0,0,15302300,0
[E3IP-CSV] 4,384,21065240,5437910,0,0,0,0,15520500,0
[E3IP-CSV] 4,385,19800360,5067910,0,0,0,0,14626510,0
[E3IP-CSV] 4,386,18110510,4879720,0,0,0,0,13133080,0
[E3IP-CSV] 4,387,17412870,4468560,0,0,0,0,12849200,0
[E3IP-CSV] 4,388,16181660,4251770,0,0,0,0,11837210,0
[E3IP-CSV] 4,389,20926700,5315590,0,0,0,0,15503320,0
[E3IP-CSV] 4,390,20520820,4979730,0,0,0,0,15433820,0
[E3IP-CSV] 4,391,17492460,4449910,0,0,0,0,12942980,0
[E3IP-CSV] 4,392,19933100,4821000,0,0,0,0,14814900,0
[E3IP-CSV] 4,393,20439510,5114510,0,0,0,0,15116290,0
[E3IP-CSV] 4,394,8390290,3346290,0,0,0,0,4949830,0
[E3IP-CSV] 4,395,18852480,4755300,0,0,0,0,13992850,0
[E3IP-CSV] 4,396,18305060,4627890,0,0,0,0,13574640,0
[E3IP-CSV] 4,397,18005920,4535580,0,0,0,0,13367170,0
[E3IP-CSV] 4,398,19947470,5184340,0,0,0,0,14660800,0
[E3IP-CSV] 4,399,20034490,4995310,0,0,0,0,14927520,0
[E3IP-CSV] 4,400,20330100,5014530,0,0,0,0,15205390,0
[E3IP-CSV] 4,401,17540140,4573690,0,0,0,0,12862280,0
[E3IP-CSV] 4,402,10379460,3281140,0,0,0,0,7005430,0
[E3IP-CSV] 4,403,27803980,6281640,0,0,0,0,21413700,0
[E3IP-CSV] 4,404,8759230,3412380,0,0,0,0,5255360,0
[E3IP-CSV] 4,405,20687490,5098390,0,0,0,0,15484540,0
[E3IP-CSV] 4,406,9151490,3320880,0,0,0,0,5737160,0
[E3IP-CSV] 4,407,20296350,5002870,0,0,0,0,15188030,0
[E3IP-CSV] 4,408,8714770,3386050,0,0,0,0,5242540,0
[E3IP-CSV] 4,409,19385330,4597580,0,0,0,0,14694710,0
[E3IP-CSV] 4,410,19750520,4809540,0,0,0,0,14666840,0
[E3IP-CSV] 4,411,19978560,4782880,0,0,0,0,15056140,0
[E3IP-CSV] 4,412,20455890,4990450,0,0,0,0,15230180,0
[E3IP-CSV] 4,413,14169330,3765680,0,0,0,0,10312500,0
[E3IP-CSV] 4,414,18047420,4545530,0,0,0,0,13404250,0
[E3IP-CSV] 4,415,20332910,5207180,0,0,0,0,15017250,0
[E3IP-CSV] 4,416,23506810,6003460,0,0,0,0,17385590,0
[E3IP-CSV] 4,417,20200020,5183220,0,0,0,0,14909270,0
[E3IP-CSV] 4,418,19157280,4726350,0,0,0,0,14327830,0
[E3IP-CSV] 4,419,27814980,6782280,0,0,0,0,20921220,0
[E3IP-CSV] 4,420,15235130,4367570,0,0,0,0,10771970,0
[E3IP-CSV] 4,421,19666670,4715700,0,0,0,0,14657970,0
[E3IP-CSV] 4,422,18828390,5000800,0,0,0,0,13726440,0
[E3IP-CSV] 4,423,20053390,5143550,0,0,0,0,14809550,0
[E3IP-CSV] 4,424,19399290,4957840,0,0,0,0,14347110,0
[E3IP-CSV] 4,425,20353060,5080720,0,0,0,0,15168940,0
[E3IP-CSV] 4,426,19046570,4686820,0,0,0,0,14255640,0
[E3IP-CSV] 4,427,19068440,4492420,0,0,0,0,14467590,0
[E3IP-CSV] 4,428,19709670,5169430,0,0,0,0,14433110,0
[E3IP-CSV] 4,429,21307480,5184110,0,0,0,0,16016310,0
[E3IP-CSV] 4,430,20567510,5149840,0,0,0,0,15311160,0
[E3IP-CSV] 4,431,17586490,4653940,0,0,0,0,12834260,0
[E3IP-CSV] 4,432,19100650,4495310,0,0,0,0,14334510,0
[E3IP-CSV] 4,433,17847590,4773960,0,0,0,0,12974480,0
[E3IP-CSV] 4,434,17828800,4967820,0,0,0,0,12766020,0
[E3IP-CSV] 4,435,17308220,4814540,0,0,0,0,12219650,0
[E3IP-CSV] 4,436,16331900,4671040,0,0,0,0,11461450,0
[E3IP-CSV] 4,437,20026370,5066400,0,0,0,0,14858490,0
[E3IP-CSV] 4,438,16320320,4718780,0,0,0,0,11498170,0
[E3IP-CSV] 4,439,18490070,4815470,0,0,0,0,13577230,0
[E3IP-CSV] 4,440,20356270,5094550,0,0,0,0,15155230,0
[E3IP-CSV] 4,441,17199090,5540240,0,0,0,0,11555940,0
[E3IP-CSV] 4,442,19663890,4820650,0,0,0,0,14744200,0
[E3IP-CSV] 4,443,20067990,5074720,0,0,0,0,14890350,0
[E3IP-CSV] 4,444,19827460,5052020,0,0,0,0,14678190,0
[E3IP-CSV] 4,445,19527440,4786200,0,0,0,0,14454540,0
[E3IP-CSV] 4,446,19265180,4659350,0,0,0,0,14327740,0
[E3IP-CSV] 4,447,20013860,5075770,0,0,0,0,14796040,0
[E3IP-CSV] 4,448,20198550,4852990,0,0,0,0,15066300,0
[E3IP-CSV] 4,449,20203860,5159320,0,0,0,0,14942170,0
[E3IP-CSV] 4,450,19544270,4726740,0,0,0,0,14536380,0
[E3IP-CSV] 4,451,16950190,4684960,0,0,0,0,12167760,0
[E3IP-CSV] 4,452,19484780,4910320,0,0,0,0,14474630,0
[E3IP-CSV] 4,453,20114120,4982740,0,0,0,0,15026190,0
[E3IP-CSV] 4,454,19695680,4757920,0,0,0,0,14673770,0
[E3IP-CSV] 4,455,19384250,4702590,0,0,0,0,14410480,0
[E3IP-CSV] 4,456,20079300,4909360,0,0,0,0,15066760,0
[E3IP-CSV] 4,457,20549690,5014620,0,0,0,0,15429220,0
[E3IP-CSV] 4,458,17161220,4619210,0,0,0,0,12279310,0
[E3IP-CSV] 4,459,23907350,5942700,0,0,0,0,17850890,0
[E3IP-CSV] 4,460,15980540,4615940,0,0,0,0,11267940,0
[E3IP-CSV] 4,461,9204550,3422180,0,0,0,0,5688580,0
[E3IP-CSV] 4,462,8452430,3390530,0,0,0,0,4972930,0
[E3IP-CSV] 4,463,20451000,4961640,0,0,0,0,15380960,0
[E3IP-CSV] 4,464,14901260,3451180,0,0,0,0,11352100,0
[E3IP-CSV] 4,465,15710610,3165340,0,0,0,0,12455000,0
[E3IP-CSV] 4,466,17056410,4575540,0,0,0,0,12374870,0
[E3IP-CSV] 4,467,17685790,4789350,0,0,0,0,12794250,0
[E3IP-CSV] 4,468,13895300,3409180,0,0,0,0,10391040,0
[E3IP-CSV] 4,469,19701630,4739000,0,0,0,0,14694970,0
[E3IP-CSV] 4,470,18908920,4832380,0,0,0,0,13972720,0
[E3IP-CSV] 4,471,18163610,4827090,0,0,0,0,13241860,0
[E3IP-CSV] 4,472,9601280,3354580,0,0,0,0,6156080,0
[E3IP-CSV] 4,473,20439550,5278310,0,0,0,0,15059720,0
[E3IP-CSV] 4,474,22431850,6425110,0,0,0,0,15881000,0
[E3IP-CSV] 4,475,20438580,4968220,0,0,0,0,15360230,0
[E3IP-CSV] 4,476,23609030,5986100,0,0,0,0,17518370,0
[E3IP-CSV] 4,477,27948840,5968960,0,0,0,0,21871590,0
[E3IP-CSV] 4,478,9531170,3226780,0,0,0,0,6047910,0
[E3IP-CSV] 4,479,19173510,5287280,0,0,0,0,13781460,0
[E3IP-CSV] 4,480,19288190,4778380,0,0,0,0,14399370,0
[E3IP-CSV] 4,481,24851310,6051100,0,0,0,0,18693080,0
[E3IP-CSV] 4,482,21467340,5174470,0,0,0,0,16188410,0
[E3IP-CSV] 4,483,18228920,4483200,0,0,0,0,13647290,0
[E3IP-CSV] 4,484,18067180,4441510,0,0,0,0,13527020,0
[E3IP-CSV] 4,485,9002470,3387710,0,0,0,0,5518080,0
[E3IP-CSV] 4,486,10202450,3316800,0,0,0,0,6790340,0
[E3IP-CSV] 4,487,20366720,5114350,0,0,0,0,15147460,0
[E3IP-CSV] 4,488,19108020,4802080,0,0,0,0,14202070,0
[E3IP-CSV] 4,489,20409520,5194930,0,0,0,0,15112710,0
[E3IP-CSV] 4,490,9332990,3394020,0,0,0,0,5847680,0
[E3IP-CSV] 4,491,9190670,3352930,0,0,0,0,5744500,0
[E3IP-CSV] 4,492,18107130,4580030,0,0,0,0,13423990,0
[E3IP-CSV] 4,493,22981680,5259750,0,0,0,0,17614790,0
[E3IP-CSV] 4,494,9911760,3465110,0,0,0,0,6356980,0
[E3IP-CSV] 4,495,8242700,3373120,0,0,0,0,4775960,0
[E3IP-CSV] 4,496,29096840,6857700,0,0,0,0,22124270,0
[E3IP-CSV] 4,497,21981150,5581370,0,0,0,0,16291070,0
[E3IP-CSV] 4,498,16107420,4233320,0,0,0,0,11771350,0
[E3IP-CSV] 4,499,20313350,5184380,0,0,0,0,15026950,0
[E3IP-SUMMARY] chain_len=4 e2e_avg=18425849 publish_avg=4844186 sched_avg=13443471

*** FATAL ***
fatal source: 9 (RTEMS_FATAL_SOURCE_EXCEPTION)

R0   = 0x015957f8 R8  = 0x00000000
R1   = 0x00000000 R9  = 0x00000000
R2   = 0x00000010 R10 = 0x00000000
R3   = 0x015958f8 R11 = 0x00000000
R4   = 0x00c00f78 R12 = 0x015958f8
R5   = 0x002d050d SP  = 0x015957e8
R6   = 0x00000000 LR  = 0x00000000
R7   = 0x015957e8 PC  = 0x002d0594
CPSR = 0x600d0173 VEC = 0x00000001
FPEXC = 0x40000000
FPSCR = 0x20000010
D00 = 0x0000000000000000
D01 = 0x0000000000000001
D02 = 0x0000000000000000
D03 = 0x00000001b5d30001
D04 = 0x017f0f0100000000
D05 = 0x0324000000000001
D06 = 0xb5d30001017f0f01
D07 = 0x000186a00061a800
D08 = 0x0000000000000000
D09 = 0x0000000000000000
D10 = 0x0000000000000000
D11 = 0x0000000000000000
D12 = 0x0000000000000000
D13 = 0x0000000000000000
D14 = 0x0000000000000000
D15 = 0x0000000000000000
D16 = 0x0000000000000000
D17 = 0x0000000000000000
D18 = 0x0000000000000000
D19 = 0x0000000000000000
D20 = 0x00a9c76400a9c750
D21 = 0x00a9c79400a9c778
D22 = 0x00a9c6ac00a9c69c
D23 = 0x00a9c6cc00a9c6bc
D24 = 0x00a9c66c00a9c65c
D25 = 0x00a9c68c00a9c67c
D26 = 0x00a9c5f800a9c5d0
D27 = 0x00a9c63800a9c61c
D28 = 0x00a9c57800a9c548
D29 = 0x00a9c5b000a9c594
D30 = 0x00a9ca3000a9ca30
D31 = 0x00a9c53c00a9c530
RTEMS version: 6.1.0.not-released
RTEMS tools: 13.3.0 20240521 (RTEMS 6, RSB no-repo, Newlib 1b3dcfd)
executing thread ID: 0x0a010001
executing thread name: UI1 
