
RTEMS Shell on /dev/console. Use 'help' to list commands.
SHLL [/] # nexus0: <RTEMS Nexus device>
info: lo0: link state changed to UP
=== Exp3inter-MT: Task Chain (n=3) MultiThreadedExecutor ===
Period: 200ms, Rounds: 500
[E3IMT-CSV] chain_len,round,e2e_ns,publish_ns,gc_trigger_ns,invoke_cb_ns,getnext_ns,take_data_ns,sched_ns,dispatch_ns
666666
CPP Msg not nullptr
CPP Msg not nullptr
CPP Msg not nullptr
CPP Msg not nullptr
C Msg not NULL
C Msg not NULL
CPP Srv not nullptr
CPP Srv not nullptr
CPP Srv not nullptr
CPP Srv not nullptr
CPP Srv not nullptr
CPP Srv not nullptr
CPP Msg not nullptr
CPP Msg not nullptr
CPP Msg not nullptr
CPP Msg not nullptr
CPP Msg not nullptr
CPP Msg not nullptr
C Msg not NULL
C Msg not NULL
CPP Srv not nullptr
CPP Srv not nullptr
CPP Srv not nullptr
CPP Srv not nullptr
CPP Srv not nullptr
CPP Srv not nullptr
CPP Msg not nullptr
CPP Msg not nullptr
CPP Msg not nullptr
CPP Msg not nullptr
CPP Msg not nullptr
CPP Msg not nullptr
CPP Msg not nullptr
CPP Msg not nullptr
C Msg not NULL
C Msg not NULL
CPP Srv not nullptr
CPP Srv not nullptr
CPP Srv not nullptr
CPP Srv not nullptr
CPP Srv not nullptr
CPP Srv not nullptr
CPP Msg not nullptr
CPP Msg not nullptr
CPP Msg not nullptr
CPP Msg not nullptr
CPP Msg not nullptr
CPP Msg not nullptr
[E3IMT-CSV] 3,0,13298900,1266960,0,0,97320,0,11759450,3767192328
[E3IMT-CSV] 3,1,4287270,1234680,0,0,107250,0,3019340,3886989888
[E3IMT-CSV] 3,2,14702320,4748660,0,0,317430,0,9854690,4307717198
[E3IMT-CSV] 3,3,8995080,4011410,0,0,71310,0,4823690,4705881828
[E3IMT-CSV] 3,4,13175580,4494210,0,0,240080,0,8573450,5107470978
[E3IMT-CSV] 3,5,15780500,4931880,0,0,708770,0,10731830,5509776498
[E3IMT-CSV] 3,6,14239830,4653500,0,0,278770,0,9476960,5907031938
[E3IMT-CSV] 3,7,14554710,4775930,0,0,286850,0,9665940,6307447148
[E3IMT-CSV] 3,8,15859210,4579200,0,0,346170,0,11164260,6708409958
[E3IMT-CSV] 3,9,6828290,3119830,0,0,74380,0,3609510,7096531038
[E3IMT-CSV] 3,10,14940200,4838180,0,0,301790,0,9995120,7507767448
[E3IMT-CSV] 3,11,15172740,4910230,0,0,441610,0,10163110,7907874438
[E3IMT-CSV] 3,12,6030630,3392390,0,0,74990,0,2538160,8295337198
[E3IMT-CSV] 3,13,6795450,3282230,0,0,119240,0,3402350,8700856778
[E3IMT-CSV] 3,14,16826440,5182710,0,0,357690,0,11520820,9116497088
[E3IMT-CSV] 3,15,13974190,4506070,0,0,372890,0,9340270,9506772368
[E3IMT-CSV] 3,16,15107970,4804910,0,0,315910,0,10201520,9907727988
[E3IMT-CSV] 3,17,14222250,4314000,0,0,295000,0,9805570,10308429958
[E3IMT-CSV] 3,18,14725890,4699930,0,0,422390,0,9915300,10708214798
[E3IMT-CSV] 3,19,9713340,3667990,0,0,158110,0,5939660,11100471528
[E3IMT-CSV] 3,20,14795820,5886310,0,0,222020,0,8801500,11509670658
[E3IMT-CSV] 3,21,14957070,4828640,0,0,421370,0,10022690,11908058278
[E3IMT-CSV] 3,22,11764880,4145740,0,0,341650,0,7515460,12303692298
[E3IMT-CSV] 3,23,14774360,4713750,0,0,422920,0,9947850,12708185378
[E3IMT-CSV] 3,24,15350670,4904950,0,0,330680,0,10338370,13108596748
[E3IMT-CSV] 3,25,10749220,3924370,0,0,264520,0,6724620,13501819008
[E3IMT-CSV] 3,26,15346640,4949460,0,0,329550,0,10296170,13908116218
[E3IMT-CSV] 3,27,15024970,4795430,0,0,312390,0,10124540,14307697728
[E3IMT-CSV] 3,28,14691780,4894470,0,0,287790,0,9678890,14707735168
[E3IMT-CSV] 3,29,14789750,4557780,0,0,451400,0,10120830,15108508728
[E3IMT-CSV] 3,30,15487400,5787620,0,0,314220,0,9597010,15508308508
[E3IMT-CSV] 3,31,14864320,4788560,0,0,320190,0,9975780,15907465408
[E3IMT-CSV] 3,32,14764130,4784540,0,0,299370,0,9880700,16307495888
[E3IMT-CSV] 3,33,8320970,3119840,0,0,146600,0,5111290,16696704208
[E3IMT-CSV] 3,34,14148800,4573960,0,0,228840,0,9467190,17107806548
[E3IMT-CSV] 3,35,11269940,4113410,0,0,195240,0,7049050,17502666398
[E3IMT-CSV] 3,36,11125600,4132230,0,0,196300,0,6900820,17902329448
[E3IMT-CSV] 3,37,11593640,4059320,0,0,196720,0,7434110,18302959888
[E3IMT-CSV] 3,38,13899210,4742890,0,0,237550,0,9031850,18707513498
[E3IMT-CSV] 3,39,10951300,4079210,0,0,183760,0,6760960,19102182178
[E3IMT-CSV] 3,40,11336800,4108100,0,0,196150,0,7124720,19502738138
[E3IMT-CSV] 3,41,11308730,4075950,0,0,198650,0,7125640,19902672928
[E3IMT-CSV] 3,42,14997210,4826160,0,0,311080,0,10072740,20307657748
[E3IMT-CSV] 3,43,11867670,4121250,0,0,322840,0,7641570,20703396588
[E3IMT-CSV] 3,44,11151810,4598540,0,0,228290,0,6444560,21102961218
[E3IMT-CSV] 3,45,11618570,4180170,0,0,188520,0,7314350,21503343548
[E3IMT-CSV] 3,46,11032630,4027810,0,0,200960,0,6911920,21902132508
[E3IMT-CSV] 3,47,11175850,4175330,0,0,185520,0,6902710,22302328868
[E3IMT-CSV] 3,48,13190090,4295790,0,0,238080,0,8788520,22705557448
[E3IMT-CSV] 3,49,14553690,4774200,0,0,267570,0,9667560,23107562808
[E3IMT-CSV] 3,50,15154360,5077670,0,0,295480,0,9968270,23508618898
[E3IMT-CSV] 3,51,14845570,5003100,0,0,287360,0,9725330,23907683848
[E3IMT-CSV] 3,52,14865900,4765480,0,0,297230,0,10002260,24307611058
[E3IMT-CSV] 3,53,14584190,5040320,0,0,257130,0,9431050,24708040208
[E3IMT-CSV] 3,54,15003770,4979520,0,0,560320,0,9915680,25108242198
[E3IMT-CSV] 3,55,13933070,4540720,0,0,263440,0,9291070,25506489388
[E3IMT-CSV] 3,56,14166860,4574390,0,0,273720,0,9491370,25906651048
[E3IMT-CSV] 3,57,15049440,4917330,0,0,326310,0,10032090,26307631108
[E3IMT-CSV] 3,58,15229880,4998570,0,0,473320,0,10121360,26708481948
[E3IMT-CSV] 3,59,6054260,3294490,0,0,77500,0,2663830,27093383998
[E3IMT-CSV] 3,60,15341730,4978370,0,0,461010,0,10252620,27508622468
[E3IMT-CSV] 3,61,6699170,3331520,0,0,115150,0,3210540,27899622288
[E3IMT-CSV] 3,62,6294700,3250970,0,0,74690,0,2947270,28295872368
[E3IMT-CSV] 3,63,9549430,1811420,0,0,194940,0,7695580,28695655948
[E3IMT-CSV] 3,64,15164270,4938170,0,0,314030,0,10109720,29108104928
[E3IMT-CSV] 3,65,11713670,5114420,0,0,78490,0,6445310,29510959438
[E3IMT-CSV] 3,66,15710910,5071360,0,0,478990,0,10515070,29909299758
[E3IMT-CSV] 3,67,15254150,4894980,0,0,601050,0,10259810,30307413508
[E3IMT-CSV] 3,68,13230010,5121990,0,0,322760,0,7981550,30707076018
[E3IMT-CSV] 3,69,12359470,4179240,0,0,213230,0,8069930,31103820938
[E3IMT-CSV] 3,70,6639950,3196790,0,0,76290,0,3335270,31498670358
[E3IMT-CSV] 3,71,3182300,1004690,0,0,69860,0,2146150,31883722088
[E3IMT-CSV] 3,72,3356380,1113920,0,0,70650,0,2202730,32284154648
[E3IMT-CSV] 3,73,3228980,1014180,0,0,70810,0,2176150,32683804928
[E3IMT-CSV] 3,74,3236930,1038210,0,0,71420,0,2164710,33083830498
[E3IMT-CSV] 3,75,3244030,1083840,0,0,71390,0,2124110,33483858418
[E3IMT-CSV] 3,76,3216080,1031100,0,0,72920,0,2151680,33883781758
[E3IMT-CSV] 3,77,3248850,1046950,0,0,72780,0,2169070,34283781638
[E3IMT-CSV] 3,78,7212350,1924480,0,0,74140,0,5226550,34693324938
[E3IMT-CSV] 3,79,6654250,1866270,0,0,168030,0,4744530,35089142708
[E3IMT-CSV] 3,80,7687960,2472980,0,0,109110,0,5136920,35495024798
[E3IMT-CSV] 3,81,5531970,1624820,0,0,148090,0,3868160,35887199438
[E3IMT-CSV] 3,82,5859370,1774000,0,0,152230,0,4050870,36287563498
[E3IMT-CSV] 3,83,3828180,1242810,0,0,77860,0,2541870,36685520348
[E3IMT-CSV] 3,84,12587160,3593190,0,0,306240,0,8911710,37102646288
[E3IMT-CSV] 3,85,4581840,1678750,0,0,119060,0,2844090,37488575748
[E3IMT-CSV] 3,86,3559980,1193780,0,0,112420,0,2325360,37885088378
[E3IMT-CSV] 3,87,3789440,1284890,0,0,75380,0,2459120,38285491898
[E3IMT-CSV] 3,88,16127490,5738350,0,0,108270,0,10233320,38716545888
[E3IMT-CSV] 3,89,5320200,1555770,0,0,145750,0,3727180,39088990378
[E3IMT-CSV] 3,90,5377520,1554450,0,0,155340,0,3790210,39486811658
[E3IMT-CSV] 3,91,5694840,1763040,0,0,183110,0,3878610,39890050458
[E3IMT-CSV] 3,92,7075590,2191660,0,0,132330,0,4830760,40290275898
[E3IMT-CSV] 3,93,5174260,1599890,0,0,105370,0,3520590,40687888308
[E3IMT-CSV] 3,94,5163630,1668040,0,0,174300,0,3437370,41088149588
[E3IMT-CSV] 3,95,11634920,3420040,0,0,415290,0,8143850,41498157018
[E3IMT-CSV] 3,96,6571210,2389220,0,0,75310,0,4099090,41892424038
[E3IMT-CSV] 3,97,9142550,2279140,0,0,244290,0,6804500,42294419688
[E3IMT-CSV] 3,98,6269300,1868330,0,0,169150,0,4349840,42691438768
[E3IMT-CSV] 3,99,15191350,4256150,0,0,288420,0,10832330,43108143038
[E3IMT-CSV] 3,100,3621840,1179220,0,0,74310,0,2403170,43484907748
[E3IMT-CSV] 3,101,6981620,2393110,0,0,268430,0,4549110,43888676188
[E3IMT-CSV] 3,102,5990330,1761960,0,0,157700,0,4191040,44287681598
[E3IMT-CSV] 3,103,10031850,2582010,0,0,254230,0,7379360,44694677568
[E3IMT-CSV] 3,104,4379770,1529590,0,0,107010,0,2805760,45086133198
[E3IMT-CSV] 3,105,6165670,1801640,0,0,173010,0,4324370,45487732678
[E3IMT-CSV] 3,106,3351520,1000450,0,0,80040,0,2319580,45883649398
[E3IMT-CSV] 3,107,5559060,1620530,0,0,147100,0,3899350,46287008238
[E3IMT-CSV] 3,108,4266720,1425450,0,0,75080,0,2793230,46686856098
[E3IMT-CSV] 3,109,6610660,2017460,0,0,123690,0,4546700,47090810278
[E3IMT-CSV] 3,110,11738510,3624660,0,0,441490,0,8047040,47498191498
[E3IMT-CSV] 3,111,5914520,1686740,0,0,268720,0,4192470,47887476808
[E3IMT-CSV] 3,112,5590930,1617510,0,0,152000,0,3938490,48286939698
[E3IMT-CSV] 3,113,10579510,2898110,0,0,255590,0,7614780,48696592118
[E3IMT-CSV] 3,114,8352670,4483240,0,0,116360,0,3525980,49097881068
[E3IMT-CSV] 3,115,11354420,3292570,0,0,263150,0,7998970,49497314538
[E3IMT-CSV] 3,116,13868300,3826480,0,0,268870,0,9951140,49907167678
[E3IMT-CSV] 3,117,15768120,5240200,0,0,319640,0,10414380,50308528718
[E3IMT-CSV] 3,118,7868320,2797570,0,0,82570,0,4992750,50697163248
[E3IMT-CSV] 3,119,7809240,2763890,0,0,173870,0,4986850,51092381638
[E3IMT-CSV] 3,120,5194540,1572540,0,0,225720,0,3584550,51486422568
[E3IMT-CSV] 3,121,5901030,1699980,0,0,110450,0,4159320,51889741968
[E3IMT-CSV] 3,122,14346900,4086980,0,0,317860,0,10174880,52303815658
[E3IMT-CSV] 3,123,6542200,1741450,0,0,157570,0,4757840,52688712738
[E3IMT-CSV] 3,124,5340420,1630670,0,0,142840,0,3672340,53086655638
[E3IMT-CSV] 3,125,4811650,1353010,0,0,180060,0,3425860,53486168138
[E3IMT-CSV] 3,126,11687560,3368180,0,0,293700,0,8255710,53897504288
[E3IMT-CSV] 3,127,10444700,3125570,0,0,81930,0,7235410,54302335828
[E3IMT-CSV] 3,128,6638010,2491900,0,0,76330,0,4065400,54692685998
[E3IMT-CSV] 3,129,6911290,3304210,0,0,86990,0,3515670,55094708678
[E3IMT-CSV] 3,130,7913210,2577000,0,0,114970,0,5255340,55497001408
[E3IMT-CSV] 3,131,6447810,1821300,0,0,113040,0,4582390,55888697418
[E3IMT-CSV] 3,132,5578230,1639630,0,0,150100,0,3901770,56286947528
[E3IMT-CSV] 3,133,6608790,1833520,0,0,159000,0,4729010,56689112468
[E3IMT-CSV] 3,134,6674870,1868880,0,0,121200,0,4761130,57091469998
[E3IMT-CSV] 3,135,6412180,1745330,0,0,75910,0,4611620,57491331188
[E3IMT-CSV] 3,136,5787970,1705850,0,0,182280,0,4043950,57887411738
[E3IMT-CSV] 3,137,3168510,991900,0,0,78750,0,2145560,58283415638
[E3IMT-CSV] 3,138,14613790,4638880,0,0,287540,0,9886900,58705191678
[E3IMT-CSV] 3,139,6984690,2258390,0,0,121910,0,4646650,59093718558
[E3IMT-CSV] 3,140,13944610,4268390,0,0,328900,0,9549350,59505643338
[E3IMT-CSV] 3,141,13105760,3796030,0,0,306120,0,9229050,59901078108
[E3IMT-CSV] 3,142,7048350,2378220,0,0,76500,0,4565870,60293096698
[E3IMT-CSV] 3,143,5688000,1711790,0,0,143150,0,3931760,60687059388
[E3IMT-CSV] 3,144,6633720,1768160,0,0,168850,0,4823810,61090692878
[E3IMT-CSV] 3,145,7491880,2347870,0,0,134870,0,5090340,61492908828
[E3IMT-CSV] 3,146,5340840,1591880,0,0,218870,0,3716790,61886440248
[E3IMT-CSV] 3,147,7189110,1684070,0,0,267670,0,5447640,62292848198
[E3IMT-CSV] 3,148,5281070,1692740,0,0,123800,0,3543610,62687068778
[E3IMT-CSV] 3,149,4534660,2265860,0,0,71840,0,2170290,63092042268
[E3IMT-CSV] 3,150,14305750,3918640,0,0,448840,0,10315460,63502683198
[E3IMT-CSV] 3,151,4720300,1516390,0,0,97450,0,3159720,63886415558
[E3IMT-CSV] 3,152,6499040,2050430,0,0,127870,0,4392720,64291450738
[E3IMT-CSV] 3,153,8802110,2596580,0,0,203180,0,6144720,64693328328
[E3IMT-CSV] 3,154,5189380,1530180,0,0,237110,0,3625370,65086368328
[E3IMT-CSV] 3,155,6442390,1857690,0,0,125710,0,4544820,65490710778
[E3IMT-CSV] 3,156,6244440,1755020,0,0,182650,0,4452070,65887836088
[E3IMT-CSV] 3,157,7991880,2136650,0,0,359060,0,5812650,66290711388
[E3IMT-CSV] 3,158,5909770,1649700,0,0,151930,0,4216440,66689826048
[E3IMT-CSV] 3,159,12434650,3657890,0,0,505140,0,8700260,67099035948
[E3IMT-CSV] 3,160,5554720,1615030,0,0,151160,0,3904890,67486722758
[E3IMT-CSV] 3,161,5645540,1606430,0,0,160250,0,4005570,67886781848
[E3IMT-CSV] 3,162,6089650,1677880,0,0,180840,0,4376200,68289651988
[E3IMT-CSV] 3,163,9304610,3529270,0,0,114280,0,5338960,68701772798
[E3IMT-CSV] 3,164,5092670,1306270,0,0,158600,0,3749670,69086015378
[E3IMT-CSV] 3,165,5105440,1703240,0,0,103810,0,3349170,69488231508
[E3IMT-CSV] 3,166,6609830,2924780,0,0,75680,0,3596780,69892836948
[E3IMT-CSV] 3,167,4610460,1359030,0,0,90160,0,3126390,70286846408
[E3IMT-CSV] 3,168,5012540,1723240,0,0,102650,0,3234000,70688110588
[E3IMT-CSV] 3,169,6541950,1719130,0,0,92890,0,4769690,71091320718
[E3IMT-CSV] 3,170,6290650,1789040,0,0,175790,0,4462510,71487912238
[E3IMT-CSV] 3,171,6097400,1984700,0,0,119330,0,4059140,71891155048
[E3IMT-CSV] 3,172,7123760,1813580,0,0,71830,0,5257280,72292929348
[E3IMT-CSV] 3,173,3687990,1151330,0,0,79000,0,2503750,72683964558
[E3IMT-CSV] 3,174,6885920,2267270,0,0,147670,0,4467040,73091557608
[E3IMT-CSV] 3,175,6639130,2278830,0,0,129870,0,4310990,73489454208
[E3IMT-CSV] 3,176,7252210,1789720,0,0,180560,0,5404460,73892608358
[E3IMT-CSV] 3,177,12004370,3475770,0,0,305950,0,8454610,74298589768
[E3IMT-CSV] 3,178,3753420,1176980,0,0,89680,0,2541670,74684065278
[E3IMT-CSV] 3,179,10342950,2641550,0,0,267620,0,7554900,75094759008
[E3IMT-CSV] 3,180,7176860,3080490,0,0,72490,0,4008390,75495899278
[E3IMT-CSV] 3,181,5560340,1644030,0,0,140150,0,3870680,75886790438
[E3IMT-CSV] 3,182,6555470,1631410,0,0,175720,0,4883650,76290417838
[E3IMT-CSV] 3,183,4983640,1477170,0,0,135800,0,3467400,76688178248
[E3IMT-CSV] 3,184,6853270,2213740,0,0,122890,0,4575470,77092271798
[E3IMT-CSV] 3,185,6761190,1829420,0,0,158610,0,4888610,77488840968
[E3IMT-CSV] 3,186,6926820,1814800,0,0,185850,0,5071360,77890884738
[E3IMT-CSV] 3,187,15295820,4826300,0,0,459920,0,10370310,78309339008
[E3IMT-CSV] 3,188,5704070,1975880,0,0,111170,0,3664360,78689690108
[E3IMT-CSV] 3,189,4207070,1234010,0,0,121000,0,2941130,79084487968
[E3IMT-CSV] 3,190,6623120,1781030,0,0,183910,0,4804770,79490494858
[E3IMT-CSV] 3,191,9585180,3566310,0,0,172660,0,5810550,79899683518
[E3IMT-CSV] 3,192,6635990,1830590,0,0,313740,0,4758230,80290526228
[E3IMT-CSV] 3,193,4760370,1303720,0,0,193290,0,3419440,80689666688
[E3IMT-CSV] 3,194,7399530,2889490,0,0,70670,0,4435750,81094029988
[E3IMT-CSV] 3,195,5700190,1658860,0,0,150230,0,4003810,81486895468
[E3IMT-CSV] 3,196,15524370,4662610,0,0,504130,0,10610650,81908861448
[E3IMT-CSV] 3,197,6401120,1795020,0,0,178600,0,4567330,82287987288
[E3IMT-CSV] 3,198,5736540,1662840,0,0,234160,0,4032680,82687302448
[E3IMT-CSV] 3,199,14489800,4027290,0,0,402990,0,10384190,83104375888
[E3IMT-CSV] 3,200,6435170,1853290,0,0,119710,0,4538000,83490559058
[E3IMT-CSV] 3,201,15086570,4652800,0,0,316320,0,10337440,83905480858
[E3IMT-CSV] 3,202,5769990,1631420,0,0,163780,0,4102880,84286930218
[E3IMT-CSV] 3,203,7134670,2318530,0,0,139710,0,4746970,84693727148
[E3IMT-CSV] 3,204,6898720,1896400,0,0,273590,0,4958480,85091052328
[E3IMT-CSV] 3,205,6200450,2302690,0,0,108680,0,3857720,85487599728
[E3IMT-CSV] 3,206,14639860,3998650,0,0,323300,0,10540810,85904697288
[E3IMT-CSV] 3,207,6541620,3133490,0,0,73140,0,3302910,86293982508
[E3IMT-CSV] 3,208,20465960,5281270,0,0,675620,0,15078820,86715026638
[E3IMT-CSV] 3,209,7062520,1870870,0,0,271120,0,5148770,87091183318
[E3IMT-CSV] 3,210,12587450,3246640,0,0,449250,0,9264180,87501848868
[E3IMT-CSV] 3,211,11742510,3089390,0,0,268370,0,8584920,87897321488
[E3IMT-CSV] 3,212,7477100,2300700,0,0,70760,0,5102320,88293623568
[E3IMT-CSV] 3,213,5303050,1737740,0,0,99340,0,3497790,88690824898
[E3IMT-CSV] 3,214,8307990,3865090,0,0,118880,0,4339370,89096665628
[E3IMT-CSV] 3,215,8489050,2151480,0,0,239610,0,6284530,89493482258
[E3IMT-CSV] 3,216,7223260,1720920,0,0,182380,0,5445230,89894411668
[E3IMT-CSV] 3,217,11217550,2941170,0,0,263290,0,8202890,90296624638
[E3IMT-CSV] 3,218,11443020,2734740,0,0,314050,0,8644070,90699809078
[E3IMT-CSV] 3,219,12145690,3510140,0,0,440520,0,8567240,91100542738
[E3IMT-CSV] 3,220,5873560,1662220,0,0,169750,0,4176360,91486989768
[E3IMT-CSV] 3,221,6122180,1761120,0,0,118530,0,4318940,91889847688
[E3IMT-CSV] 3,222,3839280,1160150,0,0,83210,0,2646450,92284614848
[E3IMT-CSV] 3,223,6855500,1973740,0,0,129480,0,4815640,92691983258
[E3IMT-CSV] 3,224,5552350,1592830,0,0,246200,0,3923510,93086449148
[E3IMT-CSV] 3,225,16952800,5204280,0,0,523890,0,11644400,93511603628
[E3IMT-CSV] 3,226,7961770,2204130,0,0,346290,0,5712660,93892546148
[E3IMT-CSV] 3,227,6577570,1671780,0,0,178350,0,4865450,94290189278
[E3IMT-CSV] 3,228,10686180,2849690,0,0,282560,0,7772340,94697519598
[E3IMT-CSV] 3,229,14913290,4539980,0,0,308440,0,10269590,95108473638
[E3IMT-CSV] 3,230,8420910,3300010,0,0,141680,0,5042570,95494065188
[E3IMT-CSV] 3,231,5827220,1679500,0,0,159300,0,4113020,95886920098
[E3IMT-CSV] 3,232,6004720,1694840,0,0,182780,0,4273350,96287248728
[E3IMT-CSV] 3,233,10463840,2762640,0,0,270720,0,7642790,96696337338
[E3IMT-CSV] 3,234,3234250,1004410,0,0,78970,0,2197290,97085136658
[E3IMT-CSV] 3,235,6082480,1718440,0,0,171020,0,4313230,97487216198
[E3IMT-CSV] 3,236,6037920,1713000,0,0,178470,0,4284440,97887121578
[E3IMT-CSV] 3,237,5713290,1630490,0,0,158900,0,4047440,98286613648
[E3IMT-CSV] 3,238,7717700,2057360,0,0,193610,0,5613010,98692076808
[E3IMT-CSV] 3,239,3563900,1126030,0,0,83940,0,2407720,99085442208
[E3IMT-CSV] 3,240,5675030,1591420,0,0,152900,0,4042470,99488798248
[E3IMT-CSV] 3,241,6819160,1824470,0,0,170790,0,4954420,99890603528
[E3IMT-CSV] 3,242,5230310,1550710,0,0,141490,0,3644930,100286024598
[E3IMT-CSV] 3,243,6030620,1707450,0,0,152680,0,4281460,100689399198
[E3IMT-CSV] 3,244,5858650,1670180,0,0,256910,0,4150860,101087032338
[E3IMT-CSV] 3,245,8514860,2171350,0,0,238090,0,6271840,101493328468
[E3IMT-CSV] 3,246,6119180,2044310,0,0,137610,0,4024300,101890527808
[E3IMT-CSV] 3,247,15174760,4711780,0,0,323340,0,10363830,102305227438
[E3IMT-CSV] 3,248,5879940,1619290,0,0,248970,0,4216040,102689018988
[E3IMT-CSV] 3,249,15164820,4971120,0,0,416510,0,10081560,103109172668
[E3IMT-CSV] 3,250,6013150,1674940,0,0,163930,0,4288850,103489379558
[E3IMT-CSV] 3,251,5767940,1652990,0,0,159200,0,4080520,103886650718
[E3IMT-CSV] 3,252,14758260,4429460,0,0,455340,0,10081610,104305283978
[E3IMT-CSV] 3,253,15718300,5563990,0,0,301590,0,10063330,104708901728
[E3IMT-CSV] 3,254,7315800,2135250,0,0,196520,0,5133300,105092115498
[E3IMT-CSV] 3,255,6130050,1781120,0,0,167450,0,4301890,105487517528
[E3IMT-CSV] 3,256,6311920,1901190,0,0,225130,0,4362090,105890283078
[E3IMT-CSV] 3,257,4925400,1277230,0,0,227760,0,3612930,106285320278
[E3IMT-CSV] 3,258,14140120,4126760,0,0,474500,0,9914390,106705451738
[E3IMT-CSV] 3,259,5822900,1755600,0,0,110830,0,4025860,107089460678
[E3IMT-CSV] 3,260,6303130,1844490,0,0,151780,0,4417420,107487560678
[E3IMT-CSV] 3,261,5077290,1418850,0,0,145730,0,3617780,107887708768
[E3IMT-CSV] 3,262,7247070,1949550,0,0,357330,0,5251860,108289284618
[E3IMT-CSV] 3,263,6077250,1776820,0,0,143990,0,4242160,108691449658
[E3IMT-CSV] 3,264,3972790,1294780,0,0,76450,0,2627630,109085050328
[E3IMT-CSV] 3,265,6049400,1689620,0,0,172460,0,4318520,109489216458
[E3IMT-CSV] 3,266,4730980,1405080,0,0,123810,0,3294120,109886921988
[E3IMT-CSV] 3,267,5686530,1630950,0,0,156350,0,4019270,110286542448
[E3IMT-CSV] 3,268,3832160,1251430,0,0,81290,0,2536880,110684736458
[E3IMT-CSV] 3,269,10380400,2596510,0,0,402310,0,7720450,111095884688
[E3IMT-CSV] 3,270,15813720,4794140,0,0,441600,0,10912250,111512550858
[E3IMT-CSV] 3,271,14001940,3917900,0,0,489950,0,10007240,111904370968
[E3IMT-CSV] 3,272,14784940,4651840,0,0,317910,0,10035010,112307217358
[E3IMT-CSV] 3,273,5765300,1575980,0,0,153900,0,4142670,112688828028
[E3IMT-CSV] 3,274,12000340,3368330,0,0,303430,0,8561700,113100175148
[E3IMT-CSV] 3,275,13913730,4023970,0,0,330810,0,9812920,113504359768
[E3IMT-CSV] 3,276,14464530,4432320,0,0,303460,0,9918460,113907670468
[E3IMT-CSV] 3,277,7539340,2950920,0,0,75090,0,4496970,114296053278
[E3IMT-CSV] 3,278,6202640,1936340,0,0,125240,0,4215050,114688352418
[E3IMT-CSV] 3,279,9742760,2555980,0,0,269590,0,7131700,115093566318
[E3IMT-CSV] 3,280,12298630,2828120,0,0,532880,0,9400770,115500439258
[E3IMT-CSV] 3,281,4715260,1286400,0,0,138560,0,3399830,115884775208
[E3IMT-CSV] 3,282,5211230,1485120,0,0,144560,0,3688510,116287940078
[E3IMT-CSV] 3,283,6110260,1611540,0,0,165070,0,4453660,116689526578
[E3IMT-CSV] 3,284,4838510,1333180,0,0,191920,0,3466290,117087313168
[E3IMT-CSV] 3,285,18946260,5989260,0,0,296970,0,12822770,117518935548
[E3IMT-CSV] 3,286,7683990,1872600,0,0,190440,0,5766280,117891933888
[E3IMT-CSV] 3,287,4374110,1318550,0,0,111010,0,3021750,118286379588
[E3IMT-CSV] 3,288,7793640,2369050,0,0,72010,0,5342570,118697714308
[E3IMT-CSV] 3,289,5119920,1509620,0,0,136530,0,3570160,119086093678
[E3IMT-CSV] 3,290,6728020,1852570,0,0,182970,0,4832650,119488273048
[E3IMT-CSV] 3,291,10551720,2875450,0,0,263280,0,7617030,119894684738
[E3IMT-CSV] 3,292,4860130,1392570,0,0,235100,0,3433420,120287624738
[E3IMT-CSV] 3,293,7542030,2184950,0,0,138690,0,5303230,120693323938
[E3IMT-CSV] 3,294,4685920,1255050,0,0,117130,0,3395100,121084969308
[E3IMT-CSV] 3,295,6275890,1751880,0,0,169690,0,4481070,121489768218
[E3IMT-CSV] 3,296,6529910,1803140,0,0,166380,0,4682990,121888032738
[E3IMT-CSV] 3,297,6294100,2207510,0,0,131590,0,4037860,122291502818
[E3IMT-CSV] 3,298,6060670,1729870,0,0,142690,0,4288690,122687446718
[E3IMT-CSV] 3,299,5006850,1437660,0,0,246670,0,3532380,123087551438
[E3IMT-CSV] 3,300,8203390,2088630,0,0,232290,0,5985090,123491876308
[E3IMT-CSV] 3,301,5389490,1557940,0,0,146960,0,3793800,123886426518
[E3IMT-CSV] 3,302,4885000,1347950,0,0,122850,0,3499120,124285203008
[E3IMT-CSV] 3,303,11192480,3214790,0,0,234200,0,7905740,124700323798
[E3IMT-CSV] 3,304,14614850,4377360,0,0,330080,0,10147790,125106530868
[E3IMT-CSV] 3,305,6926960,1956990,0,0,160170,0,4840270,125491347308
[E3IMT-CSV] 3,306,14535030,4571680,0,0,247990,0,9734280,125906461698
[E3IMT-CSV] 3,307,5491510,1494710,0,0,154400,0,3959360,126288154118
[E3IMT-CSV] 3,308,5833850,1639100,0,0,169630,0,4151870,126687141538
[E3IMT-CSV] 3,309,13413060,4667420,0,0,269780,0,8620680,127104437178
[E3IMT-CSV] 3,310,5550880,1604310,0,0,241820,0,3909850,127488701018
[E3IMT-CSV] 3,311,5765450,1530400,0,0,175710,0,4199410,127886346918
[E3IMT-CSV] 3,312,13985990,3642300,0,0,356390,0,10263750,128300511788
[E3IMT-CSV] 3,313,7514520,1985760,0,0,196960,0,5477500,128691530248
[E3IMT-CSV] 3,314,5860410,1662710,0,0,240560,0,4158200,129088759868
[E3IMT-CSV] 3,315,7016210,2766040,0,0,126320,0,4136580,129496206318
[E3IMT-CSV] 3,316,11244320,3108880,0,0,317130,0,8077910,129898461448
[E3IMT-CSV] 3,317,6100760,1709940,0,0,184370,0,4354350,130288923918
[E3IMT-CSV] 3,318,10322070,2718800,0,0,288430,0,7541500,130697305498
[E3IMT-CSV] 3,319,3299210,984470,0,0,79120,0,2276960,131084900568
[E3IMT-CSV] 3,320,8109030,2332860,0,0,229980,0,5725250,131492318438
[E3IMT-CSV] 3,321,5141220,1449120,0,0,152620,0,3657650,131887487918
[E3IMT-CSV] 3,322,3987200,1329990,0,0,90280,0,2615910,132286901078
[E3IMT-CSV] 3,323,10206770,2612540,0,0,248420,0,7386820,132696185088
[E3IMT-CSV] 3,324,6625650,1632240,0,0,176260,0,4955270,133089471368
[E3IMT-CSV] 3,325,5941300,1617020,0,0,310640,0,4284580,133488700918
[E3IMT-CSV] 3,326,4687740,1262780,0,0,123790,0,3330860,133886658548
[E3IMT-CSV] 3,327,5168070,1444180,0,0,220790,0,3689840,134287541638
[E3IMT-CSV] 3,328,10414540,2957320,0,0,248230,0,7313130,134696561728
[E3IMT-CSV] 3,329,5102490,1497890,0,0,146480,0,3564390,135087580528
[E3IMT-CSV] 3,330,5346860,1518450,0,0,152990,0,3792530,135487822758
[E3IMT-CSV] 3,331,9013260,2419550,0,0,209970,0,6537150,135895101938
[E3IMT-CSV] 3,332,7817510,2861420,0,0,74370,0,4873880,136300394758
[E3IMT-CSV] 3,333,4386960,1308830,0,0,89000,0,2921830,136687609318
[E3IMT-CSV] 3,334,4015130,1350040,0,0,82730,0,2621850,137087004858
[E3IMT-CSV] 3,335,6383710,1644780,0,0,179730,0,4695830,137489632348
[E3IMT-CSV] 3,336,5734650,1615190,0,0,151930,0,4081170,137888410438
[E3IMT-CSV] 3,337,6740260,2126610,0,0,185060,0,4562750,138291154668
[E3IMT-CSV] 3,338,6735300,1838310,0,0,178010,0,4852800,138690240558
[E3IMT-CSV] 3,339,6585620,2175260,0,0,141590,0,4350180,139091840478
[E3IMT-CSV] 3,340,3981270,1241490,0,0,90460,0,2701570,139486471958
[E3IMT-CSV] 3,341,6169240,1702710,0,0,176300,0,4426800,139889129188
[E3IMT-CSV] 3,342,4750460,1274990,0,0,130180,0,3442580,140286886078
[E3IMT-CSV] 3,343,3810970,1249250,0,0,80540,0,2525050,140685964408
[E3IMT-CSV] 3,344,3940880,1231130,0,0,86310,0,2671820,141086256338
[E3IMT-CSV] 3,345,3572120,1224500,0,0,127210,0,2301210,141485582598
[E3IMT-CSV] 3,346,6461490,1720350,0,0,181470,0,4701060,141889466488
[E3IMT-CSV] 3,347,3824850,1216600,0,0,82540,0,2572750,142285989938
[E3IMT-CSV] 3,348,9575530,3628280,0,0,164030,0,5868870,142697579478
[E3IMT-CSV] 3,349,6897160,1840630,0,0,285310,0,5011080,143090395128
[E3IMT-CSV] 3,350,6133240,1726150,0,0,165390,0,4364680,143489059638
[E3IMT-CSV] 3,351,6301930,1728360,0,0,159720,0,4525700,143889832038
[E3IMT-CSV] 3,352,4576730,1239360,0,0,122140,0,3245200,144286451558
[E3IMT-CSV] 3,353,5089930,1591690,0,0,154890,0,3439220,144688617918
[E3IMT-CSV] 3,354,8559370,2440120,0,0,232550,0,6064630,145093315828
[E3IMT-CSV] 3,355,5687280,1545460,0,0,159900,0,4106800,145488140768
[E3IMT-CSV] 3,356,13356040,3871940,0,0,483770,0,9405100,145902456958
[E3IMT-CSV] 3,357,4977310,1297480,0,0,147660,0,3648850,146287101028
[E3IMT-CSV] 3,358,13948490,4166630,0,0,336640,0,9554110,146705044468
[E3IMT-CSV] 3,359,11383920,3584850,0,0,415000,0,7723910,147099137568
[E3IMT-CSV] 3,360,4921090,1337460,0,0,219730,0,3551800,147486920488
[E3IMT-CSV] 3,361,7619400,1962200,0,0,295830,0,5610260,147891229018
[E3IMT-CSV] 3,362,11361580,3078960,0,0,446140,0,8188300,148298490628
[E3IMT-CSV] 3,363,6450340,2294600,0,0,117980,0,4078470,148692872898
[E3IMT-CSV] 3,364,5577230,1551860,0,0,136800,0,3988040,149088161128
[E3IMT-CSV] 3,365,3296830,1003830,0,0,70550,0,2262090,149484663008
[E3IMT-CSV] 3,366,11266710,2992150,0,0,289370,0,8215760,149897895458
[E3IMT-CSV] 3,367,5904800,1537700,0,0,166460,0,4253790,150289055448
[E3IMT-CSV] 3,368,8948860,2402930,0,0,158170,0,6483520,150696311188
[E3IMT-CSV] 3,369,6534680,2177960,0,0,140790,0,4293260,151092015128
[E3IMT-CSV] 3,370,4560730,1507890,0,0,151160,0,3000700,151488300968
[E3IMT-CSV] 3,371,5771690,1555010,0,0,163100,0,4178140,151888281518
[E3IMT-CSV] 3,372,7546490,1882060,0,0,210930,0,5609290,152293622258
[E3IMT-CSV] 3,373,14653970,4608850,0,0,423400,0,9934530,152710657368
[E3IMT-CSV] 3,374,5097440,1369000,0,0,136410,0,3694030,153087240248
[E3IMT-CSV] 3,375,5581300,1707490,0,0,142620,0,3824750,153489002498
[E3IMT-CSV] 3,376,6311420,1692400,0,0,178850,0,4581780,153889146138
[E3IMT-CSV] 3,377,5267800,1503900,0,0,211230,0,3731560,154287438888
[E3IMT-CSV] 3,378,6131510,1681570,0,0,163680,0,4407370,154688951988
[E3IMT-CSV] 3,379,5796170,1589970,0,0,152010,0,4166580,155088315138
[E3IMT-CSV] 3,380,7442950,1857320,0,0,204850,0,5541860,155490762138
[E3IMT-CSV] 3,381,5718900,1587020,0,0,151550,0,4093840,155888271838
[E3IMT-CSV] 3,382,5731550,1567100,0,0,154220,0,4125800,156288203658
[E3IMT-CSV] 3,383,8145250,2746680,0,0,189230,0,5332270,156693522478
[E3IMT-CSV] 3,384,11231500,4002810,0,0,199030,0,7113110,157103199158
[E3IMT-CSV] 3,385,4407330,1420320,0,0,83420,0,2937070,157487038468
[E3IMT-CSV] 3,386,6681590,1807550,0,0,181220,0,4829500,157889783138
[E3IMT-CSV] 3,387,10308530,2782720,0,0,244350,0,7457850,158298207608
[E3IMT-CSV] 3,388,4478140,1356280,0,0,97530,0,3075950,158687823938
[E3IMT-CSV] 3,389,3273190,1077250,0,0,72890,0,2164080,159084640978
[E3IMT-CSV] 3,390,9413410,2159200,0,0,1441060,0,7194240,159496912128
[E3IMT-CSV] 3,391,5881680,1618570,0,0,159890,0,4225290,159888387408
[E3IMT-CSV] 3,392,3596520,1175120,0,0,71560,0,2377990,160285175168
[E3IMT-CSV] 3,393,13137450,3754010,0,0,316080,0,9307210,160702348598
[E3IMT-CSV] 3,394,6316710,1648940,0,0,244790,0,4614990,161091942568
[E3IMT-CSV] 3,395,5628130,1497530,0,0,156310,0,4087940,161489137328
[E3IMT-CSV] 3,396,3121300,970340,0,0,71740,0,2115750,161884263838
[E3IMT-CSV] 3,397,5143160,1623520,0,0,234010,0,3470180,162289014068
[E3IMT-CSV] 3,398,17114580,4508220,0,0,628220,0,12515970,162708335108
[E3IMT-CSV] 3,399,6102510,1671160,0,0,162930,0,4390330,163088686708
[E3IMT-CSV] 3,400,5175220,1445940,0,0,221450,0,3695690,163487292198
[E3IMT-CSV] 3,401,6188070,2754990,0,0,74210,0,3357520,163892900428
[E3IMT-CSV] 3,402,7800990,2108730,0,0,75520,0,5619460,164295631418
[E3IMT-CSV] 3,403,5106230,1475150,0,0,140840,0,3591150,164687289458
[E3IMT-CSV] 3,404,5219790,1516770,0,0,144950,0,3664720,165087481488
[E3IMT-CSV] 3,405,3758040,1165350,0,0,153930,0,2559320,165485024598
[E3IMT-CSV] 3,406,5710350,1495700,0,0,218860,0,4180430,165887891748
[E3IMT-CSV] 3,407,5251090,1495970,0,0,213640,0,3721400,166287297168
[E3IMT-CSV] 3,408,5990810,1702600,0,0,150450,0,4246250,166688744888
[E3IMT-CSV] 3,409,5203200,1512020,0,0,136880,0,3652970,167087528088
[E3IMT-CSV] 3,410,7038530,2833170,0,0,77290,0,4121630,167494710698
[E3IMT-CSV] 3,411,15123400,4377720,0,0,320110,0,10645700,167907878848
[E3IMT-CSV] 3,412,5491160,1557920,0,0,148920,0,3883310,168287850658
[E3IMT-CSV] 3,413,3528310,1109410,0,0,79780,0,2381520,168684745298
[E3IMT-CSV] 3,414,5730620,1578560,0,0,147980,0,4111010,169088153328
[E3IMT-CSV] 3,415,6715990,1623220,0,0,176860,0,5042630,169489206888
[E3IMT-CSV] 3,416,4468370,1284610,0,0,133370,0,3153560,169885966738
[E3IMT-CSV] 3,417,4660960,1273570,0,0,113830,0,3351780,170286352208
[E3IMT-CSV] 3,418,14794310,4392540,0,0,326860,0,10308460,170706203878
[E3IMT-CSV] 3,419,4140950,1335990,0,0,77290,0,2759710,171087486018
[E3IMT-CSV] 3,420,3720190,1197640,0,0,85290,0,2488950,171485653228
[E3IMT-CSV] 3,421,3589920,1171050,0,0,126200,0,2373350,171885145278
[E3IMT-CSV] 3,422,4623180,1910060,0,0,131260,0,2648460,172289811288
[E3IMT-CSV] 3,423,8966930,2309970,0,0,241220,0,6604710,172693264598
[E3IMT-CSV] 3,424,6030580,1659860,0,0,171350,0,4331020,173088646348
[E3IMT-CSV] 3,425,5379220,1851310,0,0,106710,0,3467170,173489826928
[E3IMT-CSV] 3,426,3387480,1040850,0,0,80560,0,2314950,173885977528
[E3IMT-CSV] 3,427,3738040,1366340,0,0,70610,0,2316260,174287034268
[E3IMT-CSV] 3,428,10268240,2498620,0,0,277500,0,7620130,174695581768
[E3IMT-CSV] 3,429,11466920,3373260,0,0,252790,0,8026370,175098578148
[E3IMT-CSV] 3,430,6699980,2007470,0,0,159880,0,4631360,175491557288
[E3IMT-CSV] 3,431,8132190,2605290,0,0,122530,0,5455880,175895790678
[E3IMT-CSV] 3,432,5924390,1655650,0,0,303020,0,4229370,176288277558
[E3IMT-CSV] 3,433,8491890,2375580,0,0,70510,0,6035390,176698449058
[E3IMT-CSV] 3,434,8235850,2377420,0,0,210640,0,5723980,177093068038
[E3IMT-CSV] 3,435,7989250,2880510,0,0,152180,0,5041040,177495314938
[E3IMT-CSV] 3,436,5330120,1543020,0,0,154270,0,3750420,177887476708
[E3IMT-CSV] 3,437,6602600,1822810,0,0,168880,0,4735740,178289495628
[E3IMT-CSV] 3,438,7062420,2389690,0,0,156280,0,4610830,178692426068
[E3IMT-CSV] 3,439,5754010,1866390,0,0,150410,0,3838310,179089543158
[E3IMT-CSV] 3,440,4314380,1309980,0,0,100180,0,2963360,179487297328
[E3IMT-CSV] 3,441,5789980,1742220,0,0,140500,0,3922920,179888953288
[E3IMT-CSV] 3,442,7442370,2143020,0,0,143960,0,5238130,180292852098
[E3IMT-CSV] 3,443,6438580,1651170,0,0,168420,0,4743630,180689294768
[E3IMT-CSV] 3,444,3921010,1249390,0,0,86100,0,2634740,181085895038
[E3IMT-CSV] 3,445,4004610,1216250,0,0,83330,0,2678980,181486626378
[E3IMT-CSV] 3,446,5569790,1555360,0,0,152840,0,3973790,181887652088
[E3IMT-CSV] 3,447,5019630,1459260,0,0,205670,0,3520720,182286903768
[E3IMT-CSV] 3,448,5797360,1766300,0,0,178960,0,3975600,182690597348
[E3IMT-CSV] 3,449,5568660,1568700,0,0,158070,0,3963050,183087626878
[E3IMT-CSV] 3,450,3971750,1249720,0,0,138620,0,2685290,183485896438
[E3IMT-CSV] 3,451,8449560,2013510,0,0,255360,0,6392460,183891905028
[E3IMT-CSV] 3,452,10279970,2912960,0,0,509870,0,7305480,184296373378
[E3IMT-CSV] 3,453,8930510,2677020,0,0,423810,0,6199960,184695551758
[E3IMT-CSV] 3,454,6552120,1736620,0,0,263110,0,4772400,185090083578
[E3IMT-CSV] 3,455,7509390,2203390,0,0,351920,0,5251900,185491991838
[E3IMT-CSV] 3,456,5559760,1532520,0,0,152720,0,3990730,185887620138
[E3IMT-CSV] 3,457,6029590,1659740,0,0,163370,0,4326330,186288351158
[E3IMT-CSV] 3,458,3307000,1119640,0,0,73080,0,2151980,186684450788
[E3IMT-CSV] 3,459,4043000,1276230,0,0,84220,0,2726120,187086010638
[E3IMT-CSV] 3,460,6175360,1698520,0,0,159610,0,4428320,187488547688
[E3IMT-CSV] 3,461,7782600,2127220,0,0,205520,0,5597510,187892999098
[E3IMT-CSV] 3,462,6475690,1674430,0,0,195070,0,4761770,188289156748
[E3IMT-CSV] 3,463,8945810,2457300,0,0,245090,0,6331680,188694021998
[E3IMT-CSV] 3,464,4822000,1429840,0,0,134700,0,3346840,189086995228
[E3IMT-CSV] 3,465,6634980,1816300,0,0,206190,0,4774420,189489466648
[E3IMT-CSV] 3,466,6093210,1543380,0,0,161350,0,4515990,189890073578
[E3IMT-CSV] 3,467,7973850,2364710,0,0,185710,0,5547410,190294315738
[E3IMT-CSV] 3,468,15344320,4438220,0,0,364530,0,10806360,190707988938
[E3IMT-CSV] 3,469,6575770,1829500,0,0,163770,0,4697450,191091376148
[E3IMT-CSV] 3,470,3532840,1161800,0,0,73010,0,2337140,191484824998
[E3IMT-CSV] 3,471,4320410,1365970,0,0,93320,0,2917040,191886524118
[E3IMT-CSV] 3,472,4111020,1258710,0,0,94580,0,2817060,192286063828
[E3IMT-CSV] 3,473,12546010,3504240,0,0,440080,0,8974710,192700003328
[E3IMT-CSV] 3,474,3937570,1244970,0,0,87360,0,2656000,193087870768
[E3IMT-CSV] 3,475,3753390,1186980,0,0,90330,0,2523820,193485358828
[E3IMT-CSV] 3,476,5845930,1606130,0,0,160250,0,4203990,193887900198
[E3IMT-CSV] 3,477,5276250,1523170,0,0,219200,0,3720910,194287046418
[E3IMT-CSV] 3,478,6596460,1705740,0,0,162550,0,4835890,194692072738
[E3IMT-CSV] 3,479,7993390,2441760,0,0,307410,0,5492050,195092721498
[E3IMT-CSV] 3,480,5200670,1487900,0,0,154810,0,3675960,195487078698
[E3IMT-CSV] 3,481,5302790,1493140,0,0,153730,0,3773930,195887160868
[E3IMT-CSV] 3,482,5566530,1519530,0,0,160500,0,4012240,196287524538
[E3IMT-CSV] 3,483,8697700,2690990,0,0,208050,0,5951680,196693961918
[E3IMT-CSV] 3,484,4206630,1351690,0,0,94920,0,2811880,197087200078
[E3IMT-CSV] 3,485,3760890,1121160,0,0,96950,0,2605910,197485425128
[E3IMT-CSV] 3,486,5326600,1492160,0,0,222350,0,3801270,197887131988
[E3IMT-CSV] 3,487,5266040,1492480,0,0,157050,0,3739440,198287087498
[E3IMT-CSV] 3,488,4601550,1387680,0,0,83520,0,3106320,198687412698
[E3IMT-CSV] 3,489,9970150,3411270,0,0,170900,0,6479350,199098793388
[E3IMT-CSV] 3,490,3353290,1044470,0,0,77700,0,2275260,199484259938
[E3IMT-CSV] 3,491,3317500,1074810,0,0,76060,0,2212250,199884199028
[E3IMT-CSV] 3,492,11889900,3404680,0,0,270220,0,8418650,200298817638
[E3IMT-CSV] 3,493,14392580,4447120,0,0,395720,0,9822010,200710394928
[E3IMT-CSV] 3,494,4615740,1260120,0,0,124180,0,3321040,201086017428
[E3IMT-CSV] 3,495,7368120,2351360,0,0,158210,0,4943300,201494523688
[E3IMT-CSV] 3,496,5759630,1875840,0,0,122620,0,3833530,201889640568
[E3IMT-CSV] 3,497,5010780,1337580,0,0,141480,0,3640760,202286584618
[E3IMT-CSV] 3,498,15903480,4661520,0,0,265730,0,11148020,202710580198
[E3IMT-CSV] 3,499,3403770,1139290,0,0,72700,0,2228520,203086478818
[E3IMT-SUMMARY] chain_len=3 e2e_avg=8016844 publish_avg=2460068 gc_trigger_avg=0 invoke_cb_avg=0 getnext_avg=202397 take_data_avg=0 sched_avg=5489393 dispatch_avg=103294168759

*** FATAL ***
fatal source: 9 (RTEMS_FATAL_SOURCE_EXCEPTION)

R0   = 0x015969e0 R8  = 0x00000000
R1   = 0x00000000 R9  = 0x00000000
R2   = 0x00000010 R10 = 0x00000000
R3   = 0x01596ae0 R11 = 0x00000000
R4   = 0x00c00c88 R12 = 0x01596ae0
R5   = 0x0030e0e9 SP  = 0x015969d0
R6   = 0x00000000 LR  = 0x00000000
R7   = 0x015969d0 PC  = 0x0030e170
CPSR = 0x600d0173 VEC = 0x00000001
FPEXC = 0x40000000
FPSCR = 0x20000010
D00 = 0x0000000000000000
D01 = 0x0000000000000001
D02 = 0x0000000000000000
D03 = 0x0000000000000000
D04 = 0x0000000000000000
D05 = 0x0000000000000000
D06 = 0x00abe0dc00abe0dc
D07 = 0x000186a00061a800
D08 = 0x0000000000000000
D09 = 0x0000000000000000
D10 = 0x0000000000000000
D11 = 0x0000000000000000
D12 = 0x0000000000000000
D13 = 0x0000000000000000
D14 = 0x0000000000000000
D15 = 0x0000000000000000
D16 = 0x0000000000000000
D17 = 0x0000000000000000
D18 = 0x0000000000000000
D19 = 0x0000000000000000
D20 = 0x00abe33400abe320
D21 = 0x00abe36400abe348
D22 = 0x00abe27c00abe26c
D23 = 0x00abe29c00abe28c
D24 = 0x00abe23c00abe22c
D25 = 0x00abe25c00abe24c
D26 = 0x00abe1c800abe1a0
D27 = 0x00abe20800abe1ec
D28 = 0x00abe14800abe118
D29 = 0x00abe18000abe164
D30 = 0x00abe60000abe600
D31 = 0x00abe10c00abe100
RTEMS version: 6.1.0.not-released
RTEMS tools: 13.3.0 20240521 (RTEMS 6, RSB no-repo, Newlib 1b3dcfd)
executing thread ID: 0x0a010001
executing thread name: UI1 
000000
D16 = 0x0000000000000000
D17 = 0x0000000000000000
D18 = 0x0000000000000000
D19 = 0x0000000000000000
D20 = 0x00abe33400abe320
D21 = 0x00abe36400abe348
D22 = 0x00abe27c00abe26c
D23 = 0x00abe29c00abe28c
D24 = 0x00abe23c00abe22c
D25 = 0x00abe25c00abe24c
D26 = 0x00abe1c800abe1a0
D27 = 0x00abe20800abe1ec
D28 = 0x00abe14800abe118
D29 = 0x00abe18000abe164
D30 = 0x00abe60000abe600
D31 = 0x00abe10c00abe100
RTEMS version: 6.1.0.not-released
RTEMS tools: 13.3.0 20240521 (RTEMS 6, RSB no-repo, Newlib 1b3dcfd)
executing thread ID: 0x0a010001
executing thread name: UI1 
