
RTEMS Shell on /dev/console. Use 'help' to list commands.
SHLL [/] # nexus0: <RTEMS Nexus device>
info: lo0: link state changed to UP
=== Exp3inter-NE: Task Chain (n=2) NoExecutor ===
Period: 200ms, Rounds: 500
[E3INE-CSV] chain_len,round,e2e_ns,publish_ns,gc_trigger_ns,invoke_cb_ns,getnext_ns,take_data_ns,sched_ns,dispatch_ns
666666
CPP Msg not nullptr
CPP Msg not nullptr
CPP Msg not nullptr
CPP Msg not nullptr
C Msg not NULL
C Msg not NULL
CPP Srv not nullptr
CPP Srv not nullptr
CPP Srv not nullptr
CPP Srv not nullptr
CPP Srv not nullptr
CPP Srv not nullptr
CPP Msg not nullptr
CPP Msg not nullptr
CPP Msg not nullptr
CPP Msg not nullptr
CPP Msg not nullptr
CPP Msg not nullptr
[33m[WARN] [0567993600.566024469] [rclcpp]: Calling set_on_new_intra_process_message_callback for subscription with IPC disabled[0m
C Msg not NULL
C Msg not NULL
CPP Srv not nullptr
CPP Srv not nullptr
CPP Srv not nullptr
CPP Srv not nullptr
CPP Srv not nullptr
CPP Srv not nullptr
CPP Msg not nullptr
CPP Msg not nullptr
CPP Msg not nullptr
CPP Msg not nullptr
CPP Msg not nullptr
CPP Msg not nullptr
[33m[WARN] [0567993600.790943999] [rclcpp]: Calling set_on_new_intra_process_message_callback for subscription with IPC disabled[0m
[33m[WARN] [0567993600.792518979] [rclcpp]: Calling set_on_new_intra_process_message_callback for subscription with IPC disabled[0m
[E3INE-CSV] 2,0,3069770,998240,0,0,0,0,1897470,0
[E3INE-CSV] 2,1,4822130,3236380,0,0,0,0,1518180,0
[E3INE-CSV] 2,2,3985140,2772390,0,0,0,0,1158590,0
[E3INE-CSV] 2,3,4787430,3547210,0,0,0,0,1181180,0
[E3INE-CSV] 2,4,4204990,2952780,0,0,0,0,1190210,0
[E3INE-CSV] 2,5,4203580,2942800,0,0,0,0,1203520,0
[E3INE-CSV] 2,6,3961370,2782380,0,0,0,0,1123020,0
[E3INE-CSV] 2,7,4190640,2932780,0,0,0,0,1196290,0
[E3INE-CSV] 2,8,4133160,2893650,0,0,0,0,1173350,0
[E3INE-CSV] 2,9,4153950,2894550,0,0,0,0,1198200,0
[E3INE-CSV] 2,10,4482380,3039000,0,0,0,0,1379120,0
[E3INE-CSV] 2,11,4191080,2919230,0,0,0,0,1208950,0
[E3INE-CSV] 2,12,3810740,2605230,0,0,0,0,1151180,0
[E3INE-CSV] 2,13,4506010,3027880,0,0,0,0,1411700,0
[E3INE-CSV] 2,14,2918290,1977890,0,0,0,0,898610,0
[E3INE-CSV] 2,15,4405000,2792850,0,0,0,0,1396680,0
[E3INE-CSV] 2,16,4175530,2912240,0,0,0,0,1202490,0
[E3INE-CSV] 2,17,4286700,2983040,0,0,0,0,1237140,0
[E3INE-CSV] 2,18,4452310,3011260,0,0,0,0,1219230,0
[E3INE-CSV] 2,19,4067430,2834950,0,0,0,0,1173520,0
[E3INE-CSV] 2,20,4178110,2931190,0,0,0,0,1177200,0
[E3INE-CSV] 2,21,4190480,2934480,0,0,0,0,1191640,0
[E3INE-CSV] 2,22,4220700,2968330,0,0,0,0,1194570,0
[E3INE-CSV] 2,23,4248190,2901840,0,0,0,0,1286090,0
[E3INE-CSV] 2,24,4614070,3142910,0,0,0,0,1402880,0
[E3INE-CSV] 2,25,4703230,3126040,0,0,0,0,1508310,0
[E3INE-CSV] 2,26,4801990,3518350,0,0,0,0,1221320,0
[E3INE-CSV] 2,27,4541100,3078260,0,0,0,0,1400610,0
[E3INE-CSV] 2,28,6744410,4099720,0,0,0,0,2580800,0
[E3INE-CSV] 2,29,4664690,3148770,0,0,0,0,1455560,0
[E3INE-CSV] 2,30,4272650,3004270,0,0,0,0,1205750,0
[E3INE-CSV] 2,31,4176050,2933230,0,0,0,0,1184720,0
[E3INE-CSV] 2,32,4271430,3012010,0,0,0,0,1195120,0
[E3INE-CSV] 2,33,4207830,2955810,0,0,0,0,1195240,0
[E3INE-CSV] 2,34,4290370,3044570,0,0,0,0,1185250,0
[E3INE-CSV] 2,35,4587520,3141480,0,0,0,0,1385470,0
[E3INE-CSV] 2,36,4463840,3055100,0,0,0,0,1344900,0
[E3INE-CSV] 2,37,4553970,3065020,0,0,0,0,1431460,0
[E3INE-CSV] 2,38,4521100,3076240,0,0,0,0,1373830,0
[E3INE-CSV] 2,39,5931750,3751590,0,0,0,0,2119450,0
[E3INE-CSV] 2,40,4491980,3036200,0,0,0,0,1392380,0
[E3INE-CSV] 2,41,4701420,3193240,0,0,0,0,1446600,0
[E3INE-CSV] 2,42,4476050,3038400,0,0,0,0,1373040,0
[E3INE-CSV] 2,43,4557600,3107580,0,0,0,0,1390070,0
[E3INE-CSV] 2,44,4638520,3178320,0,0,0,0,1400730,0
[E3INE-CSV] 2,45,4553240,3106240,0,0,0,0,1384880,0
[E3INE-CSV] 2,46,4859110,3413060,0,0,0,0,1384210,0
[E3INE-CSV] 2,47,4541900,3083430,0,0,0,0,1395300,0
[E3INE-CSV] 2,48,4756190,2971670,0,0,0,0,1729250,0
[E3INE-CSV] 2,49,4214530,2956530,0,0,0,0,1195080,0
[E3INE-CSV] 2,50,4221570,2967780,0,0,0,0,1195090,0
[E3INE-CSV] 2,51,4486950,3015030,0,0,0,0,1406560,0
[E3INE-CSV] 2,52,4222670,2969040,0,0,0,0,1196030,0
[E3INE-CSV] 2,53,4221250,2929930,0,0,0,0,1232770,0
[E3INE-CSV] 2,54,4891560,3411980,0,0,0,0,1410520,0
[E3INE-CSV] 2,55,4238120,2966180,0,0,0,0,1208890,0
[E3INE-CSV] 2,56,4466100,3031160,0,0,0,0,1371180,0
[E3INE-CSV] 2,57,3960540,2768420,0,0,0,0,1137790,0
[E3INE-CSV] 2,58,4238980,2976640,0,0,0,0,1204020,0
[E3INE-CSV] 2,59,4524400,3016040,0,0,0,0,1208980,0
[E3INE-CSV] 2,60,4164860,2909690,0,0,0,0,1192520,0
[E3INE-CSV] 2,61,4443260,3020970,0,0,0,0,1362260,0
[E3INE-CSV] 2,62,4823320,3521140,0,0,0,0,1231700,0
[E3INE-CSV] 2,63,4530330,3021000,0,0,0,0,1443360,0
[E3INE-CSV] 2,64,4412800,2993190,0,0,0,0,1360990,0
[E3INE-CSV] 2,65,4460640,3006880,0,0,0,0,1390680,0
[E3INE-CSV] 2,66,4660480,3342430,0,0,0,0,1251210,0
[E3INE-CSV] 2,67,4472500,2997760,0,0,0,0,1409850,0
[E3INE-CSV] 2,68,4325700,3065680,0,0,0,0,1149820,0
[E3INE-CSV] 2,69,4577340,3038650,0,0,0,0,1477530,0
[E3INE-CSV] 2,70,4727620,3440530,0,0,0,0,1224030,0
[E3INE-CSV] 2,71,4915630,3637040,0,0,0,0,1218120,0
[E3INE-CSV] 2,72,4944600,3604550,0,0,0,0,1226980,0
[E3INE-CSV] 2,73,4438960,3002190,0,0,0,0,1370250,0
[E3INE-CSV] 2,74,4538270,3236490,0,0,0,0,1236700,0
[E3INE-CSV] 2,75,4476470,3066030,0,0,0,0,1341840,0
[E3INE-CSV] 2,76,4393640,2970760,0,0,0,0,1345420,0
[E3INE-CSV] 2,77,4104850,2864330,0,0,0,0,1174230,0
[E3INE-CSV] 2,78,4184790,2922270,0,0,0,0,1203200,0
[E3INE-CSV] 2,79,4130680,2896200,0,0,0,0,1167390,0
[E3INE-CSV] 2,80,5751070,4531730,0,0,0,0,1156140,0
[E3INE-CSV] 2,81,4496020,2957420,0,0,0,0,1468720,0
[E3INE-CSV] 2,82,4005200,2803370,0,0,0,0,1146280,0
[E3INE-CSV] 2,83,4782100,3485570,0,0,0,0,1230540,0
[E3INE-CSV] 2,84,4461020,2970500,0,0,0,0,1428590,0
[E3INE-CSV] 2,85,4461700,3004210,0,0,0,0,1393980,0
[E3INE-CSV] 2,86,4221220,2943710,0,0,0,0,1217640,0
[E3INE-CSV] 2,87,4438090,2993640,0,0,0,0,1377370,0
[E3INE-CSV] 2,88,4204650,2954250,0,0,0,0,1190580,0
[E3INE-CSV] 2,89,4517350,3006770,0,0,0,0,1447970,0
[E3INE-CSV] 2,90,4457790,2969280,0,0,0,0,1424790,0
[E3INE-CSV] 2,91,6885530,5481660,0,0,0,0,1283560,0
[E3INE-CSV] 2,92,4803940,3503730,0,0,0,0,1235820,0
[E3INE-CSV] 2,93,4966880,3656270,0,0,0,0,1242790,0
[E3INE-CSV] 2,94,4381570,2930480,0,0,0,0,1389500,0
[E3INE-CSV] 2,95,4525840,3097770,0,0,0,0,1360040,0
[E3INE-CSV] 2,96,4147080,2866160,0,0,0,0,1221800,0
[E3INE-CSV] 2,97,4133450,2875220,0,0,0,0,1194550,0
[E3INE-CSV] 2,98,4186830,2901740,0,0,0,0,1219530,0
[E3INE-CSV] 2,99,4173810,2905000,0,0,0,0,1205190,0
[E3INE-CSV] 2,100,4089620,2863470,0,0,0,0,1166140,0
[E3INE-CSV] 2,101,4011510,2789460,0,0,0,0,1168730,0
[E3INE-CSV] 2,102,4029970,2800490,0,0,0,0,1174880,0
[E3INE-CSV] 2,103,4076160,2843030,0,0,0,0,1179460,0
[E3INE-CSV] 2,104,4391960,2982870,0,0,0,0,1347050,0
[E3INE-CSV] 2,105,4198390,2887510,0,0,0,0,1250500,0
[E3INE-CSV] 2,106,4355570,2969030,0,0,0,0,1320690,0
[E3INE-CSV] 2,107,4185130,2939430,0,0,0,0,1182590,0
[E3INE-CSV] 2,108,4645370,3104770,0,0,0,0,1480140,0
[E3INE-CSV] 2,109,4786990,3500600,0,0,0,0,1223810,0
[E3INE-CSV] 2,110,4214290,2945950,0,0,0,0,1207950,0
[E3INE-CSV] 2,111,4507110,3008960,0,0,0,0,1429760,0
[E3INE-CSV] 2,112,4240400,2967580,0,0,0,0,1217240,0
[E3INE-CSV] 2,113,4669170,2921310,0,0,0,0,1691530,0
[E3INE-CSV] 2,114,4801690,3520820,0,0,0,0,1214360,0
[E3INE-CSV] 2,115,4180090,2917260,0,0,0,0,1198560,0
[E3INE-CSV] 2,116,5253970,3889410,0,0,0,0,1251460,0
[E3INE-CSV] 2,117,4434120,2980650,0,0,0,0,1386600,0
[E3INE-CSV] 2,118,4257350,2970870,0,0,0,0,1231060,0
[E3INE-CSV] 2,119,4688870,2964010,0,0,0,0,1664280,0
[E3INE-CSV] 2,120,4384670,2956280,0,0,0,0,1364800,0
[E3INE-CSV] 2,121,4364350,2935920,0,0,0,0,1365410,0
[E3INE-CSV] 2,122,4500850,3000590,0,0,0,0,1438100,0
[E3INE-CSV] 2,123,4492650,3051150,0,0,0,0,1228560,0
[E3INE-CSV] 2,124,4182290,2935690,0,0,0,0,1185240,0
[E3INE-CSV] 2,125,4840300,3535480,0,0,0,0,1247080,0
[E3INE-CSV] 2,126,4214160,2925880,0,0,0,0,1227380,0
[E3INE-CSV] 2,127,4462180,2981030,0,0,0,0,1412300,0
[E3INE-CSV] 2,128,4489120,2987970,0,0,0,0,1437870,0
[E3INE-CSV] 2,129,2398720,1774540,0,0,0,0,585850,0
[E3INE-CSV] 2,130,4134340,2896290,0,0,0,0,1178250,0
[E3INE-CSV] 2,131,4160380,2901190,0,0,0,0,1191000,0
[E3INE-CSV] 2,132,3956490,2748760,0,0,0,0,1152710,0
[E3INE-CSV] 2,133,4139310,2891560,0,0,0,0,1185120,0
[E3INE-CSV] 2,134,4158610,2893880,0,0,0,0,1203830,0
[E3INE-CSV] 2,135,3969760,2747660,0,0,0,0,1166740,0
[E3INE-CSV] 2,136,1955870,1638990,0,0,0,0,247200,0
[E3INE-CSV] 2,137,4087600,2851740,0,0,0,0,1179880,0
[E3INE-CSV] 2,138,4816730,3304240,0,0,0,0,1456230,0
[E3INE-CSV] 2,139,4140720,2880340,0,0,0,0,1197600,0
[E3INE-CSV] 2,140,3950060,2717640,0,0,0,0,1180760,0
[E3INE-CSV] 2,141,4147820,2907870,0,0,0,0,1172880,0
[E3INE-CSV] 2,142,4183910,2909150,0,0,0,0,1213880,0
[E3INE-CSV] 2,143,4135620,2898800,0,0,0,0,1177340,0
[E3INE-CSV] 2,144,3331540,2189610,0,0,0,0,1091110,0
[E3INE-CSV] 2,145,4234050,3024400,0,0,0,0,1147020,0
[E3INE-CSV] 2,146,4287220,3015980,0,0,0,0,1210670,0
[E3INE-CSV] 2,147,4441930,2947360,0,0,0,0,1426840,0
[E3INE-CSV] 2,148,4241310,3026920,0,0,0,0,1144520,0
[E3INE-CSV] 2,149,3546910,2623030,0,0,0,0,861450,0
[E3INE-CSV] 2,150,2126630,1513370,0,0,0,0,570790,0
[E3INE-CSV] 2,151,4360000,3065020,0,0,0,0,1224230,0
[E3INE-CSV] 2,152,4380620,3093840,0,0,0,0,1167150,0
[E3INE-CSV] 2,153,4075650,2836120,0,0,0,0,1180850,0
[E3INE-CSV] 2,154,3979270,2890650,0,0,0,0,1027380,0
[E3INE-CSV] 2,155,4093880,2922960,0,0,0,0,1103430,0
[E3INE-CSV] 2,156,4340700,3006630,0,0,0,0,1264710,0
[E3INE-CSV] 2,157,4132570,2932420,0,0,0,0,1140600,0
[E3INE-CSV] 2,158,4000590,2800530,0,0,0,0,1145810,0
[E3INE-CSV] 2,159,4349960,3058140,0,0,0,0,1208680,0
[E3INE-CSV] 2,160,4098800,2836090,0,0,0,0,1199170,0
[E3INE-CSV] 2,161,4037900,2819020,0,0,0,0,1163450,0
[E3INE-CSV] 2,162,4034810,2838500,0,0,0,0,1137180,0
[E3INE-CSV] 2,163,3901480,2677580,0,0,0,0,1167430,0
[E3INE-CSV] 2,164,5147920,4733420,0,0,0,0,282750,0
[E3INE-CSV] 2,165,4455700,3044480,0,0,0,0,1349930,0
[E3INE-CSV] 2,166,4058180,2823140,0,0,0,0,1180900,0
[E3INE-CSV] 2,167,4053070,2840320,0,0,0,0,1157870,0
[E3INE-CSV] 2,168,4414140,2988220,0,0,0,0,1357230,0
[E3INE-CSV] 2,169,3166400,2096730,0,0,0,0,1008990,0
[E3INE-CSV] 2,170,4162150,2937510,0,0,0,0,1163680,0
[E3INE-CSV] 2,171,4050980,2852530,0,0,0,0,1142570,0
[E3INE-CSV] 2,172,7965530,5191500,0,0,0,0,2652500,0
[E3INE-CSV] 2,173,4069870,2821910,0,0,0,0,1179410,0
[E3INE-CSV] 2,174,2185810,1399050,0,0,0,0,752890,0
[E3INE-CSV] 2,175,4484050,3000270,0,0,0,0,1406140,0
[E3INE-CSV] 2,176,4036100,2830990,0,0,0,0,1147760,0
[E3INE-CSV] 2,177,4022620,2797890,0,0,0,0,1160440,0
[E3INE-CSV] 2,178,3919000,2727740,0,0,0,0,1136740,0
[E3INE-CSV] 2,179,3851670,2753260,0,0,0,0,1034460,0
[E3INE-CSV] 2,180,8022970,5191160,0,0,0,0,2702300,0
[E3INE-CSV] 2,181,4443480,3108470,0,0,0,0,1230150,0
[E3INE-CSV] 2,182,4486120,3004300,0,0,0,0,1412480,0
[E3INE-CSV] 2,183,4133510,2918880,0,0,0,0,1158400,0
[E3INE-CSV] 2,184,8183480,5846430,0,0,0,0,2222920,0
[E3INE-CSV] 2,185,7968660,5198610,0,0,0,0,2643710,0
[E3INE-CSV] 2,186,6451090,4880640,0,0,0,0,1473880,0
[E3INE-CSV] 2,187,4541200,3115010,0,0,0,0,1368060,0
[E3INE-CSV] 2,188,4105320,2842940,0,0,0,0,1206760,0
[E3INE-CSV] 2,189,4450120,3008700,0,0,0,0,1369710,0
[E3INE-CSV] 2,190,8001630,5243970,0,0,0,0,2624460,0
[E3INE-CSV] 2,191,4481540,3117010,0,0,0,0,1269050,0
[E3INE-CSV] 2,192,4153650,2884460,0,0,0,0,1209620,0
[E3INE-CSV] 2,193,4582870,3137620,0,0,0,0,1392000,0
[E3INE-CSV] 2,194,5701610,4134620,0,0,0,0,1447300,0
[E3INE-CSV] 2,195,7910320,5317850,0,0,0,0,2487180,0
[E3INE-CSV] 2,196,5263000,3656220,0,0,0,0,1493470,0
[E3INE-CSV] 2,197,4506910,2977880,0,0,0,0,1469680,0
[E3INE-CSV] 2,198,4046470,2820350,0,0,0,0,1169970,0
[E3INE-CSV] 2,199,4581280,3092310,0,0,0,0,1428200,0
[E3INE-CSV] 2,200,4145790,2901730,0,0,0,0,1182280,0
[E3INE-CSV] 2,201,4213410,2942790,0,0,0,0,1209270,0
[E3INE-CSV] 2,202,4266760,3001510,0,0,0,0,1190180,0
[E3INE-CSV] 2,203,3987570,2757490,0,0,0,0,1174010,0
[E3INE-CSV] 2,204,3087420,2068170,0,0,0,0,954600,0
[E3INE-CSV] 2,205,4152030,2863030,0,0,0,0,1228890,0
[E3INE-CSV] 2,206,4590410,3260660,0,0,0,0,1247200,0
[E3INE-CSV] 2,207,4128910,2928950,0,0,0,0,1144180,0
[E3INE-CSV] 2,208,4029390,2818860,0,0,0,0,1154490,0
[E3INE-CSV] 2,209,4196710,2948400,0,0,0,0,1185810,0
[E3INE-CSV] 2,210,4130830,2895720,0,0,0,0,1173740,0
[E3INE-CSV] 2,211,4101930,2845320,0,0,0,0,1195940,0
[E3INE-CSV] 2,212,4078460,2818640,0,0,0,0,1203170,0
[E3INE-CSV] 2,213,4126470,2888250,0,0,0,0,1175850,0
[E3INE-CSV] 2,214,4543810,3054240,0,0,0,0,1423260,0
[E3INE-CSV] 2,215,7313010,5812710,0,0,0,0,1371110,0
[E3INE-CSV] 2,216,4628080,3341720,0,0,0,0,1183520,0
[E3INE-CSV] 2,217,3915270,2694250,0,0,0,0,1159730,0
[E3INE-CSV] 2,218,4099870,2842190,0,0,0,0,1187800,0
[E3INE-CSV] 2,219,4173680,2943900,0,0,0,0,1178160,0
[E3INE-CSV] 2,220,4424040,2982860,0,0,0,0,1378110,0
[E3INE-CSV] 2,221,4504730,3208430,0,0,0,0,1219280,0
[E3INE-CSV] 2,222,4553030,3147590,0,0,0,0,1349700,0
[E3INE-CSV] 2,223,4532060,3029480,0,0,0,0,1435200,0
[E3INE-CSV] 2,224,4555840,3092130,0,0,0,0,1395290,0
[E3INE-CSV] 2,225,4203360,2948110,0,0,0,0,1194970,0
[E3INE-CSV] 2,226,4068710,2828600,0,0,0,0,1181870,0
[E3INE-CSV] 2,227,4169750,2932910,0,0,0,0,1179340,0
[E3INE-CSV] 2,228,4529140,3074560,0,0,0,0,1396860,0
[E3INE-CSV] 2,229,1023500,661930,0,0,0,0,342530,0
[E3INE-CSV] 2,230,4605190,3111680,0,0,0,0,1428520,0
[E3INE-CSV] 2,231,7316050,5847610,0,0,0,0,1343050,0
[E3INE-CSV] 2,232,4425760,3005720,0,0,0,0,1359530,0
[E3INE-CSV] 2,233,4151590,2906420,0,0,0,0,1188330,0
[E3INE-CSV] 2,234,4175480,2941040,0,0,0,0,1180280,0
[E3INE-CSV] 2,235,4721490,3108700,0,0,0,0,1551350,0
[E3INE-CSV] 2,236,4082400,2840920,0,0,0,0,1184730,0
[E3INE-CSV] 2,237,4138270,2890610,0,0,0,0,1186670,0
[E3INE-CSV] 2,238,4229540,2945660,0,0,0,0,1220140,0
[E3INE-CSV] 2,239,4047820,2766960,0,0,0,0,1202120,0
[E3INE-CSV] 2,240,4160950,2897370,0,0,0,0,1200670,0
[E3INE-CSV] 2,241,4197110,2912850,0,0,0,0,1225320,0
[E3INE-CSV] 2,242,4262300,2993980,0,0,0,0,1209110,0
[E3INE-CSV] 2,243,4055910,2835870,0,0,0,0,1162650,0
[E3INE-CSV] 2,244,4010430,2703410,0,0,0,0,1257930,0
[E3INE-CSV] 2,245,7022220,5585050,0,0,0,0,1304500,0
[E3INE-CSV] 2,246,6962060,5198020,0,0,0,0,1651800,0
[E3INE-CSV] 2,247,4756330,3279880,0,0,0,0,1394640,0
[E3INE-CSV] 2,248,5256550,3838960,0,0,0,0,1310080,0
[E3INE-CSV] 2,249,7688650,4632300,0,0,0,0,2975860,0
[E3INE-CSV] 2,250,4451180,3114830,0,0,0,0,1252330,0
[E3INE-CSV] 2,251,4836430,3071820,0,0,0,0,1701930,0
[E3INE-CSV] 2,252,4188670,2924360,0,0,0,0,1204010,0
[E3INE-CSV] 2,253,4660630,3033380,0,0,0,0,1565370,0
[E3INE-CSV] 2,254,1240830,895390,0,0,0,0,322820,0
[E3INE-CSV] 2,255,6779190,5028140,0,0,0,0,1618130,0
[E3INE-CSV] 2,256,4152950,2905730,0,0,0,0,1182400,0
[E3INE-CSV] 2,257,3993480,2759480,0,0,0,0,1172510,0
[E3INE-CSV] 2,258,4288170,2862280,0,0,0,0,1367430,0
[E3INE-CSV] 2,259,2228900,1513490,0,0,0,0,683650,0
[E3INE-CSV] 2,260,6287890,4796810,0,0,0,0,1380040,0
[E3INE-CSV] 2,261,4304300,3004900,0,0,0,0,1214970,0
[E3INE-CSV] 2,262,4849110,3470830,0,0,0,0,1284250,0
[E3INE-CSV] 2,263,4398560,2988760,0,0,0,0,1335740,0
[E3INE-CSV] 2,264,1438620,1017680,0,0,0,0,392020,0
[E3INE-CSV] 2,265,4556040,3073540,0,0,0,0,1414110,0
[E3INE-CSV] 2,266,4516890,3072440,0,0,0,0,1348710,0
[E3INE-CSV] 2,267,9029530,5360870,0,0,0,0,3557790,0
[E3INE-CSV] 2,268,4409190,3053760,0,0,0,0,1281580,0
[E3INE-CSV] 2,269,1178870,852640,0,0,0,0,304060,0
[E3INE-CSV] 2,270,4510460,3048360,0,0,0,0,1400920,0
[E3INE-CSV] 2,271,6727930,5020450,0,0,0,0,1593950,0
[E3INE-CSV] 2,272,7248120,5268800,0,0,0,0,1871230,0
[E3INE-CSV] 2,273,5284420,3443380,0,0,0,0,1731970,0
[E3INE-CSV] 2,274,1557510,1128080,0,0,0,0,400650,0
[E3INE-CSV] 2,275,4446310,2999850,0,0,0,0,1385360,0
[E3INE-CSV] 2,276,4479230,3026640,0,0,0,0,1391260,0
[E3INE-CSV] 2,277,4164180,2897820,0,0,0,0,1210420,0
[E3INE-CSV] 2,278,4399840,2972010,0,0,0,0,1367260,0
[E3INE-CSV] 2,279,2327320,1746170,0,0,0,0,537650,0
[E3INE-CSV] 2,280,4442960,2975890,0,0,0,0,1402070,0
[E3INE-CSV] 2,281,7581420,5176050,0,0,0,0,2303170,0
[E3INE-CSV] 2,282,6548920,5048850,0,0,0,0,1404380,0
[E3INE-CSV] 2,283,4694880,3416440,0,0,0,0,1207690,0
[E3INE-CSV] 2,284,3210260,2426870,0,0,0,0,721770,0
[E3INE-CSV] 2,285,5335380,3989360,0,0,0,0,1230760,0
[E3INE-CSV] 2,286,4352250,3016420,0,0,0,0,1247770,0
[E3INE-CSV] 2,287,4141840,2896250,0,0,0,0,1171720,0
[E3INE-CSV] 2,288,3995610,2779660,0,0,0,0,1151370,0
[E3INE-CSV] 2,289,3478050,2534300,0,0,0,0,879400,0
[E3INE-CSV] 2,290,4417990,2973180,0,0,0,0,1200940,0
[E3INE-CSV] 2,291,7302210,5273180,0,0,0,0,1912750,0
[E3INE-CSV] 2,292,4489870,3001260,0,0,0,0,1427010,0
[E3INE-CSV] 2,293,4121520,2875940,0,0,0,0,1187430,0
[E3INE-CSV] 2,294,917040,593740,0,0,0,0,307320,0
[E3INE-CSV] 2,295,4211600,2959720,0,0,0,0,1187910,0
[E3INE-CSV] 2,296,4537270,3240520,0,0,0,0,1212180,0
[E3INE-CSV] 2,297,4183950,2944950,0,0,0,0,1174910,0
[E3INE-CSV] 2,298,4684220,3162110,0,0,0,0,1466210,0
[E3INE-CSV] 2,299,4017690,2897350,0,0,0,0,1057090,0
[E3INE-CSV] 2,300,4464390,3089670,0,0,0,0,1288200,0
[E3INE-CSV] 2,301,4271930,2971080,0,0,0,0,1229190,0
[E3INE-CSV] 2,302,5425030,4069990,0,0,0,0,1242690,0
[E3INE-CSV] 2,303,4101490,2860650,0,0,0,0,1184660,0
[E3INE-CSV] 2,304,4160270,2917160,0,0,0,0,1170290,0
[E3INE-CSV] 2,305,4740570,3036110,0,0,0,0,1618130,0
[E3INE-CSV] 2,306,4194940,2909750,0,0,0,0,1207370,0
[E3INE-CSV] 2,307,3905730,2715290,0,0,0,0,1138780,0
[E3INE-CSV] 2,308,4722010,3424090,0,0,0,0,1226260,0
[E3INE-CSV] 2,309,7885420,5271100,0,0,0,0,2504800,0
[E3INE-CSV] 2,310,4473250,3163580,0,0,0,0,1219910,0
[E3INE-CSV] 2,311,4380860,3046740,0,0,0,0,1237160,0
[E3INE-CSV] 2,312,6643270,5153360,0,0,0,0,1387690,0
[E3INE-CSV] 2,313,4165000,2866440,0,0,0,0,1226530,0
[E3INE-CSV] 2,314,4141310,2882750,0,0,0,0,1183680,0
[E3INE-CSV] 2,315,4533040,3032090,0,0,0,0,1409770,0
[E3INE-CSV] 2,316,4154540,2910630,0,0,0,0,1186330,0
[E3INE-CSV] 2,317,4105470,2871400,0,0,0,0,1178710,0
[E3INE-CSV] 2,318,4711550,3201600,0,0,0,0,1455810,0
[E3INE-CSV] 2,319,4152750,2896110,0,0,0,0,1197250,0
[E3INE-CSV] 2,320,4455350,2978860,0,0,0,0,1380640,0
[E3INE-CSV] 2,321,4179060,2889010,0,0,0,0,1211380,0
[E3INE-CSV] 2,322,4044470,2811500,0,0,0,0,1168450,0
[E3INE-CSV] 2,323,4212350,2954430,0,0,0,0,1197650,0
[E3INE-CSV] 2,324,4169380,2918560,0,0,0,0,1192000,0
[E3INE-CSV] 2,325,4259050,2981640,0,0,0,0,1215600,0
[E3INE-CSV] 2,326,4273860,2999030,0,0,0,0,1210280,0
[E3INE-CSV] 2,327,3970330,2763500,0,0,0,0,1150940,0
[E3INE-CSV] 2,328,2850580,2008010,0,0,0,0,795710,0
[E3INE-CSV] 2,329,4552580,3051490,0,0,0,0,1419700,0
[E3INE-CSV] 2,330,3471840,2929790,0,0,0,0,481330,0
[E3INE-CSV] 2,331,4517560,3012350,0,0,0,0,1439990,0
[E3INE-CSV] 2,332,4526310,3054300,0,0,0,0,1381620,0
[E3INE-CSV] 2,333,4277550,2985120,0,0,0,0,1234380,0
[E3INE-CSV] 2,334,4381700,2953340,0,0,0,0,1350740,0
[E3INE-CSV] 2,335,4498980,3150250,0,0,0,0,1265500,0
[E3INE-CSV] 2,336,4662480,2955800,0,0,0,0,1644590,0
[E3INE-CSV] 2,337,4014970,2826240,0,0,0,0,1134920,0
[E3INE-CSV] 2,338,4218100,3002360,0,0,0,0,1162730,0
[E3INE-CSV] 2,339,4305870,3021870,0,0,0,0,1206400,0
[E3INE-CSV] 2,340,4524730,3023520,0,0,0,0,1437150,0
[E3INE-CSV] 2,341,4208190,2948830,0,0,0,0,1198220,0
[E3INE-CSV] 2,342,4071900,2835260,0,0,0,0,1175760,0
[E3INE-CSV] 2,343,3847950,2684780,0,0,0,0,1112560,0
[E3INE-CSV] 2,344,4186660,2920230,0,0,0,0,1206580,0
[E3INE-CSV] 2,345,4549810,3048930,0,0,0,0,1440790,0
[E3INE-CSV] 2,346,4369890,2938520,0,0,0,0,1352980,0
[E3INE-CSV] 2,347,4081190,2876820,0,0,0,0,1149230,0
[E3INE-CSV] 2,348,4162050,2844910,0,0,0,0,1263240,0
[E3INE-CSV] 2,349,8260760,6046100,0,0,0,0,2103630,0
[E3INE-CSV] 2,350,5223970,3853010,0,0,0,0,1264830,0
[E3INE-CSV] 2,351,4216090,2943730,0,0,0,0,1206030,0
[E3INE-CSV] 2,352,4176300,2925540,0,0,0,0,1189690,0
[E3INE-CSV] 2,353,4121640,2886190,0,0,0,0,1166370,0
[E3INE-CSV] 2,354,4422000,2980430,0,0,0,0,1377850,0
[E3INE-CSV] 2,355,4524970,3079380,0,0,0,0,1377480,0
[E3INE-CSV] 2,356,4168530,2886220,0,0,0,0,1218620,0
[E3INE-CSV] 2,357,4141290,2871480,0,0,0,0,1211700,0
[E3INE-CSV] 2,358,3966430,2760050,0,0,0,0,1152030,0
[E3INE-CSV] 2,359,4175370,2904980,0,0,0,0,1212570,0
[E3INE-CSV] 2,360,4550100,3051550,0,0,0,0,1430680,0
[E3INE-CSV] 2,361,4607770,3165770,0,0,0,0,1377140,0
[E3INE-CSV] 2,362,4117380,2879400,0,0,0,0,1182620,0
[E3INE-CSV] 2,363,7144320,5260970,0,0,0,0,1777720,0
[E3INE-CSV] 2,364,4118980,2875000,0,0,0,0,1189030,0
[E3INE-CSV] 2,365,7074190,5344610,0,0,0,0,1613710,0
[E3INE-CSV] 2,366,4226420,2965180,0,0,0,0,1202440,0
[E3INE-CSV] 2,367,3901890,2718290,0,0,0,0,1131340,0
[E3INE-CSV] 2,368,3921520,2727020,0,0,0,0,1142930,0
[E3INE-CSV] 2,369,4493110,3014750,0,0,0,0,1412220,0
[E3INE-CSV] 2,370,4610670,3157360,0,0,0,0,1389340,0
[E3INE-CSV] 2,371,8160490,5829290,0,0,0,0,2219880,0
[E3INE-CSV] 2,372,4195410,2915460,0,0,0,0,1220660,0
[E3INE-CSV] 2,373,7200230,5163490,0,0,0,0,1927550,0
[E3INE-CSV] 2,374,4951970,3435700,0,0,0,0,1206100,0
[E3INE-CSV] 2,375,5392950,4035640,0,0,0,0,1251240,0
[E3INE-CSV] 2,376,4298400,3008540,0,0,0,0,1224160,0
[E3INE-CSV] 2,377,4072720,2839400,0,0,0,0,1177950,0
[E3INE-CSV] 2,378,4311420,3057370,0,0,0,0,1202050,0
[E3INE-CSV] 2,379,6693110,5013730,0,0,0,0,1569170,0
[E3INE-CSV] 2,380,4440000,3010190,0,0,0,0,1363310,0
[E3INE-CSV] 2,381,4236610,2976610,0,0,0,0,1198420,0
[E3INE-CSV] 2,382,4123660,2901380,0,0,0,0,1165050,0
[E3INE-CSV] 2,383,4157730,2917620,0,0,0,0,1182450,0
[E3INE-CSV] 2,384,4541110,3092690,0,0,0,0,1386140,0
[E3INE-CSV] 2,385,4526960,3031690,0,0,0,0,1415830,0
[E3INE-CSV] 2,386,4140280,2908840,0,0,0,0,1169360,0
[E3INE-CSV] 2,387,4224870,2948250,0,0,0,0,1214720,0
[E3INE-CSV] 2,388,4244470,3031880,0,0,0,0,1156010,0
[E3INE-CSV] 2,389,4188740,2930370,0,0,0,0,1191600,0
[E3INE-CSV] 2,390,6171640,5295330,0,0,0,0,762090,0
[E3INE-CSV] 2,391,4420910,3068110,0,0,0,0,1276720,0
[E3INE-CSV] 2,392,4521790,3045840,0,0,0,0,1416730,0
[E3INE-CSV] 2,393,4170290,2924510,0,0,0,0,1188640,0
[E3INE-CSV] 2,394,4547800,3050930,0,0,0,0,1435940,0
[E3INE-CSV] 2,395,4487390,3002450,0,0,0,0,1424020,0
[E3INE-CSV] 2,396,4839450,3520430,0,0,0,0,1258810,0
[E3INE-CSV] 2,397,4300460,3014450,0,0,0,0,1220720,0
[E3INE-CSV] 2,398,4573350,3140290,0,0,0,0,1376350,0
[E3INE-CSV] 2,399,4225510,2952730,0,0,0,0,1214730,0
[E3INE-CSV] 2,400,4647550,3133620,0,0,0,0,1451910,0
[E3INE-CSV] 2,401,4202900,2950090,0,0,0,0,1189940,0
[E3INE-CSV] 2,402,4038640,2813340,0,0,0,0,1167660,0
[E3INE-CSV] 2,403,4182230,2931670,0,0,0,0,1188460,0
[E3INE-CSV] 2,404,4053120,2809920,0,0,0,0,1188920,0
[E3INE-CSV] 2,405,4557200,3040790,0,0,0,0,1449420,0
[E3INE-CSV] 2,406,4403590,2951860,0,0,0,0,1364470,0
[E3INE-CSV] 2,407,4716710,3509340,0,0,0,0,1150090,0
[E3INE-CSV] 2,408,4220000,2964040,0,0,0,0,1195170,0
[E3INE-CSV] 2,409,4168890,2903100,0,0,0,0,1205800,0
[E3INE-CSV] 2,410,4695380,3354930,0,0,0,0,1276140,0
[E3INE-CSV] 2,411,4734780,3408890,0,0,0,0,1264960,0
[E3INE-CSV] 2,412,4274040,2817910,0,0,0,0,1397960,0
[E3INE-CSV] 2,413,4312410,2875440,0,0,0,0,1378180,0
[E3INE-CSV] 2,414,4164430,2938300,0,0,0,0,1165610,0
[E3INE-CSV] 2,415,4218820,2941590,0,0,0,0,1212480,0
[E3INE-CSV] 2,416,4178280,2928430,0,0,0,0,1186000,0
[E3INE-CSV] 2,417,4068980,2884690,0,0,0,0,1126190,0
[E3INE-CSV] 2,418,4176290,2926450,0,0,0,0,1180260,0
[E3INE-CSV] 2,419,4695290,3241310,0,0,0,0,1395630,0
[E3INE-CSV] 2,420,4443860,2975820,0,0,0,0,1406570,0
[E3INE-CSV] 2,421,4441040,2978220,0,0,0,0,1402290,0
[E3INE-CSV] 2,422,4098760,2872710,0,0,0,0,1169310,0
[E3INE-CSV] 2,423,4217620,2936360,0,0,0,0,1220230,0
[E3INE-CSV] 2,424,4099020,2874050,0,0,0,0,1167810,0
[E3INE-CSV] 2,425,4572990,3010400,0,0,0,0,1499540,0
[E3INE-CSV] 2,426,4472150,3040900,0,0,0,0,1367780,0
[E3INE-CSV] 2,427,4127490,2895050,0,0,0,0,1169730,0
[E3INE-CSV] 2,428,4274350,3022740,0,0,0,0,1192500,0
[E3INE-CSV] 2,429,4126370,2881330,0,0,0,0,1184680,0
[E3INE-CSV] 2,430,4526130,3032360,0,0,0,0,1429270,0
[E3INE-CSV] 2,431,4548730,3107130,0,0,0,0,1381610,0
[E3INE-CSV] 2,432,4208680,2935610,0,0,0,0,1204570,0
[E3INE-CSV] 2,433,4199990,2834500,0,0,0,0,1307200,0
[E3INE-CSV] 2,434,4148640,2898720,0,0,0,0,1191320,0
[E3INE-CSV] 2,435,4546310,3063550,0,0,0,0,1411390,0
[E3INE-CSV] 2,436,4168660,2878110,0,0,0,0,1231370,0
[E3INE-CSV] 2,437,4170690,2897700,0,0,0,0,1213900,0
[E3INE-CSV] 2,438,4228150,2947660,0,0,0,0,1220560,0
[E3INE-CSV] 2,439,4193510,2900530,0,0,0,0,1233780,0
[E3INE-CSV] 2,440,4499600,3032610,0,0,0,0,1402140,0
[E3INE-CSV] 2,441,4277970,2973490,0,0,0,0,1241950,0
[E3INE-CSV] 2,442,4185230,2859010,0,0,0,0,1264340,0
[E3INE-CSV] 2,443,4705730,3450220,0,0,0,0,1193020,0
[E3INE-CSV] 2,444,4188960,2927130,0,0,0,0,1203340,0
[E3INE-CSV] 2,445,4268380,2996840,0,0,0,0,1209590,0
[E3INE-CSV] 2,446,4194240,2937560,0,0,0,0,1195320,0
[E3INE-CSV] 2,447,4104110,2835500,0,0,0,0,1199350,0
[E3INE-CSV] 2,448,4488740,3222270,0,0,0,0,1198670,0
[E3INE-CSV] 2,449,4166260,2785090,0,0,0,0,1322970,0
[E3INE-CSV] 2,450,4503060,3041050,0,0,0,0,1393990,0
[E3INE-CSV] 2,451,4379910,2945270,0,0,0,0,1369580,0
[E3INE-CSV] 2,452,4048620,2786760,0,0,0,0,1202330,0
[E3INE-CSV] 2,453,4202440,2906040,0,0,0,0,1236930,0
[E3INE-CSV] 2,454,4509760,2980200,0,0,0,0,1469920,0
[E3INE-CSV] 2,455,4614560,3104190,0,0,0,0,1443820,0
[E3INE-CSV] 2,456,4247370,2948930,0,0,0,0,1236820,0
[E3INE-CSV] 2,457,4118120,2880220,0,0,0,0,1177110,0
[E3INE-CSV] 2,458,4781410,3514160,0,0,0,0,1206420,0
[E3INE-CSV] 2,459,4122090,2865710,0,0,0,0,1197230,0
[E3INE-CSV] 2,460,4474830,2972910,0,0,0,0,1439200,0
[E3INE-CSV] 2,461,4522430,3039780,0,0,0,0,1422430,0
[E3INE-CSV] 2,462,3971710,2761850,0,0,0,0,1154110,0
[E3INE-CSV] 2,463,4507440,2996980,0,0,0,0,1446760,0
[E3INE-CSV] 2,464,4102800,2860040,0,0,0,0,1185190,0
[E3INE-CSV] 2,465,4561290,3029870,0,0,0,0,1468260,0
[E3INE-CSV] 2,466,4224550,2955580,0,0,0,0,1207310,0
[E3INE-CSV] 2,467,3952950,2759910,0,0,0,0,1140790,0
[E3INE-CSV] 2,468,3924700,2727990,0,0,0,0,1141080,0
[E3INE-CSV] 2,469,4177480,2903110,0,0,0,0,1209710,0
[E3INE-CSV] 2,470,4216050,2970960,0,0,0,0,1186520,0
[E3INE-CSV] 2,471,4253940,2979300,0,0,0,0,1212160,0
[E3INE-CSV] 2,472,4525950,3055740,0,0,0,0,1402520,0
[E3INE-CSV] 2,473,3946600,2739030,0,0,0,0,1151760,0
[E3INE-CSV] 2,474,4200580,2946460,0,0,0,0,1190410,0
[E3INE-CSV] 2,475,4579660,3101870,0,0,0,0,1412390,0
[E3INE-CSV] 2,476,4737700,3452520,0,0,0,0,1223740,0
[E3INE-CSV] 2,477,4068960,2846740,0,0,0,0,1163770,0
[E3INE-CSV] 2,478,4200850,2913370,0,0,0,0,1227900,0
[E3INE-CSV] 2,479,4224510,2968080,0,0,0,0,1198220,0
[E3INE-CSV] 2,480,4621200,3125790,0,0,0,0,1431970,0
[E3INE-CSV] 2,481,4255790,2972730,0,0,0,0,1220450,0
[E3INE-CSV] 2,482,4049550,2840770,0,0,0,0,1151730,0
[E3INE-CSV] 2,483,4038500,2803240,0,0,0,0,1180430,0
[E3INE-CSV] 2,484,4145250,2904750,0,0,0,0,1172670,0
[E3INE-CSV] 2,485,4259590,2983580,0,0,0,0,1212410,0
[E3INE-CSV] 2,486,4136930,2900210,0,0,0,0,1171360,0
[E3INE-CSV] 2,487,4051150,2835570,0,0,0,0,1158460,0
[E3INE-CSV] 2,488,3918100,2718830,0,0,0,0,1139540,0
[E3INE-CSV] 2,489,4173480,2897910,0,0,0,0,1207730,0
[E3INE-CSV] 2,490,4207900,2939900,0,0,0,0,1204800,0
[E3INE-CSV] 2,491,4245260,2937530,0,0,0,0,1243240,0
[E3INE-CSV] 2,492,4085980,2855920,0,0,0,0,1170670,0
[E3INE-CSV] 2,493,3947360,2762940,0,0,0,0,1120610,0
[E3INE-CSV] 2,494,4552940,2840400,0,0,0,0,1654440,0
[E3INE-CSV] 2,495,4538680,3077390,0,0,0,0,1392270,0
[E3INE-CSV] 2,496,4257230,2999000,0,0,0,0,1197070,0
[E3INE-CSV] 2,497,3988230,2794600,0,0,0,0,1135450,0
[E3INE-CSV] 2,498,3986480,2791980,0,0,0,0,1143410,0
[E3INE-CSV] 2,499,4482810,2942910,0,0,0,0,1475030,0
[E3INE-SUMMARY] chain_len=2 e2e_avg=4445615 publish_avg=3091030 sched_avg=1285301

*** FATAL ***
fatal source: 0 (INTERNAL_ERROR_CORE)
fatal code: 5 (INTERNAL_ERROR_THREAD_EXITTED)
RTEMS version: 6.1.0.not-released
RTEMS tools: 13.3.0 20240521 (RTEMS 6, RSB no-repo, Newlib 1b3dcfd)
executing thread ID: 0x0a010001
executing thread name: UI1 
