
RTEMS Shell on /dev/console. Use 'help' to list commands.
SHLL [/] # nexus0: <RTEMS Nexus device>
info: lo0: link state changed to UP
=== Exp3inter-Picas: Task Chain (n=3) SingleThreadedExecutor+PiCAS ===
Period: 200ms, Rounds: 500
[E3IP-CSV] chain_len,round,e2e_ns,publish_ns,gc_trigger_ns,invoke_cb_ns,getnext_ns,take_data_ns,sched_ns,dispatch_ns
666666
CPP Msg not nullptr
CPP Msg not nullptr
CPP Msg not nullptr
CPP Msg not nullptr
C Msg not NULL
C Msg not NULL
CPP Srv not nullptr
CPP Srv not nullptr
CPP Srv not nullptr
CPP Srv not nullptr
CPP Srv not nullptr
CPP Srv not nullptr
CPP Msg not nullptr
CPP Msg not nullptr
CPP Msg not nullptr
CPP Msg not nullptr
CPP Msg not nullptr
CPP Msg not nullptr
C Msg not NULL
C Msg not NULL
CPP Srv not nullptr
CPP Srv not nullptr
CPP Srv not nullptr
CPP Srv not nullptr
CPP Srv not nullptr
CPP Srv not nullptr
CPP Msg not nullptr
CPP Msg not nullptr
CPP Msg not nullptr
CPP Msg not nullptr
CPP Msg not nullptr
CPP Msg not nullptr
CPP Msg not nullptr
CPP Msg not nullptr
C Msg not NULL
C Msg not NULL
CPP Srv not nullptr
CPP Srv not nullptr
CPP Srv not nullptr
CPP Srv not nullptr
CPP Srv not nullptr
CPP Srv not nullptr
CPP Msg not nullptr
CPP Msg not nullptr
CPP Msg not nullptr
CPP Msg not nullptr
CPP Msg not nullptr
CPP Msg not nullptr
[0m[INFO] [0567993600.722992399] [rclcpp]: Singlethreadedexecutor spin: in Thread ID 167837697[0m
[E3IP-CSV] 3,0,20497960,11447740,0,0,0,0,8785150,0
[E3IP-CSV] 3,1,6099500,1851940,0,0,0,0,4207670,0
[E3IP-CSV] 3,2,16069190,4519090,0,0,0,0,11447340,0
[E3IP-CSV] 3,3,10928120,4971820,0,0,0,0,5807040,0
[E3IP-CSV] 3,4,20932130,6418440,0,0,0,0,14357530,0
[E3IP-CSV] 3,5,13556810,4127090,0,0,0,0,9328930,0
[E3IP-CSV] 3,6,13972300,4145870,0,0,0,0,9730290,0
[E3IP-CSV] 3,7,18744240,4795790,0,0,0,0,13686200,0
[E3IP-CSV] 3,8,14359500,4108600,0,0,0,0,10147080,0
[E3IP-CSV] 3,9,14235380,4332240,0,0,0,0,9804140,0
[E3IP-CSV] 3,10,18146980,4444520,0,0,0,0,13593280,0
[E3IP-CSV] 3,11,14750320,4375060,0,0,0,0,10269990,0
[E3IP-CSV] 3,12,15578830,4389910,0,0,0,0,11094940,0
[E3IP-CSV] 3,13,16112950,4635550,0,0,0,0,11367480,0
[E3IP-CSV] 3,14,15757530,4575960,0,0,0,0,11081080,0
[E3IP-CSV] 3,15,15875200,4410390,0,0,0,0,11348670,0
[E3IP-CSV] 3,16,15905300,4319150,0,0,0,0,11490990,0
[E3IP-CSV] 3,17,15013520,4397080,0,0,0,0,10517950,0
[E3IP-CSV] 3,18,14540720,4069070,0,0,0,0,10375420,0
[E3IP-CSV] 3,19,14370560,5116460,0,0,0,0,9110200,0
[E3IP-CSV] 3,20,14434200,4213660,0,0,0,0,10124590,0
[E3IP-CSV] 3,21,13147860,4207070,0,0,0,0,8838830,0
[E3IP-CSV] 3,22,12775800,4184910,0,0,0,0,8497930,0
[E3IP-CSV] 3,23,16200990,4651500,0,0,0,0,11445670,0
[E3IP-CSV] 3,24,14554770,4113250,0,0,0,0,10339780,0
[E3IP-CSV] 3,25,16010380,4498500,0,0,0,0,11413750,0
[E3IP-CSV] 3,26,16143550,4391800,0,0,0,0,11642810,0
[E3IP-CSV] 3,27,15310830,4370680,0,0,0,0,10796020,0
[E3IP-CSV] 3,28,13926680,4117730,0,0,0,0,9571610,0
[E3IP-CSV] 3,29,16028360,4425740,0,0,0,0,11505560,0
[E3IP-CSV] 3,30,13806780,4660620,0,0,0,0,9049780,0
[E3IP-CSV] 3,31,13930010,4080550,0,0,0,0,9710420,0
[E3IP-CSV] 3,32,15509590,4235850,0,0,0,0,11173750,0
[E3IP-CSV] 3,33,12757630,3740950,0,0,0,0,8926090,0
[E3IP-CSV] 3,34,15036730,4313820,0,0,0,0,10571420,0
[E3IP-CSV] 3,35,14957390,4356620,0,0,0,0,10483600,0
[E3IP-CSV] 3,36,15867360,4551340,0,0,0,0,11176000,0
[E3IP-CSV] 3,37,15705790,4396500,0,0,0,0,11208270,0
[E3IP-CSV] 3,38,14418340,4311830,0,0,0,0,9999050,0
[E3IP-CSV] 3,39,15580250,4402870,0,0,0,0,11072470,0
[E3IP-CSV] 3,40,15954230,4219070,0,0,0,0,11635300,0
[E3IP-CSV] 3,41,14612950,4127630,0,0,0,0,10369900,0
[E3IP-CSV] 3,42,14604490,4183710,0,0,0,0,10320400,0
[E3IP-CSV] 3,43,14701230,5122460,0,0,0,0,9425120,0
[E3IP-CSV] 3,44,16094040,4409980,0,0,0,0,11583100,0
[E3IP-CSV] 3,45,14359290,3985350,0,0,0,0,10279270,0
[E3IP-CSV] 3,46,15197120,4073360,0,0,0,0,11024090,0
[E3IP-CSV] 3,47,14821620,4192340,0,0,0,0,10521810,0
[E3IP-CSV] 3,48,12948620,5040690,0,0,0,0,7817740,0
[E3IP-CSV] 3,49,14612620,4072880,0,0,0,0,10441570,0
[E3IP-CSV] 3,50,14785180,3701450,0,0,0,0,10991280,0
[E3IP-CSV] 3,51,16044080,4487370,0,0,0,0,11455680,0
[E3IP-CSV] 3,52,11793970,3604730,0,0,0,0,8097350,0
[E3IP-CSV] 3,53,12933390,5086340,0,0,0,0,7747900,0
[E3IP-CSV] 3,54,15354870,4315180,0,0,0,0,10933550,0
[E3IP-CSV] 3,55,14687570,4110700,0,0,0,0,10478720,0
[E3IP-CSV] 3,56,8576100,3130900,0,0,0,0,5345470,0
[E3IP-CSV] 3,57,16201690,4464090,0,0,0,0,11638800,0
[E3IP-CSV] 3,58,7302900,2871010,0,0,0,0,4339110,0
[E3IP-CSV] 3,59,15229280,4104240,0,0,0,0,11026370,0
[E3IP-CSV] 3,60,16808360,5140770,0,0,0,0,11561870,0
[E3IP-CSV] 3,61,15584300,4393510,0,0,0,0,11065490,0
[E3IP-CSV] 3,62,16133920,4414170,0,0,0,0,11624680,0
[E3IP-CSV] 3,63,14846400,4156400,0,0,0,0,10587090,0
[E3IP-CSV] 3,64,16207220,4698840,0,0,0,0,11402460,0
[E3IP-CSV] 3,65,16577710,4779080,0,0,0,0,11695630,0
[E3IP-CSV] 3,66,18494130,4352200,0,0,0,0,14042720,0
[E3IP-CSV] 3,67,15996000,4443190,0,0,0,0,11448400,0
[E3IP-CSV] 3,68,15296350,4458440,0,0,0,0,10734610,0
[E3IP-CSV] 3,69,16671000,4703540,0,0,0,0,11853060,0
[E3IP-CSV] 3,70,14653100,4338650,0,0,0,0,10216590,0
[E3IP-CSV] 3,71,17330210,5130690,0,0,0,0,12089340,0
[E3IP-CSV] 3,72,3368050,849840,0,0,0,0,2492730,0
[E3IP-CSV] 3,73,3449700,950520,0,0,0,0,2468780,0
[E3IP-CSV] 3,74,3400090,912530,0,0,0,0,2459280,0
[E3IP-CSV] 3,75,3714010,1006200,0,0,0,0,2677490,0
[E3IP-CSV] 3,76,3584580,980970,0,0,0,0,2574550,0
[E3IP-CSV] 3,77,3497280,970840,0,0,0,0,2497140,0
[E3IP-CSV] 3,78,16273740,4155360,0,0,0,0,12025260,0
[E3IP-CSV] 3,79,17402630,4757430,0,0,0,0,12538380,0
[E3IP-CSV] 3,80,13359300,4260270,0,0,0,0,9012800,0
[E3IP-CSV] 3,81,16008100,4445120,0,0,0,0,11462430,0
[E3IP-CSV] 3,82,17219160,4593970,0,0,0,0,12521050,0
[E3IP-CSV] 3,83,12194780,3506520,0,0,0,0,8586620,0
[E3IP-CSV] 3,84,14176860,4023340,0,0,0,0,10056020,0
[E3IP-CSV] 3,85,15930260,4167300,0,0,0,0,11659380,0
[E3IP-CSV] 3,86,12575640,3538110,0,0,0,0,8941850,0
[E3IP-CSV] 3,87,16264700,4510310,0,0,0,0,11661400,0
[E3IP-CSV] 3,88,15549210,4595850,0,0,0,0,10844640,0
[E3IP-CSV] 3,89,16012450,4472950,0,0,0,0,11436230,0
[E3IP-CSV] 3,90,16112800,4480790,0,0,0,0,11521170,0
[E3IP-CSV] 3,91,17253210,4797520,0,0,0,0,12346080,0
[E3IP-CSV] 3,92,22004310,5052420,0,0,0,0,16842580,0
[E3IP-CSV] 3,93,8674370,2770640,0,0,0,0,5841870,0
[E3IP-CSV] 3,94,14017770,4147980,0,0,0,0,9768880,0
[E3IP-CSV] 3,95,13658450,3885800,0,0,0,0,9678030,0
[E3IP-CSV] 3,96,15385560,4159250,0,0,0,0,11123360,0
[E3IP-CSV] 3,97,15724190,4724350,0,0,0,0,10899030,0
[E3IP-CSV] 3,98,14669800,3269340,0,0,0,0,11315660,0
[E3IP-CSV] 3,99,16361900,4581440,0,0,0,0,11677850,0
[E3IP-CSV] 3,100,21102370,5408220,0,0,0,0,15578140,0
[E3IP-CSV] 3,101,18152210,5856530,0,0,0,0,12141770,0
[E3IP-CSV] 3,102,19227640,4576490,0,0,0,0,14547070,0
[E3IP-CSV] 3,103,14063650,4146440,0,0,0,0,9834480,0
[E3IP-CSV] 3,104,16124490,4492910,0,0,0,0,11530160,0
[E3IP-CSV] 3,105,21477780,5603270,0,0,0,0,15768460,0
[E3IP-CSV] 3,106,18557680,4459340,0,0,0,0,13996400,0
[E3IP-CSV] 3,107,19444550,4896080,0,0,0,0,14445260,0
[E3IP-CSV] 3,108,16995880,4551090,0,0,0,0,11939880,0
[E3IP-CSV] 3,109,15360280,4054940,0,0,0,0,11200700,0
[E3IP-CSV] 3,110,16979220,4370600,0,0,0,0,12509850,0
[E3IP-CSV] 3,111,9456660,3175370,0,0,0,0,6184560,0
[E3IP-CSV] 3,112,7267950,3044410,0,0,0,0,4129710,0
[E3IP-CSV] 3,113,16803300,4806810,0,0,0,0,11889890,0
[E3IP-CSV] 3,114,18404990,4969990,0,0,0,0,13322930,0
[E3IP-CSV] 3,115,16964450,5252110,0,0,0,0,11592160,0
[E3IP-CSV] 3,116,16162530,4372710,0,0,0,0,11684670,0
[E3IP-CSV] 3,117,21955850,7338780,0,0,0,0,14179320,0
[E3IP-CSV] 3,118,16687960,6252650,0,0,0,0,10028600,0
[E3IP-CSV] 3,119,17619770,5117600,0,0,0,0,12392710,0
[E3IP-CSV] 3,120,19763780,4971480,0,0,0,0,14688740,0
[E3IP-CSV] 3,121,15513600,5193610,0,0,0,0,10181590,0
[E3IP-CSV] 3,122,9017850,3402260,0,0,0,0,5518190,0
[E3IP-CSV] 3,123,18296670,5291510,0,0,0,0,12908870,0
[E3IP-CSV] 3,124,17993860,4916980,0,0,0,0,12965200,0
[E3IP-CSV] 3,125,16413300,4717020,0,0,0,0,11586810,0
[E3IP-CSV] 3,126,16237920,4595210,0,0,0,0,11534370,0
[E3IP-CSV] 3,127,7085150,2982330,0,0,0,0,4007740,0
[E3IP-CSV] 3,128,6809880,3121260,0,0,0,0,3595440,0
[E3IP-CSV] 3,129,8177620,3199340,0,0,0,0,4879650,0
[E3IP-CSV] 3,130,15527400,4432490,0,0,0,0,10983490,0
[E3IP-CSV] 3,131,19318550,4838420,0,0,0,0,14364210,0
[E3IP-CSV] 3,132,19519090,4627480,0,0,0,0,14793850,0
[E3IP-CSV] 3,133,12108750,3687220,0,0,0,0,8346930,0
[E3IP-CSV] 3,134,16256720,4709060,0,0,0,0,11445630,0
[E3IP-CSV] 3,135,15018180,4008310,0,0,0,0,10901770,0
[E3IP-CSV] 3,136,16256710,4398980,0,0,0,0,11758690,0
[E3IP-CSV] 3,137,15889350,4367990,0,0,0,0,11420130,0
[E3IP-CSV] 3,138,14627790,4366320,0,0,0,0,10169860,0
[E3IP-CSV] 3,139,16942400,4671100,0,0,0,0,12162910,0
[E3IP-CSV] 3,140,16512960,4787240,0,0,0,0,11623020,0
[E3IP-CSV] 3,141,16093890,4428060,0,0,0,0,11561320,0
[E3IP-CSV] 3,142,16472730,4682330,0,0,0,0,11680260,0
[E3IP-CSV] 3,143,7877740,3237590,0,0,0,0,4483110,0
[E3IP-CSV] 3,144,6850070,3158200,0,0,0,0,3590160,0
[E3IP-CSV] 3,145,16391080,4514060,0,0,0,0,11770100,0
[E3IP-CSV] 3,146,19549760,4643710,0,0,0,0,14804520,0
[E3IP-CSV] 3,147,8022350,2842440,0,0,0,0,5090890,0
[E3IP-CSV] 3,148,17439840,6912530,0,0,0,0,10415050,0
[E3IP-CSV] 3,149,16094740,4772110,0,0,0,0,11218090,0
[E3IP-CSV] 3,150,16135950,4214830,0,0,0,0,11814020,0
[E3IP-CSV] 3,151,16320750,4537960,0,0,0,0,11685690,0
[E3IP-CSV] 3,152,14438050,4062040,0,0,0,0,10277730,0
[E3IP-CSV] 3,153,15223330,4069310,0,0,0,0,11062540,0
[E3IP-CSV] 3,154,16042440,4726370,0,0,0,0,11212160,0
[E3IP-CSV] 3,155,19252450,5654840,0,0,0,0,13494810,0
[E3IP-CSV] 3,156,16104490,4875110,0,0,0,0,11128090,0
[E3IP-CSV] 3,157,15927170,4383340,0,0,0,0,11449200,0
[E3IP-CSV] 3,158,16177470,4746360,0,0,0,0,11327910,0
[E3IP-CSV] 3,159,15982820,4611640,0,0,0,0,11269840,0
[E3IP-CSV] 3,160,15931930,4641690,0,0,0,0,11192250,0
[E3IP-CSV] 3,161,16128710,4689840,0,0,0,0,11335250,0
[E3IP-CSV] 3,162,15889320,4356150,0,0,0,0,11437250,0
[E3IP-CSV] 3,163,15128040,7401530,0,0,0,0,7566330,0
[E3IP-CSV] 3,164,16671430,4701940,0,0,0,0,11860340,0
[E3IP-CSV] 3,165,16162790,4197470,0,0,0,0,11857490,0
[E3IP-CSV] 3,166,8888910,3243860,0,0,0,0,5544710,0
[E3IP-CSV] 3,167,14956990,4181220,0,0,0,0,10677770,0
[E3IP-CSV] 3,168,13195680,3630520,0,0,0,0,9501450,0
[E3IP-CSV] 3,169,15564830,4247360,0,0,0,0,11219320,0
[E3IP-CSV] 3,170,15965180,4564270,0,0,0,0,11299410,0
[E3IP-CSV] 3,171,16036610,4528850,0,0,0,0,11403670,0
[E3IP-CSV] 3,172,16883820,4745730,0,0,0,0,12035970,0
[E3IP-CSV] 3,173,11183040,3294150,0,0,0,0,7796080,0
[E3IP-CSV] 3,174,16243540,4481000,0,0,0,0,11659370,0
[E3IP-CSV] 3,175,16235010,4263140,0,0,0,0,11872170,0
[E3IP-CSV] 3,176,16244610,4446870,0,0,0,0,11699280,0
[E3IP-CSV] 3,177,16330890,4576680,0,0,0,0,11653910,0
[E3IP-CSV] 3,178,15428560,4223230,0,0,0,0,11102490,0
[E3IP-CSV] 3,179,16101220,4465080,0,0,0,0,11538390,0
[E3IP-CSV] 3,180,16250880,4685370,0,0,0,0,11465780,0
[E3IP-CSV] 3,181,16134530,4456940,0,0,0,0,11581170,0
[E3IP-CSV] 3,182,16099220,4551870,0,0,0,0,11448390,0
[E3IP-CSV] 3,183,14227380,4126780,0,0,0,0,10011640,0
[E3IP-CSV] 3,184,15968900,4866440,0,0,0,0,11001480,0
[E3IP-CSV] 3,185,15124480,4070970,0,0,0,0,10951220,0
[E3IP-CSV] 3,186,16172490,4379730,0,0,0,0,11687780,0
[E3IP-CSV] 3,187,14498460,4105940,0,0,0,0,10297500,0
[E3IP-CSV] 3,188,11536770,2926900,0,0,0,0,8544040,0
[E3IP-CSV] 3,189,15749960,4256670,0,0,0,0,11392690,0
[E3IP-CSV] 3,190,20022780,5332430,0,0,0,0,14582120,0
[E3IP-CSV] 3,191,16153580,4682750,0,0,0,0,11365780,0
[E3IP-CSV] 3,192,16164830,4639850,0,0,0,0,11420180,0
[E3IP-CSV] 3,193,8442530,2770260,0,0,0,0,5422770,0
[E3IP-CSV] 3,194,15353130,4097560,0,0,0,0,11155850,0
[E3IP-CSV] 3,195,16211700,4494570,0,0,0,0,11611280,0
[E3IP-CSV] 3,196,7048190,3015420,0,0,0,0,3932790,0
[E3IP-CSV] 3,197,6742460,2672800,0,0,0,0,3991170,0
[E3IP-CSV] 3,198,14899010,4161370,0,0,0,0,10644180,0
[E3IP-CSV] 3,199,16400920,4600030,0,0,0,0,11698630,0
[E3IP-CSV] 3,200,15422220,4123600,0,0,0,0,11195320,0
[E3IP-CSV] 3,201,16556720,4489400,0,0,0,0,11969810,0
[E3IP-CSV] 3,202,14962910,4282160,0,0,0,0,10581970,0
[E3IP-CSV] 3,203,9588180,3366650,0,0,0,0,5710840,0
[E3IP-CSV] 3,204,10959510,3507380,0,0,0,0,7356480,0
[E3IP-CSV] 3,205,12213970,3583350,0,0,0,0,8528950,0
[E3IP-CSV] 3,206,16068690,4400740,0,0,0,0,11571570,0
[E3IP-CSV] 3,207,14315540,5447920,0,0,0,0,8777390,0
[E3IP-CSV] 3,208,16242370,4841950,0,0,0,0,11296180,0
[E3IP-CSV] 3,209,16284600,4596890,0,0,0,0,11588570,0
[E3IP-CSV] 3,210,15869290,4668720,0,0,0,0,11099680,0
[E3IP-CSV] 3,211,15453350,4065140,0,0,0,0,11289290,0
[E3IP-CSV] 3,212,15884310,4342430,0,0,0,0,11444700,0
[E3IP-CSV] 3,213,13624160,4170450,0,0,0,0,9353630,0
[E3IP-CSV] 3,214,15815340,4265680,0,0,0,0,11448990,0
[E3IP-CSV] 3,215,15652250,4558610,0,0,0,0,10991090,0
[E3IP-CSV] 3,216,19825930,5072260,0,0,0,0,14646690,0
[E3IP-CSV] 3,217,14208550,4102210,0,0,0,0,10012490,0
[E3IP-CSV] 3,218,20763440,5687670,0,0,0,0,14966410,0
[E3IP-CSV] 3,219,20075660,5043140,0,0,0,0,14934100,0
[E3IP-CSV] 3,220,15376490,4674570,0,0,0,0,10599790,0
[E3IP-CSV] 3,221,15027520,4463000,0,0,0,0,10471760,0
[E3IP-CSV] 3,222,16217870,4580020,0,0,0,0,11535160,0
[E3IP-CSV] 3,223,15340030,4491430,0,0,0,0,10734210,0
[E3IP-CSV] 3,224,15304710,4655720,0,0,0,0,10549040,0
[E3IP-CSV] 3,225,16075980,4655050,0,0,0,0,11321220,0
[E3IP-CSV] 3,226,16202420,4437370,0,0,0,0,11671560,0
[E3IP-CSV] 3,227,15930280,4431880,0,0,0,0,11407490,0
[E3IP-CSV] 3,228,14999340,4350840,0,0,0,0,10557780,0
[E3IP-CSV] 3,229,15973630,4623030,0,0,0,0,11246750,0
[E3IP-CSV] 3,230,15252040,4743960,0,0,0,0,10410550,0
[E3IP-CSV] 3,231,15526290,4717420,0,0,0,0,10665550,0
[E3IP-CSV] 3,232,16074270,4849480,0,0,0,0,11130420,0
[E3IP-CSV] 3,233,15347720,4738350,0,0,0,0,10505640,0
[E3IP-CSV] 3,234,16431370,4725840,0,0,0,0,11603220,0
[E3IP-CSV] 3,235,19404820,5367960,0,0,0,0,13937920,0
[E3IP-CSV] 3,236,15756030,4659150,0,0,0,0,10999680,0
[E3IP-CSV] 3,237,15378640,4318000,0,0,0,0,10964630,0
[E3IP-CSV] 3,238,13838470,4106340,0,0,0,0,9636870,0
[E3IP-CSV] 3,239,15653020,4573300,0,0,0,0,10981240,0
[E3IP-CSV] 3,240,14827890,4334840,0,0,0,0,10393170,0
[E3IP-CSV] 3,241,16170830,4493640,0,0,0,0,11411120,0
[E3IP-CSV] 3,242,14941580,4481730,0,0,0,0,10359590,0
[E3IP-CSV] 3,243,15565900,4348430,0,0,0,0,11033490,0
[E3IP-CSV] 3,244,16171440,4749300,0,0,0,0,11321930,0
[E3IP-CSV] 3,245,14859310,4412480,0,0,0,0,10349270,0
[E3IP-CSV] 3,246,15799010,4720140,0,0,0,0,10954360,0
[E3IP-CSV] 3,247,15341230,4836970,0,0,0,0,10362500,0
[E3IP-CSV] 3,248,14622020,4454750,0,0,0,0,10063920,0
[E3IP-CSV] 3,249,15408460,4395880,0,0,0,0,10913100,0
[E3IP-CSV] 3,250,16147700,4411110,0,0,0,0,11642180,0
[E3IP-CSV] 3,251,8670980,3200420,0,0,0,0,5369300,0
[E3IP-CSV] 3,252,7194810,3053970,0,0,0,0,4052410,0
[E3IP-CSV] 3,253,11916480,2961600,0,0,0,0,8885510,0
[E3IP-CSV] 3,254,17664700,4782280,0,0,0,0,12762840,0
[E3IP-CSV] 3,255,16166470,4615120,0,0,0,0,11451790,0
[E3IP-CSV] 3,256,7369620,2827050,0,0,0,0,4450670,0
[E3IP-CSV] 3,257,21111010,7029310,0,0,0,0,13503820,0
[E3IP-CSV] 3,258,6932860,1963260,0,0,0,0,4920000,0
[E3IP-CSV] 3,259,13991130,4178000,0,0,0,0,9715050,0
[E3IP-CSV] 3,260,15879810,4631320,0,0,0,0,11141920,0
[E3IP-CSV] 3,261,13733960,4717130,0,0,0,0,8865990,0
[E3IP-CSV] 3,262,16142150,4421890,0,0,0,0,11618800,0
[E3IP-CSV] 3,263,7443210,3814790,0,0,0,0,3278770,0
[E3IP-CSV] 3,264,7274940,3076360,0,0,0,0,4103400,0
[E3IP-CSV] 3,265,16188070,4447630,0,0,0,0,11640180,0
[E3IP-CSV] 3,266,16256570,4800020,0,0,0,0,11351940,0
[E3IP-CSV] 3,267,16197360,4583560,0,0,0,0,11521400,0
[E3IP-CSV] 3,268,5358580,1301570,0,0,0,0,4024100,0
[E3IP-CSV] 3,269,17067760,5142160,0,0,0,0,11810060,0
[E3IP-CSV] 3,270,16108060,4738010,0,0,0,0,11256640,0
[E3IP-CSV] 3,271,15587820,4596400,0,0,0,0,10868640,0
[E3IP-CSV] 3,272,16092110,4348590,0,0,0,0,11641560,0
[E3IP-CSV] 3,273,14984360,4176650,0,0,0,0,10730830,0
[E3IP-CSV] 3,274,16108140,4813790,0,0,0,0,11193530,0
[E3IP-CSV] 3,275,16290880,4471470,0,0,0,0,11720730,0
[E3IP-CSV] 3,276,11718830,3129760,0,0,0,0,8498010,0
[E3IP-CSV] 3,277,15251100,5159050,0,0,0,0,9992390,0
[E3IP-CSV] 3,278,6974350,2084290,0,0,0,0,4826160,0
[E3IP-CSV] 3,279,16666140,4780590,0,0,0,0,11780830,0
[E3IP-CSV] 3,280,16321060,4416470,0,0,0,0,11805260,0
[E3IP-CSV] 3,281,19257960,5346830,0,0,0,0,13805600,0
[E3IP-CSV] 3,282,16071350,4371940,0,0,0,0,11606610,0
[E3IP-CSV] 3,283,10417720,3542750,0,0,0,0,6775180,0
[E3IP-CSV] 3,284,16548960,4684550,0,0,0,0,11763790,0
[E3IP-CSV] 3,285,16285280,4486390,0,0,0,0,11699920,0
[E3IP-CSV] 3,286,16215560,4717460,0,0,0,0,11391100,0
[E3IP-CSV] 3,287,18965830,6226660,0,0,0,0,12008450,0
[E3IP-CSV] 3,288,15266650,4379730,0,0,0,0,10794460,0
[E3IP-CSV] 3,289,20444820,6667500,0,0,0,0,13165680,0
[E3IP-CSV] 3,290,7039860,2884260,0,0,0,0,4066690,0
[E3IP-CSV] 3,291,8504210,3087240,0,0,0,0,5326500,0
[E3IP-CSV] 3,292,14501160,7936450,0,0,0,0,6423270,0
[E3IP-CSV] 3,293,13098400,4276050,0,0,0,0,8719820,0
[E3IP-CSV] 3,294,7513130,3099150,0,0,0,0,4314850,0
[E3IP-CSV] 3,295,16053210,4590430,0,0,0,0,11347240,0
[E3IP-CSV] 3,296,18990210,4855780,0,0,0,0,14029870,0
[E3IP-CSV] 3,297,16187440,4895140,0,0,0,0,11185820,0
[E3IP-CSV] 3,298,19745300,5200520,0,0,0,0,14449280,0
[E3IP-CSV] 3,299,7352730,3161090,0,0,0,0,4101530,0
[E3IP-CSV] 3,300,16245410,4767280,0,0,0,0,11371190,0
[E3IP-CSV] 3,301,17921890,5379210,0,0,0,0,12444550,0
[E3IP-CSV] 3,302,17109570,7163790,0,0,0,0,9784890,0
[E3IP-CSV] 3,303,6509680,1651320,0,0,0,0,4820810,0
[E3IP-CSV] 3,304,16031570,4790250,0,0,0,0,11136330,0
[E3IP-CSV] 3,305,16106360,4443270,0,0,0,0,11562160,0
[E3IP-CSV] 3,306,15963500,4335900,0,0,0,0,11524730,0
[E3IP-CSV] 3,307,16368610,4508230,0,0,0,0,11757750,0
[E3IP-CSV] 3,308,16268920,4437510,0,0,0,0,11723310,0
[E3IP-CSV] 3,309,20028940,4766620,0,0,0,0,15159030,0
[E3IP-CSV] 3,310,16184870,4690040,0,0,0,0,11394850,0
[E3IP-CSV] 3,311,16542640,4506740,0,0,0,0,11933340,0
[E3IP-CSV] 3,312,14240170,4920960,0,0,0,0,8744060,0
[E3IP-CSV] 3,313,10273280,2426440,0,0,0,0,7786530,0
[E3IP-CSV] 3,314,14547760,4057630,0,0,0,0,10382570,0
[E3IP-CSV] 3,315,17193270,3326690,0,0,0,0,13771670,0
[E3IP-CSV] 3,316,7414500,3198900,0,0,0,0,4125830,0
[E3IP-CSV] 3,317,7190970,3090970,0,0,0,0,4006660,0
[E3IP-CSV] 3,318,5669430,1723250,0,0,0,0,3899090,0
[E3IP-CSV] 3,319,12668790,4024760,0,0,0,0,8499720,0
[E3IP-CSV] 3,320,7354340,3202050,0,0,0,0,4056320,0
[E3IP-CSV] 3,321,3999100,1189410,0,0,0,0,2775630,0
[E3IP-CSV] 3,322,15082070,4666850,0,0,0,0,10313040,0
[E3IP-CSV] 3,323,5921400,1839700,0,0,0,0,4032970,0
[E3IP-CSV] 3,324,13689830,4136290,0,0,0,0,9459280,0
[E3IP-CSV] 3,325,16232770,4477350,0,0,0,0,11655150,0
[E3IP-CSV] 3,326,19910260,4664850,0,0,0,0,15147870,0
[E3IP-CSV] 3,327,16166650,4385510,0,0,0,0,11680930,0
[E3IP-CSV] 3,328,12965280,3311750,0,0,0,0,9588950,0
[E3IP-CSV] 3,329,18886760,4677520,0,0,0,0,14110940,0
[E3IP-CSV] 3,330,16451620,4703830,0,0,0,0,11647210,0
[E3IP-CSV] 3,331,16898630,5084270,0,0,0,0,11712670,0
[E3IP-CSV] 3,332,12849170,5199680,0,0,0,0,7506040,0
[E3IP-CSV] 3,333,10036150,2382290,0,0,0,0,7595870,0
[E3IP-CSV] 3,334,16230530,4702290,0,0,0,0,11424560,0
[E3IP-CSV] 3,335,17583650,5276090,0,0,0,0,12200180,0
[E3IP-CSV] 3,336,21383770,7222640,0,0,0,0,13577460,0
[E3IP-CSV] 3,337,14950150,4215340,0,0,0,0,10639130,0
[E3IP-CSV] 3,338,3761300,1095000,0,0,0,0,2633550,0
[E3IP-CSV] 3,339,6914230,3222770,0,0,0,0,3599110,0
[E3IP-CSV] 3,340,16087010,4714580,0,0,0,0,11263850,0
[E3IP-CSV] 3,341,16187800,4428310,0,0,0,0,11658370,0
[E3IP-CSV] 3,342,16913110,4289570,0,0,0,0,12521860,0
[E3IP-CSV] 3,343,10701980,3565240,0,0,0,0,7039280,0
[E3IP-CSV] 3,344,8415280,3250890,0,0,0,0,5066020,0
[E3IP-CSV] 3,345,16143890,4408200,0,0,0,0,11635310,0
[E3IP-CSV] 3,346,16248050,4437470,0,0,0,0,11710500,0
[E3IP-CSV] 3,347,16271400,4734400,0,0,0,0,11436470,0
[E3IP-CSV] 3,348,9167310,2097030,0,0,0,0,7025150,0
[E3IP-CSV] 3,349,8991020,3213900,0,0,0,0,5661510,0
[E3IP-CSV] 3,350,7600910,3213700,0,0,0,0,4290230,0
[E3IP-CSV] 3,351,16911420,5006110,0,0,0,0,11796830,0
[E3IP-CSV] 3,352,15412910,4571330,0,0,0,0,10742570,0
[E3IP-CSV] 3,353,15491400,4164520,0,0,0,0,11220920,0
[E3IP-CSV] 3,354,7973740,3084610,0,0,0,0,4625660,0
[E3IP-CSV] 3,355,8571960,3265070,0,0,0,0,5215100,0
[E3IP-CSV] 3,356,16187340,4423660,0,0,0,0,11654220,0
[E3IP-CSV] 3,357,10188220,3704550,0,0,0,0,5905940,0
[E3IP-CSV] 3,358,17754690,5439660,0,0,0,0,12194390,0
[E3IP-CSV] 3,359,16188810,4817020,0,0,0,0,11272470,0
[E3IP-CSV] 3,360,19506920,6104040,0,0,0,0,13252050,0
[E3IP-CSV] 3,361,17538750,5531420,0,0,0,0,11901590,0
[E3IP-CSV] 3,362,15357570,4560470,0,0,0,0,10701370,0
[E3IP-CSV] 3,363,3644920,1005500,0,0,0,0,2609460,0
[E3IP-CSV] 3,364,18902160,5095150,0,0,0,0,13700330,0
[E3IP-CSV] 3,365,16153620,4474580,0,0,0,0,11566520,0
[E3IP-CSV] 3,366,14392340,4620340,0,0,0,0,9660220,0
[E3IP-CSV] 3,367,16160980,4432940,0,0,0,0,11632640,0
[E3IP-CSV] 3,368,7704720,2435880,0,0,0,0,5205160,0
[E3IP-CSV] 3,369,16607050,5014350,0,0,0,0,11482960,0
[E3IP-CSV] 3,370,14880480,4556320,0,0,0,0,10223470,0
[E3IP-CSV] 3,371,16525880,4777180,0,0,0,0,11635550,0
[E3IP-CSV] 3,372,7137360,3060970,0,0,0,0,3813970,0
[E3IP-CSV] 3,373,12370350,3333480,0,0,0,0,8973600,0
[E3IP-CSV] 3,374,16812390,5133830,0,0,0,0,11574580,0
[E3IP-CSV] 3,375,13040390,6873860,0,0,0,0,6023240,0
[E3IP-CSV] 3,376,18310980,5567420,0,0,0,0,12649590,0
[E3IP-CSV] 3,377,15784170,4571470,0,0,0,0,10901430,0
[E3IP-CSV] 3,378,6450880,1532110,0,0,0,0,4799460,0
[E3IP-CSV] 3,379,16072600,4796370,0,0,0,0,11166940,0
[E3IP-CSV] 3,380,7241850,3082960,0,0,0,0,4072070,0
[E3IP-CSV] 3,381,7302050,3201510,0,0,0,0,4002230,0
[E3IP-CSV] 3,382,19392600,4958360,0,0,0,0,14333980,0
[E3IP-CSV] 3,383,3852280,1134800,0,0,0,0,2680450,0
[E3IP-CSV] 3,384,14830730,4257710,0,0,0,0,10471100,0
[E3IP-CSV] 3,385,16149450,4406140,0,0,0,0,11622640,0
[E3IP-CSV] 3,386,9125400,3171280,0,0,0,0,5495160,0
[E3IP-CSV] 3,387,16430110,4831860,0,0,0,0,11497330,0
[E3IP-CSV] 3,388,6390670,1870340,0,0,0,0,4462530,0
[E3IP-CSV] 3,389,14559190,3624080,0,0,0,0,10828940,0
[E3IP-CSV] 3,390,16885310,5098680,0,0,0,0,11682010,0
[E3IP-CSV] 3,391,16235550,4482940,0,0,0,0,11641300,0
[E3IP-CSV] 3,392,16171190,4457350,0,0,0,0,11589840,0
[E3IP-CSV] 3,393,10635240,2685230,0,0,0,0,7889870,0
[E3IP-CSV] 3,394,16330190,4741770,0,0,0,0,11477150,0
[E3IP-CSV] 3,395,16174730,4741450,0,0,0,0,11321280,0
[E3IP-CSV] 3,396,16200880,4460400,0,0,0,0,11638600,0
[E3IP-CSV] 3,397,16173700,4442510,0,0,0,0,11626920,0
[E3IP-CSV] 3,398,13743190,2999600,0,0,0,0,10670920,0
[E3IP-CSV] 3,399,17576940,5089200,0,0,0,0,12385320,0
[E3IP-CSV] 3,400,16128780,4429500,0,0,0,0,11602440,0
[E3IP-CSV] 3,401,19447360,5200380,0,0,0,0,14127210,0
[E3IP-CSV] 3,402,19122070,5119630,0,0,0,0,13901460,0
[E3IP-CSV] 3,403,6338720,1740290,0,0,0,0,4443530,0
[E3IP-CSV] 3,404,17505610,5374970,0,0,0,0,12015640,0
[E3IP-CSV] 3,405,15689800,4699060,0,0,0,0,10891240,0
[E3IP-CSV] 3,406,15725270,4514870,0,0,0,0,11107650,0
[E3IP-CSV] 3,407,15714160,4575270,0,0,0,0,11043590,0
[E3IP-CSV] 3,408,6443800,2068040,0,0,0,0,4302690,0
[E3IP-CSV] 3,409,16672970,4853270,0,0,0,0,11715030,0
[E3IP-CSV] 3,410,16468640,4885620,0,0,0,0,11476830,0
[E3IP-CSV] 3,411,15576760,4697770,0,0,0,0,10782670,0
[E3IP-CSV] 3,412,15349370,4653520,0,0,0,0,10599300,0
[E3IP-CSV] 3,413,7918220,1710630,0,0,0,0,6172060,0
[E3IP-CSV] 3,414,15299660,4568010,0,0,0,0,10624860,0
[E3IP-CSV] 3,415,6840280,3232270,0,0,0,0,3507990,0
[E3IP-CSV] 3,416,16180070,4551420,0,0,0,0,11527320,0
[E3IP-CSV] 3,417,16220940,4841900,0,0,0,0,11267350,0
[E3IP-CSV] 3,418,9455300,2758920,0,0,0,0,6495020,0
[E3IP-CSV] 3,419,16095570,4798050,0,0,0,0,11196110,0
[E3IP-CSV] 3,420,8604520,3232460,0,0,0,0,5279580,0
[E3IP-CSV] 3,421,16221190,4776780,0,0,0,0,11337710,0
[E3IP-CSV] 3,422,20287280,5557000,0,0,0,0,14610750,0
[E3IP-CSV] 3,423,9993430,2935550,0,0,0,0,6964570,0
[E3IP-CSV] 3,424,17479970,5480020,0,0,0,0,11889920,0
[E3IP-CSV] 3,425,16272300,4772620,0,0,0,0,11403290,0
[E3IP-CSV] 3,426,16258200,4485720,0,0,0,0,11676830,0
[E3IP-CSV] 3,427,7524880,2760680,0,0,0,0,4664790,0
[E3IP-CSV] 3,428,7204330,2366550,0,0,0,0,4762130,0
[E3IP-CSV] 3,429,19513420,5191420,0,0,0,0,14213090,0
[E3IP-CSV] 3,430,15932940,4786030,0,0,0,0,11032110,0
[E3IP-CSV] 3,431,7036930,2920340,0,0,0,0,4025790,0
[E3IP-CSV] 3,432,16327770,4957250,0,0,0,0,11267560,0
[E3IP-CSV] 3,433,7575000,2356440,0,0,0,0,5146710,0
[E3IP-CSV] 3,434,16295800,4647940,0,0,0,0,11545760,0
[E3IP-CSV] 3,435,16109810,4711320,0,0,0,0,11295970,0
[E3IP-CSV] 3,436,15992040,4728840,0,0,0,0,11161800,0
[E3IP-CSV] 3,437,16067970,4387030,0,0,0,0,11580900,0
[E3IP-CSV] 3,438,8980680,2899270,0,0,0,0,5990440,0
[E3IP-CSV] 3,439,16217680,4891750,0,0,0,0,11224670,0
[E3IP-CSV] 3,440,20391490,5261400,0,0,0,0,15025260,0
[E3IP-CSV] 3,441,15605860,4502740,0,0,0,0,10996290,0
[E3IP-CSV] 3,442,18863630,5226430,0,0,0,0,13533190,0
[E3IP-CSV] 3,443,15270560,4500680,0,0,0,0,10644060,0
[E3IP-CSV] 3,444,16557820,4522680,0,0,0,0,11924270,0
[E3IP-CSV] 3,445,15913600,4746180,0,0,0,0,11065570,0
[E3IP-CSV] 3,446,15810250,4344000,0,0,0,0,11362100,0
[E3IP-CSV] 3,447,16086740,4714140,0,0,0,0,11263840,0
[E3IP-CSV] 3,448,6887770,2482810,0,0,0,0,4316390,0
[E3IP-CSV] 3,449,16302400,4771430,0,0,0,0,11429950,0
[E3IP-CSV] 3,450,21538030,7306590,0,0,0,0,13652110,0
[E3IP-CSV] 3,451,6470640,2865730,0,0,0,0,3509750,0
[E3IP-CSV] 3,452,6903780,2855870,0,0,0,0,3960570,0
[E3IP-CSV] 3,453,5546570,2032240,0,0,0,0,3436200,0
[E3IP-CSV] 3,454,16393400,4854470,0,0,0,0,11416220,0
[E3IP-CSV] 3,455,16211800,4529900,0,0,0,0,11570170,0
[E3IP-CSV] 3,456,16967270,4778790,0,0,0,0,12082240,0
[E3IP-CSV] 3,457,16401190,4550440,0,0,0,0,11734180,0
[E3IP-CSV] 3,458,11241470,3575540,0,0,0,0,7558620,0
[E3IP-CSV] 3,459,18469880,4735500,0,0,0,0,13631810,0
[E3IP-CSV] 3,460,16377480,4958090,0,0,0,0,11314360,0
[E3IP-CSV] 3,461,16291610,4532860,0,0,0,0,11656460,0
[E3IP-CSV] 3,462,19196920,5033070,0,0,0,0,14059260,0
[E3IP-CSV] 3,463,6448720,2547600,0,0,0,0,3803000,0
[E3IP-CSV] 3,464,16280830,4496280,0,0,0,0,11676730,0
[E3IP-CSV] 3,465,14226090,4809670,0,0,0,0,9316160,0
[E3IP-CSV] 3,466,16281050,4690410,0,0,0,0,11491680,0
[E3IP-CSV] 3,467,11721280,2924490,0,0,0,0,8694250,0
[E3IP-CSV] 3,468,7012480,3017610,0,0,0,0,3903330,0
[E3IP-CSV] 3,469,14825590,3732620,0,0,0,0,10855600,0
[E3IP-CSV] 3,470,6773120,3207390,0,0,0,0,3479070,0
[E3IP-CSV] 3,471,7938500,3043070,0,0,0,0,4801330,0
[E3IP-CSV] 3,472,11196340,4217090,0,0,0,0,6852630,0
[E3IP-CSV] 3,473,7120150,3137610,0,0,0,0,3886370,0
[E3IP-CSV] 3,474,14858570,4261810,0,0,0,0,10488710,0
[E3IP-CSV] 3,475,19332570,6531240,0,0,0,0,12223610,0
[E3IP-CSV] 3,476,7597040,3132700,0,0,0,0,4194950,0
[E3IP-CSV] 3,477,16362400,4466690,0,0,0,0,11793800,0
[E3IP-CSV] 3,478,7901580,2994200,0,0,0,0,4811400,0
[E3IP-CSV] 3,479,16379770,4923980,0,0,0,0,11352160,0
[E3IP-CSV] 3,480,13414350,5313710,0,0,0,0,7516270,0
[E3IP-CSV] 3,481,18995220,5789830,0,0,0,0,12608490,0
[E3IP-CSV] 3,482,16979720,4936070,0,0,0,0,11775130,0
[E3IP-CSV] 3,483,8610730,3211400,0,0,0,0,5291620,0
[E3IP-CSV] 3,484,17666140,5862870,0,0,0,0,11629650,0
[E3IP-CSV] 3,485,7278310,3105280,0,0,0,0,4068720,0
[E3IP-CSV] 3,486,17557990,6691810,0,0,0,0,10707330,0
[E3IP-CSV] 3,487,17890580,5314500,0,0,0,0,12039210,0
[E3IP-CSV] 3,488,8471360,3287380,0,0,0,0,5089760,0
[E3IP-CSV] 3,489,17887700,5486940,0,0,0,0,12134250,0
[E3IP-CSV] 3,490,15730860,4271120,0,0,0,0,11365570,0
[E3IP-CSV] 3,491,15598020,4641100,0,0,0,0,10841340,0
[E3IP-CSV] 3,492,15519180,4541940,0,0,0,0,10867530,0
[E3IP-CSV] 3,493,14455600,4347100,0,0,0,0,10012400,0
[E3IP-CSV] 3,494,15999120,4872300,0,0,0,0,11026330,0
[E3IP-CSV] 3,495,16078560,4912010,0,0,0,0,11065880,0
[E3IP-CSV] 3,496,16264540,4995460,0,0,0,0,11171230,0
[E3IP-CSV] 3,497,15835650,4837190,0,0,0,0,10899550,0
[E3IP-CSV] 3,498,11614240,3289360,0,0,0,0,8226700,0
[E3IP-CSV] 3,499,16280060,4854970,0,0,0,0,11312780,0
[E3IP-SUMMARY] chain_len=3 e2e_avg=14443272 publish_avg=4281871 sched_avg=10041775

*** FATAL ***
fatal source: 9 (RTEMS_FATAL_SOURCE_EXCEPTION)

R0   = 0x015957f8 R8  = 0x00000000
R1   = 0x00000000 R9  = 0x00000000
R2   = 0x00000010 R10 = 0x00000000
R3   = 0x015958f8 R11 = 0x00000000
R4   = 0x00c00f78 R12 = 0x015958f8
R5   = 0x002d050d SP  = 0x015957e8
R6   = 0x00000000 LR  = 0x00000000
R7   = 0x015957e8 PC  = 0x002d0594
CPSR = 0x600d0173 VEC = 0x00000001
FPEXC = 0x40000000
FPSCR = 0x20000010
D00 = 0x0000000000000000
D01 = 0x0000000000000001
D02 = 0x0000000000000000
D03 = 0x0000000000000000
D04 = 0x0000000000000000
D05 = 0x0000000000000000
D06 = 0x00a9c50c00a9c50c
D07 = 0x000186a00061a800
D08 = 0x0000000000000000
D09 = 0x0000000000000000
D10 = 0x0000000000000000
D11 = 0x0000000000000000
D12 = 0x0000000000000000
D13 = 0x0000000000000000
D14 = 0x0000000000000000
D15 = 0x0000000000000000
D16 = 0x0000000000000000
D17 = 0x0000000000000000
D18 = 0x0000000000000000
D19 = 0x0000000000000000
D20 = 0x00a9c76400a9c750
D21 = 0x00a9c79400a9c778
D22 = 0x00a9c6ac00a9c69c
D23 = 0x00a9c6cc00a9c6bc
D24 = 0x00a9c66c00a9c65c
D25 = 0x00a9c68c00a9c67c
D26 = 0x00a9c5f800a9c5d0
D27 = 0x00a9c63800a9c61c
D28 = 0x00a9c57800a9c548
D29 = 0x00a9c5b000a9c594
D30 = 0x00a9ca3000a9ca30
D31 = 0x00a9c53c00a9c530
RTEMS version: 6.1.0.not-released
RTEMS tools: 13.3.0 20240521 (RTEMS 6, RSB no-repo, Newlib 1b3dcfd)
executing thread ID: 0x0a010001
executing thread name: UI1 
