
RTEMS Shell on /dev/console. Use 'help' to list commands.
SHLL [/] # nexus0: <RTEMS Nexus device>
info: lo0: link state changed to UP
=== Exp3inter-Picas: Task Chain (n=10) SingleThreadedExecutor+PiCAS ===
Period: 200ms, Rounds: 500
[E3IP-CSV] chain_len,round,e2e_ns,publish_ns,gc_trigger_ns,invoke_cb_ns,getnext_ns,take_data_ns,sched_ns,dispatch_ns
666666
CPP Msg not nullptr
CPP Msg not nullptr
CPP Msg not nullptr
CPP Msg not nullptr
C Msg not NULL
C Msg not NULL
CPP Srv not nullptr
CPP Srv not nullptr
CPP Srv not nullptr
CPP Srv not nullptr
CPP Srv not nullptr
CPP Srv not nullptr
CPP Msg not nullptr
CPP Msg not nullptr
CPP Msg not nullptr
CPP Msg not nullptr
CPP Msg not nullptr
CPP Msg not nullptr
C Msg not NULL
C Msg not NULL
CPP Srv not nullptr
CPP Srv not nullptr
CPP Srv not nullptr
CPP Srv not nullptr
CPP Srv not nullptr
CPP Srv not nullptr
CPP Msg not nullptr
CPP Msg not nullptr
CPP Msg not nullptr
CPP Msg not nullptr
CPP Msg not nullptr
CPP Msg not nullptr
CPP Msg not nullptr
CPP Msg not nullptr
C Msg not NULL
C Msg not NULL
CPP Srv not nullptr
CPP Srv not nullptr
CPP Srv not nullptr
CPP Srv not nullptr
CPP Srv not nullptr
CPP Srv not nullptr
CPP Msg not nullptr
CPP Msg not nullptr
CPP Msg not nullptr
CPP Msg not nullptr
CPP Msg not nullptr
CPP Msg not nullptr
CPP Msg not nullptr
CPP Msg not nullptr
C Msg not NULL
C Msg not NULL
CPP Srv not nullptr
CPP Srv not nullptr
CPP Srv not nullptr
CPP Srv not nullptr
CPP Srv not nullptr
CPP Srv not nullptr
CPP Msg not nullptr
CPP Msg not nullptr
CPP Msg not nullptr
CPP Msg not nullptr
CPP Msg not nullptr
CPP Msg not nullptr
CPP Msg not nullptr
CPP Msg not nullptr
C Msg not NULL
C Msg not NULL
CPP Srv not nullptr
CPP Srv not nullptr
CPP Srv not nullptr
CPP Srv not nullptr
CPP Srv not nullptr
CPP Srv not nullptr
CPP Msg not nullptr
CPP Msg not nullptr
CPP Msg not nullptr
CPP Msg not nullptr
CPP Msg not nullptr
CPP Msg not nullptr
CPP Msg not nullptr
CPP Msg not nullptr
C Msg not NULL
C Msg not NULL
CPP Srv not nullptr
CPP Srv not nullptr
CPP Srv not nullptr
CPP Srv not nullptr
CPP Srv not nullptr
CPP Srv not nullptr
CPP Msg not nullptr
CPP Msg not nullptr
CPP Msg not nullptr
CPP Msg not nullptr
CPP Msg not nullptr
CPP Msg not nullptr
CPP Msg not nullptr
CPP Msg not nullptr
C Msg not NULL
C Msg not NULL
CPP Srv not nullptr
CPP Srv not nullptr
CPP Srv not nullptr
CPP Srv not nullptr
CPP Srv not nullptr
CPP Srv not nullptr
CPP Msg not nullptr
CPP Msg not nullptr
CPP Msg not nullptr
CPP Msg not nullptr
CPP Msg not nullptr
CPP Msg not nullptr
CPP Msg not nullptr
CPP Msg not nullptr
C Msg not NULL
C Msg not NULL
CPP Srv not nullptr
CPP Srv not nullptr
CPP Srv not nullptr
CPP Srv not nullptr
CPP Srv not nullptr
CPP Srv not nullptr
CPP Msg not nullptr
CPP Msg not nullptr
CPP Msg not nullptr
CPP Msg not nullptr
CPP Msg not nullptr
CPP Msg not nullptr
CPP Msg not nullptr
CPP Msg not nullptr
C Msg not NULL
C Msg not NULL
CPP Srv not nullptr
CPP Srv not nullptr
CPP Srv not nullptr
CPP Srv not nullptr
CPP Srv not nullptr
CPP Srv not nullptr
CPP Msg not nullptr
CPP Msg not nullptr
CPP Msg not nullptr
CPP Msg not nullptr
CPP Msg not nullptr
CPP Msg not nullptr
CPP Msg not nullptr
CPP Msg not nullptr
C Msg not NULL
C Msg not NULL
CPP Srv not nullptr
CPP Srv not nullptr
CPP Srv not nullptr
CPP Srv not nullptr
CPP Srv not nullptr
CPP Srv not nullptr
CPP Msg not nullptr
CPP Msg not nullptr
CPP Msg not nullptr
CPP Msg not nullptr
CPP Msg not nullptr
CPP Msg not nullptr
[0m[INFO] [0567993601.479780639] [rclcpp]: Singlethreadedexecutor spin: in Thread ID 167837697[0m
[E3IP-CSV] 10,0,55854610,14265530,0,0,0,0,41307000,0
[E3IP-CSV] 10,1,39421570,3736000,0,0,0,0,35645710,0
[E3IP-CSV] 10,2,36831250,3483130,0,0,0,0,33310320,0
[E3IP-CSV] 10,3,37827760,3482590,0,0,0,0,34306790,0
[E3IP-CSV] 10,4,37734470,3739090,0,0,0,0,33953810,0
[E3IP-CSV] 10,5,37275350,3468650,0,0,0,0,33769510,0
[E3IP-CSV] 10,6,35610710,3574650,0,0,0,0,31998150,0
[E3IP-CSV] 10,7,34613820,3528700,0,0,0,0,31046060,0
[E3IP-CSV] 10,8,37142310,4299350,0,0,0,0,32770930,0
[E3IP-CSV] 10,9,39619210,5788190,0,0,0,0,33663450,0
[E3IP-CSV] 10,10,42680600,5584040,0,0,0,0,36988370,0
[E3IP-CSV] 10,11,34036680,3523720,0,0,0,0,30465130,0
[E3IP-CSV] 10,12,55277190,6930480,0,0,0,0,48152540,0
[E3IP-CSV] 10,13,42369180,5881060,0,0,0,0,36363890,0
[E3IP-CSV] 10,14,50207390,6609820,0,0,0,0,43474150,0
[E3IP-CSV] 10,15,44800920,6007850,0,0,0,0,38679080,0
[E3IP-CSV] 10,16,36714810,5643600,0,0,0,0,30942880,0
[E3IP-CSV] 10,17,42812800,5943670,0,0,0,0,36751740,0
[E3IP-CSV] 10,18,45094960,4872170,0,0,0,0,40097990,0
[E3IP-CSV] 10,19,44648210,6203880,0,0,0,0,38323250,0
[E3IP-CSV] 10,20,52760300,6330850,0,0,0,0,46305130,0
[E3IP-CSV] 10,21,44282170,5694250,0,0,0,0,38477640,0
[E3IP-CSV] 10,22,43723690,5863170,0,0,0,0,37585690,0
[E3IP-CSV] 10,23,36714030,5582390,0,0,0,0,30858350,0
[E3IP-CSV] 10,24,44482810,5824220,0,0,0,0,38386790,0
[E3IP-CSV] 10,25,45385530,6011010,0,0,0,0,39256310,0
[E3IP-CSV] 10,26,44941820,5654530,0,0,0,0,39174890,0
[E3IP-CSV] 10,27,44418200,5792840,0,0,0,0,38489680,0
[E3IP-CSV] 10,28,43908090,5834810,0,0,0,0,37954020,0
[E3IP-CSV] 10,29,44349670,5698420,0,0,0,0,38538880,0
[E3IP-CSV] 10,30,44252940,5748610,0,0,0,0,38384730,0
[E3IP-CSV] 10,31,44004280,5764490,0,0,0,0,38120890,0
[E3IP-CSV] 10,32,44146660,6141090,0,0,0,0,37885410,0
[E3IP-CSV] 10,33,43375220,5906470,0,0,0,0,37342280,0
[E3IP-CSV] 10,34,44421150,5713530,0,0,0,0,38594400,0
[E3IP-CSV] 10,35,44052880,5703210,0,0,0,0,38233040,0
[E3IP-CSV] 10,36,44034350,5755720,0,0,0,0,38166500,0
[E3IP-CSV] 10,37,44309240,5733230,0,0,0,0,38457170,0
[E3IP-CSV] 10,38,43696040,5939730,0,0,0,0,37634060,0
[E3IP-CSV] 10,39,44215600,5746250,0,0,0,0,38350970,0
[E3IP-CSV] 10,40,44196320,5853380,0,0,0,0,38226990,0
[E3IP-CSV] 10,41,44642160,6197760,0,0,0,0,38330160,0
[E3IP-CSV] 10,42,44039840,5954870,0,0,0,0,37967190,0
[E3IP-CSV] 10,43,43625170,5959230,0,0,0,0,37546060,0
[E3IP-CSV] 10,44,44134160,5810960,0,0,0,0,38204030,0
[E3IP-CSV] 10,45,43390710,6083310,0,0,0,0,37187870,0
[E3IP-CSV] 10,46,54185070,3991260,0,0,0,0,50141870,0
[E3IP-CSV] 10,47,39183570,4689960,0,0,0,0,34410200,0
[E3IP-CSV] 10,48,40452740,5445190,0,0,0,0,34888530,0
[E3IP-CSV] 10,49,43622930,5768980,0,0,0,0,37739450,0
[E3IP-CSV] 10,50,41788680,5594580,0,0,0,0,36071050,0
[E3IP-CSV] 10,51,43663440,5733970,0,0,0,0,37818970,0
[E3IP-CSV] 10,52,42879140,5523190,0,0,0,0,37239020,0
[E3IP-CSV] 10,53,45727440,5774670,0,0,0,0,39832530,0
[E3IP-CSV] 10,54,47007200,6465370,0,0,0,0,40422150,0
[E3IP-CSV] 10,55,44308650,5835950,0,0,0,0,38353000,0
[E3IP-CSV] 10,56,44194020,5744560,0,0,0,0,38337990,0
[E3IP-CSV] 10,57,44010020,5765650,0,0,0,0,38122870,0
[E3IP-CSV] 10,58,43875870,5712780,0,0,0,0,38037540,0
[E3IP-CSV] 10,59,44212290,5937990,0,0,0,0,38156010,0
[E3IP-CSV] 10,60,44104740,5857700,0,0,0,0,38128000,0
[E3IP-CSV] 10,61,44324840,5848200,0,0,0,0,38361760,0
[E3IP-CSV] 10,62,44000490,5658240,0,0,0,0,38222810,0
[E3IP-CSV] 10,63,43212210,6049380,0,0,0,0,37032590,0
[E3IP-CSV] 10,64,44488910,6155550,0,0,0,0,38219100,0
[E3IP-CSV] 10,65,43008550,5800720,0,0,0,0,37091920,0
[E3IP-CSV] 10,66,44333350,5802640,0,0,0,0,38419980,0
[E3IP-CSV] 10,67,44411460,5859510,0,0,0,0,38432180,0
[E3IP-CSV] 10,68,43829310,6385590,0,0,0,0,37321770,0
[E3IP-CSV] 10,69,43625880,5842440,0,0,0,0,37665330,0
[E3IP-CSV] 10,70,43612150,6243920,0,0,0,0,37249780,0
[E3IP-CSV] 10,71,44519990,6130330,0,0,0,0,38268310,0
[E3IP-CSV] 10,72,33432250,3519750,0,0,0,0,29866050,0
[E3IP-CSV] 10,73,33293810,3613160,0,0,0,0,29631660,0
[E3IP-CSV] 10,74,33335190,3605200,0,0,0,0,29681310,0
[E3IP-CSV] 10,75,34214750,3602430,0,0,0,0,30564260,0
[E3IP-CSV] 10,76,36473890,3945240,0,0,0,0,32465420,0
[E3IP-CSV] 10,77,34915250,4095430,0,0,0,0,30756460,0
[E3IP-CSV] 10,78,33295810,3557150,0,0,0,0,29690230,0
[E3IP-CSV] 10,79,35099030,3672510,0,0,0,0,31376990,0
[E3IP-CSV] 10,80,33950870,3709340,0,0,0,0,30190520,0
[E3IP-CSV] 10,81,38039300,4467170,0,0,0,0,33505290,0
[E3IP-CSV] 10,82,33605340,3621950,0,0,0,0,29931290,0
[E3IP-CSV] 10,83,39698230,3941660,0,0,0,0,35705390,0
[E3IP-CSV] 10,84,33528540,3551560,0,0,0,0,29926520,0
[E3IP-CSV] 10,85,34088890,3638000,0,0,0,0,30400430,0
[E3IP-CSV] 10,86,33690510,3654240,0,0,0,0,29988770,0
[E3IP-CSV] 10,87,33443330,3520930,0,0,0,0,29873950,0
[E3IP-CSV] 10,88,33306480,3607720,0,0,0,0,29649900,0
[E3IP-CSV] 10,89,34101270,3647980,0,0,0,0,30403550,0
[E3IP-CSV] 10,90,34344910,3587350,0,0,0,0,30709600,0
[E3IP-CSV] 10,91,33231150,3493220,0,0,0,0,29694010,0
[E3IP-CSV] 10,92,34413920,3805910,0,0,0,0,30558620,0
[E3IP-CSV] 10,93,33389410,3502320,0,0,0,0,29804730,0
[E3IP-CSV] 10,94,33945280,3477550,0,0,0,0,30421090,0
[E3IP-CSV] 10,95,34187720,3557680,0,0,0,0,30583430,0
[E3IP-CSV] 10,96,33282930,3533200,0,0,0,0,29702670,0
[E3IP-CSV] 10,97,33049610,3514700,0,0,0,0,29491580,0
[E3IP-CSV] 10,98,33426280,3512590,0,0,0,0,29866530,0
[E3IP-CSV] 10,99,43389510,4502730,0,0,0,0,38819640,0
[E3IP-CSV] 10,100,33690180,3605800,0,0,0,0,30033130,0
[E3IP-CSV] 10,101,33174490,3588600,0,0,0,0,29540880,0
[E3IP-CSV] 10,102,34426570,3532990,0,0,0,0,30843800,0
[E3IP-CSV] 10,103,33511240,3580810,0,0,0,0,29882250,0
[E3IP-CSV] 10,104,34054910,3602380,0,0,0,0,30404730,0
[E3IP-CSV] 10,105,44043350,4508700,0,0,0,0,39432430,0
[E3IP-CSV] 10,106,33861370,3591680,0,0,0,0,30223940,0
[E3IP-CSV] 10,107,33807280,3905080,0,0,0,0,29847280,0
[E3IP-CSV] 10,108,33513910,3692440,0,0,0,0,29773230,0
[E3IP-CSV] 10,109,33278890,3589240,0,0,0,0,29644350,0
[E3IP-CSV] 10,110,33777920,3497400,0,0,0,0,30233620,0
[E3IP-CSV] 10,111,33004990,3524410,0,0,0,0,29438090,0
[E3IP-CSV] 10,112,33239490,3513210,0,0,0,0,29681500,0
[E3IP-CSV] 10,113,33975240,3540940,0,0,0,0,30386540,0
[E3IP-CSV] 10,114,33423250,3530880,0,0,0,0,29845340,0
[E3IP-CSV] 10,115,33553170,3519820,0,0,0,0,29985570,0
[E3IP-CSV] 10,116,33272950,3548020,0,0,0,0,29678870,0
[E3IP-CSV] 10,117,34478930,3779580,0,0,0,0,30653440,0
[E3IP-CSV] 10,118,34086730,3521040,0,0,0,0,30516660,0
[E3IP-CSV] 10,119,33365870,3603880,0,0,0,0,29714760,0
[E3IP-CSV] 10,120,33562910,3549780,0,0,0,0,29966140,0
[E3IP-CSV] 10,121,38513010,4105860,0,0,0,0,34349690,0
[E3IP-CSV] 10,122,33338330,3520770,0,0,0,0,29769560,0
[E3IP-CSV] 10,123,43980870,5764030,0,0,0,0,38095030,0
[E3IP-CSV] 10,124,43874760,5775010,0,0,0,0,37981700,0
[E3IP-CSV] 10,125,33663300,3693380,0,0,0,0,29919430,0
[E3IP-CSV] 10,126,43959360,5916600,0,0,0,0,37920510,0
[E3IP-CSV] 10,127,48239430,6066650,0,0,0,0,42050670,0
[E3IP-CSV] 10,128,44855870,6134150,0,0,0,0,38600700,0
[E3IP-CSV] 10,129,33269280,3756190,0,0,0,0,29461790,0
[E3IP-CSV] 10,130,44939260,5727540,0,0,0,0,39098280,0
[E3IP-CSV] 10,131,37376460,3909690,0,0,0,0,33421850,0
[E3IP-CSV] 10,132,43269960,6190220,0,0,0,0,36964960,0
[E3IP-CSV] 10,133,44009130,6215840,0,0,0,0,37674640,0
[E3IP-CSV] 10,134,41687440,5551620,0,0,0,0,36022740,0
[E3IP-CSV] 10,135,35232340,4934080,0,0,0,0,30171340,0
[E3IP-CSV] 10,136,44689360,5850010,0,0,0,0,38709270,0
[E3IP-CSV] 10,137,44061220,5908630,0,0,0,0,38019550,0
[E3IP-CSV] 10,138,44380360,5492460,0,0,0,0,38769970,0
[E3IP-CSV] 10,139,43949510,5725750,0,0,0,0,38102190,0
[E3IP-CSV] 10,140,45120770,5751650,0,0,0,0,39256800,0
[E3IP-CSV] 10,141,46893980,5972950,0,0,0,0,40795500,0
[E3IP-CSV] 10,142,36867340,5934680,0,0,0,0,30807960,0
[E3IP-CSV] 10,143,42169790,5829760,0,0,0,0,36081320,0
[E3IP-CSV] 10,144,34016880,3541470,0,0,0,0,30428240,0
[E3IP-CSV] 10,145,39001810,5812910,0,0,0,0,33071550,0
[E3IP-CSV] 10,146,44650290,5822010,0,0,0,0,38680280,0
[E3IP-CSV] 10,147,44341970,5685190,0,0,0,0,38358290,0
[E3IP-CSV] 10,148,44596820,5767970,0,0,0,0,38701970,0
[E3IP-CSV] 10,149,33240600,3567490,0,0,0,0,29624520,0
[E3IP-CSV] 10,150,44582460,5699200,0,0,0,0,38614000,0
[E3IP-CSV] 10,151,44467850,5601170,0,0,0,0,38609010,0
[E3IP-CSV] 10,152,44694770,5772970,0,0,0,0,38800300,0
[E3IP-CSV] 10,153,43966900,5731200,0,0,0,0,38120510,0
[E3IP-CSV] 10,154,45236850,5869110,0,0,0,0,39245230,0
[E3IP-CSV] 10,155,41788530,5566730,0,0,0,0,36106280,0
[E3IP-CSV] 10,156,43314980,5654190,0,0,0,0,37380560,0
[E3IP-CSV] 10,157,43868620,5664960,0,0,0,0,38087600,0
[E3IP-CSV] 10,158,45447160,6082100,0,0,0,0,39237300,0
[E3IP-CSV] 10,159,44214450,5720540,0,0,0,0,38381930,0
[E3IP-CSV] 10,160,44486530,5713150,0,0,0,0,38619000,0
[E3IP-CSV] 10,161,44299950,5631030,0,0,0,0,38559100,0
[E3IP-CSV] 10,162,33246550,3519330,0,0,0,0,29682200,0
[E3IP-CSV] 10,163,44776440,6130400,0,0,0,0,38517120,0
[E3IP-CSV] 10,164,35683450,5651980,0,0,0,0,29909140,0
[E3IP-CSV] 10,165,33892390,3750100,0,0,0,0,30091800,0
[E3IP-CSV] 10,166,34390320,4630650,0,0,0,0,29635380,0
[E3IP-CSV] 10,167,44423560,6568570,0,0,0,0,37703400,0
[E3IP-CSV] 10,168,43977030,5920100,0,0,0,0,37937970,0
[E3IP-CSV] 10,169,44057380,5989370,0,0,0,0,37948960,0
[E3IP-CSV] 10,170,44221290,5942460,0,0,0,0,38161200,0
[E3IP-CSV] 10,171,44408770,5890090,0,0,0,0,38403230,0
[E3IP-CSV] 10,172,40083520,6335410,0,0,0,0,33622680,0
[E3IP-CSV] 10,173,43760560,5710030,0,0,0,0,37932440,0
[E3IP-CSV] 10,174,48219970,6482600,0,0,0,0,41611290,0
[E3IP-CSV] 10,175,44547340,5753520,0,0,0,0,38673150,0
[E3IP-CSV] 10,176,42209920,5822450,0,0,0,0,36265710,0
[E3IP-CSV] 10,177,47873440,6331700,0,0,0,0,41421630,0
[E3IP-CSV] 10,178,43672870,5811130,0,0,0,0,37745400,0
[E3IP-CSV] 10,179,44003010,5613110,0,0,0,0,38277620,0
[E3IP-CSV] 10,180,33272320,3599380,0,0,0,0,29623720,0
[E3IP-CSV] 10,181,44092540,5668550,0,0,0,0,38299650,0
[E3IP-CSV] 10,182,43444680,5788160,0,0,0,0,37540780,0
[E3IP-CSV] 10,183,44637490,5906600,0,0,0,0,38606810,0
[E3IP-CSV] 10,184,43933510,5632030,0,0,0,0,38072800,0
[E3IP-CSV] 10,185,39229810,5204930,0,0,0,0,33747370,0
[E3IP-CSV] 10,186,33521730,3574780,0,0,0,0,29821480,0
[E3IP-CSV] 10,187,43879320,5820890,0,0,0,0,37936500,0
[E3IP-CSV] 10,188,43910680,5701070,0,0,0,0,38091670,0
[E3IP-CSV] 10,189,42268490,5826130,0,0,0,0,36326440,0
[E3IP-CSV] 10,190,44239230,5746460,0,0,0,0,38217700,0
[E3IP-CSV] 10,191,48210720,5933500,0,0,0,0,42161310,0
[E3IP-CSV] 10,192,43992840,5798270,0,0,0,0,37921020,0
[E3IP-CSV] 10,193,41388000,5714070,0,0,0,0,35537100,0
[E3IP-CSV] 10,194,33178960,3539090,0,0,0,0,29590770,0
[E3IP-CSV] 10,195,44495240,5649520,0,0,0,0,38732610,0
[E3IP-CSV] 10,196,42342100,5653940,0,0,0,0,36574550,0
[E3IP-CSV] 10,197,34715710,4901940,0,0,0,0,29687380,0
[E3IP-CSV] 10,198,42077700,5665460,0,0,0,0,36221800,0
[E3IP-CSV] 10,199,33195080,3547590,0,0,0,0,29600400,0
[E3IP-CSV] 10,200,44519910,5692670,0,0,0,0,38707360,0
[E3IP-CSV] 10,201,42269290,5457420,0,0,0,0,36561070,0
[E3IP-CSV] 10,202,37858180,5418090,0,0,0,0,32301620,0
[E3IP-CSV] 10,203,43931710,5751590,0,0,0,0,38052040,0
[E3IP-CSV] 10,204,43408240,5766800,0,0,0,0,37523480,0
[E3IP-CSV] 10,205,44228300,5622790,0,0,0,0,38491260,0
[E3IP-CSV] 10,206,42972630,5610220,0,0,0,0,37250320,0
[E3IP-CSV] 10,207,38919250,5228420,0,0,0,0,33571800,0
[E3IP-CSV] 10,208,43923320,5640150,0,0,0,0,38145330,0
[E3IP-CSV] 10,209,43362000,5783810,0,0,0,0,37464270,0
[E3IP-CSV] 10,210,43702550,5686060,0,0,0,0,37900030,0
[E3IP-CSV] 10,211,43947790,5619220,0,0,0,0,38202610,0
[E3IP-CSV] 10,212,40424120,6425500,0,0,0,0,33824170,0
[E3IP-CSV] 10,213,43393230,6022420,0,0,0,0,37245220,0
[E3IP-CSV] 10,214,43159000,5679710,0,0,0,0,37364170,0
[E3IP-CSV] 10,215,40264280,3552190,0,0,0,0,36663360,0
[E3IP-CSV] 10,216,42019680,5670320,0,0,0,0,36229100,0
[E3IP-CSV] 10,217,43464460,5755940,0,0,0,0,37586160,0
[E3IP-CSV] 10,218,48574690,6728980,0,0,0,0,41705670,0
[E3IP-CSV] 10,219,44502510,5731500,0,0,0,0,38423180,0
[E3IP-CSV] 10,220,41703250,5939700,0,0,0,0,35630440,0
[E3IP-CSV] 10,221,41919440,5907190,0,0,0,0,35893280,0
[E3IP-CSV] 10,222,37782240,5481780,0,0,0,0,32175830,0
[E3IP-CSV] 10,223,42933170,5764830,0,0,0,0,37040010,0
[E3IP-CSV] 10,224,42179460,5714370,0,0,0,0,36337170,0
[E3IP-CSV] 10,225,36731770,5605320,0,0,0,0,31011960,0
[E3IP-CSV] 10,226,43685040,5791690,0,0,0,0,37771250,0
[E3IP-CSV] 10,227,43870860,5992180,0,0,0,0,37751480,0
[E3IP-CSV] 10,228,43815670,6183220,0,0,0,0,37504640,0
[E3IP-CSV] 10,229,44932540,5822600,0,0,0,0,38986910,0
[E3IP-CSV] 10,230,43685200,5890790,0,0,0,0,37671530,0
[E3IP-CSV] 10,231,39842470,5149190,0,0,0,0,34547350,0
[E3IP-CSV] 10,232,43300090,5797960,0,0,0,0,37378000,0
[E3IP-CSV] 10,233,35832300,5409540,0,0,0,0,30299740,0
[E3IP-CSV] 10,234,41445080,5193850,0,0,0,0,36161840,0
[E3IP-CSV] 10,235,37151040,5502450,0,0,0,0,31531390,0
[E3IP-CSV] 10,236,42294730,5817370,0,0,0,0,36342430,0
[E3IP-CSV] 10,237,35194940,4085940,0,0,0,0,31033760,0
[E3IP-CSV] 10,238,35910740,5513950,0,0,0,0,30136370,0
[E3IP-CSV] 10,239,44977730,5783370,0,0,0,0,39056340,0
[E3IP-CSV] 10,240,36586620,5433520,0,0,0,0,31034270,0
[E3IP-CSV] 10,241,43794460,5748770,0,0,0,0,37922750,0
[E3IP-CSV] 10,242,43621650,5793980,0,0,0,0,37574710,0
[E3IP-CSV] 10,243,33457760,3650390,0,0,0,0,29728020,0
[E3IP-CSV] 10,244,36188870,5628770,0,0,0,0,30438560,0
[E3IP-CSV] 10,245,44254320,5624590,0,0,0,0,38514910,0
[E3IP-CSV] 10,246,34126630,4749140,0,0,0,0,29260190,0
[E3IP-CSV] 10,247,44144790,5691050,0,0,0,0,38337800,0
[E3IP-CSV] 10,248,44244020,5776460,0,0,0,0,38337100,0
[E3IP-CSV] 10,249,43732330,5456560,0,0,0,0,38158610,0
[E3IP-CSV] 10,250,44378150,5739290,0,0,0,0,38510020,0
[E3IP-CSV] 10,251,43124450,5584880,0,0,0,0,37297820,0
[E3IP-CSV] 10,252,38696200,5257720,0,0,0,0,33341420,0
[E3IP-CSV] 10,253,39736190,5686160,0,0,0,0,33916460,0
[E3IP-CSV] 10,254,44206680,5691400,0,0,0,0,38401230,0
[E3IP-CSV] 10,255,44057950,5639670,0,0,0,0,38304640,0
[E3IP-CSV] 10,256,44849450,5884590,0,0,0,0,38853790,0
[E3IP-CSV] 10,257,44256300,5554030,0,0,0,0,38584080,0
[E3IP-CSV] 10,258,43891210,5792740,0,0,0,0,37981500,0
[E3IP-CSV] 10,259,44251520,5806700,0,0,0,0,38319280,0
[E3IP-CSV] 10,260,44442550,5796530,0,0,0,0,38525970,0
[E3IP-CSV] 10,261,42603550,5667380,0,0,0,0,36683240,0
[E3IP-CSV] 10,262,43048370,5680260,0,0,0,0,37255420,0
[E3IP-CSV] 10,263,44693340,5771150,0,0,0,0,38661700,0
[E3IP-CSV] 10,264,44589340,5788970,0,0,0,0,38532550,0
[E3IP-CSV] 10,265,33082480,3590900,0,0,0,0,29444720,0
[E3IP-CSV] 10,266,41579170,5880290,0,0,0,0,35581040,0
[E3IP-CSV] 10,267,34615330,4972140,0,0,0,0,29527340,0
[E3IP-CSV] 10,268,45532100,5997400,0,0,0,0,39412100,0
[E3IP-CSV] 10,269,43101560,5740870,0,0,0,0,37247520,0
[E3IP-CSV] 10,270,44604170,5894940,0,0,0,0,38449120,0
[E3IP-CSV] 10,271,44363580,5811410,0,0,0,0,38437390,0
[E3IP-CSV] 10,272,44518430,5801170,0,0,0,0,38461480,0
[E3IP-CSV] 10,273,45412510,6212330,0,0,0,0,39072380,0
[E3IP-CSV] 10,274,44312710,5643310,0,0,0,0,38407850,0
[E3IP-CSV] 10,275,37540410,5446430,0,0,0,0,31979010,0
[E3IP-CSV] 10,276,44643480,5852380,0,0,0,0,38531460,0
[E3IP-CSV] 10,277,44016470,5685840,0,0,0,0,38216610,0
[E3IP-CSV] 10,278,42336710,5802620,0,0,0,0,36414940,0
[E3IP-CSV] 10,279,44570320,5760760,0,0,0,0,38550590,0
[E3IP-CSV] 10,280,44624660,5801340,0,0,0,0,38560980,0
[E3IP-CSV] 10,281,44111170,5772970,0,0,0,0,38223340,0
[E3IP-CSV] 10,282,41657280,5570520,0,0,0,0,35970620,0
[E3IP-CSV] 10,283,44332400,5874250,0,0,0,0,38337140,0
[E3IP-CSV] 10,284,34174450,4396900,0,0,0,0,29660330,0
[E3IP-CSV] 10,285,45169340,5981420,0,0,0,0,39071660,0
[E3IP-CSV] 10,286,44257680,5614110,0,0,0,0,38323240,0
[E3IP-CSV] 10,287,42793620,5648940,0,0,0,0,36888850,0
[E3IP-CSV] 10,288,47163900,5893800,0,0,0,0,41011190,0
[E3IP-CSV] 10,289,43780850,5741320,0,0,0,0,37918700,0
[E3IP-CSV] 10,290,42414950,5757960,0,0,0,0,36535040,0
[E3IP-CSV] 10,291,41935600,5664170,0,0,0,0,36149540,0
[E3IP-CSV] 10,292,45699530,6265900,0,0,0,0,39302580,0
[E3IP-CSV] 10,293,36803480,5909450,0,0,0,0,30769610,0
[E3IP-CSV] 10,294,36150870,5601160,0,0,0,0,30422360,0
[E3IP-CSV] 10,295,36237850,5551170,0,0,0,0,30561830,0
[E3IP-CSV] 10,296,43713710,5777260,0,0,0,0,37825820,0
[E3IP-CSV] 10,297,43682770,5922550,0,0,0,0,37642150,0
[E3IP-CSV] 10,298,44213160,5756820,0,0,0,0,38336670,0
[E3IP-CSV] 10,299,44805270,5794030,0,0,0,0,38894350,0
[E3IP-CSV] 10,300,36775870,5597770,0,0,0,0,30918900,0
[E3IP-CSV] 10,301,42961290,6159840,0,0,0,0,36669200,0
[E3IP-CSV] 10,302,44127540,5816380,0,0,0,0,38194230,0
[E3IP-CSV] 10,303,42419850,5918140,0,0,0,0,36381740,0
[E3IP-CSV] 10,304,41497950,5564640,0,0,0,0,35801650,0
[E3IP-CSV] 10,305,39430860,5597100,0,0,0,0,33712190,0
[E3IP-CSV] 10,306,43041370,5920790,0,0,0,0,37002190,0
[E3IP-CSV] 10,307,44085910,5768490,0,0,0,0,38057360,0
[E3IP-CSV] 10,308,34522540,4871220,0,0,0,0,29528430,0
[E3IP-CSV] 10,309,36476860,5540010,0,0,0,0,30823930,0
[E3IP-CSV] 10,310,43779230,5761090,0,0,0,0,37748940,0
[E3IP-CSV] 10,311,44486870,5683110,0,0,0,0,38692540,0
[E3IP-CSV] 10,312,44174550,5829680,0,0,0,0,38088230,0
[E3IP-CSV] 10,313,34260620,4264210,0,0,0,0,29726470,0
[E3IP-CSV] 10,314,43860660,5808600,0,0,0,0,37795690,0
[E3IP-CSV] 10,315,36648850,5412200,0,0,0,0,31123930,0
[E3IP-CSV] 10,316,43467120,5683370,0,0,0,0,37527380,0
[E3IP-CSV] 10,317,42534770,5762640,0,0,0,0,36652790,0
[E3IP-CSV] 10,318,36388340,5454710,0,0,0,0,30809170,0
[E3IP-CSV] 10,319,44471240,5837350,0,0,0,0,38520900,0
[E3IP-CSV] 10,320,44260040,5682910,0,0,0,0,38309230,0
[E3IP-CSV] 10,321,42195970,5737400,0,0,0,0,36336870,0
[E3IP-CSV] 10,322,44634670,5843090,0,0,0,0,38677700,0
[E3IP-CSV] 10,323,33306870,3593760,0,0,0,0,29663480,0
[E3IP-CSV] 10,324,40259220,5853760,0,0,0,0,34270210,0
[E3IP-CSV] 10,325,44117400,5657780,0,0,0,0,38344870,0
[E3IP-CSV] 10,326,44401280,5675180,0,0,0,0,38614130,0
[E3IP-CSV] 10,327,41800910,5597430,0,0,0,0,36071700,0
[E3IP-CSV] 10,328,43903800,5782350,0,0,0,0,37999570,0
[E3IP-CSV] 10,329,40024940,5581300,0,0,0,0,34318670,0
[E3IP-CSV] 10,330,42254320,5761080,0,0,0,0,36373600,0
[E3IP-CSV] 10,331,44856360,5586700,0,0,0,0,39003630,0
[E3IP-CSV] 10,332,44770550,5935160,0,0,0,0,38576300,0
[E3IP-CSV] 10,333,44074030,5693090,0,0,0,0,38258270,0
[E3IP-CSV] 10,334,44416150,5775130,0,0,0,0,38376170,0
[E3IP-CSV] 10,335,43962780,5944930,0,0,0,0,37901030,0
[E3IP-CSV] 10,336,44955930,5900170,0,0,0,0,38939780,0
[E3IP-CSV] 10,337,44739210,5773450,0,0,0,0,38848990,0
[E3IP-CSV] 10,338,42435000,5522210,0,0,0,0,36796000,0
[E3IP-CSV] 10,339,44521190,5711340,0,0,0,0,38688730,0
[E3IP-CSV] 10,340,44793910,5795580,0,0,0,0,38737790,0
[E3IP-CSV] 10,341,43928430,5786380,0,0,0,0,38028600,0
[E3IP-CSV] 10,342,35786740,5537900,0,0,0,0,30129930,0
[E3IP-CSV] 10,343,45006640,6030600,0,0,0,0,38682470,0
[E3IP-CSV] 10,344,45418840,6279220,0,0,0,0,39017830,0
[E3IP-CSV] 10,345,44222290,5993500,0,0,0,0,38109830,0
[E3IP-CSV] 10,346,44937620,5673750,0,0,0,0,39156650,0
[E3IP-CSV] 10,347,44269810,5737830,0,0,0,0,38415230,0
[E3IP-CSV] 10,348,44299440,5739000,0,0,0,0,38442270,0
[E3IP-CSV] 10,349,44383620,5736800,0,0,0,0,38525400,0
[E3IP-CSV] 10,350,44376900,5778790,0,0,0,0,38337010,0
[E3IP-CSV] 10,351,42088620,5613520,0,0,0,0,36360370,0
[E3IP-CSV] 10,352,44538150,5663390,0,0,0,0,38619710,0
[E3IP-CSV] 10,353,36511290,5738800,0,0,0,0,30656000,0
[E3IP-CSV] 10,354,45568700,5929350,0,0,0,0,39378450,0
[E3IP-CSV] 10,355,43446290,5559870,0,0,0,0,37616210,0
[E3IP-CSV] 10,356,39666230,5831900,0,0,0,0,33719710,0
[E3IP-CSV] 10,357,44756280,5861020,0,0,0,0,38634600,0
[E3IP-CSV] 10,358,46995050,5960640,0,0,0,0,40916600,0
[E3IP-CSV] 10,359,47252060,5952170,0,0,0,0,41181250,0
[E3IP-CSV] 10,360,44680400,5880270,0,0,0,0,38682760,0
[E3IP-CSV] 10,361,44839030,5738350,0,0,0,0,38846290,0
[E3IP-CSV] 10,362,34654710,5051700,0,0,0,0,29489210,0
[E3IP-CSV] 10,363,44332750,5897490,0,0,0,0,38163430,0
[E3IP-CSV] 10,364,45310480,6127740,0,0,0,0,39063760,0
[E3IP-CSV] 10,365,43885310,5576140,0,0,0,0,38196190,0
[E3IP-CSV] 10,366,44862790,5649910,0,0,0,0,38949010,0
[E3IP-CSV] 10,367,44356330,5783240,0,0,0,0,38456420,0
[E3IP-CSV] 10,368,40025980,5466200,0,0,0,0,34390350,0
[E3IP-CSV] 10,369,44250360,5909460,0,0,0,0,38220760,0
[E3IP-CSV] 10,370,40478880,5727230,0,0,0,0,34588340,0
[E3IP-CSV] 10,371,44692250,5871600,0,0,0,0,38708720,0
[E3IP-CSV] 10,372,44709230,6114490,0,0,0,0,38475480,0
[E3IP-CSV] 10,373,33658500,3797790,0,0,0,0,29741400,0
[E3IP-CSV] 10,374,44368910,5665140,0,0,0,0,38589250,0
[E3IP-CSV] 10,375,44193370,5649670,0,0,0,0,38428890,0
[E3IP-CSV] 10,376,35646870,4514310,0,0,0,0,31078230,0
[E3IP-CSV] 10,377,43613730,5774350,0,0,0,0,37721100,0
[E3IP-CSV] 10,378,43514770,5910780,0,0,0,0,37474800,0
[E3IP-CSV] 10,379,40223260,6296660,0,0,0,0,33778730,0
[E3IP-CSV] 10,380,44404970,5666650,0,0,0,0,38485560,0
[E3IP-CSV] 10,381,36034570,5499500,0,0,0,0,30416910,0
[E3IP-CSV] 10,382,36416830,5735470,0,0,0,0,30565850,0
[E3IP-CSV] 10,383,44549880,5853380,0,0,0,0,38567730,0
[E3IP-CSV] 10,384,44628310,5709980,0,0,0,0,38648220,0
[E3IP-CSV] 10,385,45243200,5924270,0,0,0,0,39200440,0
[E3IP-CSV] 10,386,44410480,5599680,0,0,0,0,38568670,0
[E3IP-CSV] 10,387,43932730,5829490,0,0,0,0,37985070,0
[E3IP-CSV] 10,388,44204280,5724380,0,0,0,0,38359970,0
[E3IP-CSV] 10,389,44504000,5766370,0,0,0,0,38619940,0
[E3IP-CSV] 10,390,36533810,5580560,0,0,0,0,30839840,0
[E3IP-CSV] 10,391,45217990,5761740,0,0,0,0,39345030,0
[E3IP-CSV] 10,392,33640010,3669150,0,0,0,0,29714480,0
[E3IP-CSV] 10,393,35466040,5542390,0,0,0,0,29665450,0
[E3IP-CSV] 10,394,45437840,7535320,0,0,0,0,37520600,0
[E3IP-CSV] 10,395,43571440,5793330,0,0,0,0,37658390,0
[E3IP-CSV] 10,396,44729300,6024270,0,0,0,0,38581690,0
[E3IP-CSV] 10,397,43693730,5032460,0,0,0,0,38613650,0
[E3IP-CSV] 10,398,44062710,5814380,0,0,0,0,38130990,0
[E3IP-CSV] 10,399,44079310,5757490,0,0,0,0,38204050,0
[E3IP-CSV] 10,400,45014090,6053370,0,0,0,0,38835080,0
[E3IP-CSV] 10,401,44010650,5925750,0,0,0,0,37970170,0
[E3IP-CSV] 10,402,39861410,4107310,0,0,0,0,35690900,0
[E3IP-CSV] 10,403,41199670,5705650,0,0,0,0,35224740,0
[E3IP-CSV] 10,404,44027580,6479430,0,0,0,0,37426720,0
[E3IP-CSV] 10,405,38016020,5590800,0,0,0,0,32267820,0
[E3IP-CSV] 10,406,44726320,5664980,0,0,0,0,38808060,0
[E3IP-CSV] 10,407,44354850,5762960,0,0,0,0,38478170,0
[E3IP-CSV] 10,408,43933250,5672570,0,0,0,0,38137840,0
[E3IP-CSV] 10,409,44329420,5675520,0,0,0,0,38540670,0
[E3IP-CSV] 10,410,44374390,5700870,0,0,0,0,38401560,0
[E3IP-CSV] 10,411,44612470,5538340,0,0,0,0,38819420,0
[E3IP-CSV] 10,412,44290620,5602460,0,0,0,0,38432310,0
[E3IP-CSV] 10,413,44127900,5595600,0,0,0,0,38417580,0
[E3IP-CSV] 10,414,41140960,5549110,0,0,0,0,35479720,0
[E3IP-CSV] 10,415,41690230,3957600,0,0,0,0,37611770,0
[E3IP-CSV] 10,416,44318260,5532910,0,0,0,0,38677820,0
[E3IP-CSV] 10,417,44908920,5735620,0,0,0,0,38915050,0
[E3IP-CSV] 10,418,44168830,5682610,0,0,0,0,38369410,0
[E3IP-CSV] 10,419,44251140,5584930,0,0,0,0,38555700,0
[E3IP-CSV] 10,420,44436460,5725360,0,0,0,0,38585920,0
[E3IP-CSV] 10,421,36678230,5404120,0,0,0,0,31163730,0
[E3IP-CSV] 10,422,45547990,5876320,0,0,0,0,39401500,0
[E3IP-CSV] 10,423,41958660,5496110,0,0,0,0,36347590,0
[E3IP-CSV] 10,424,41876970,5620480,0,0,0,0,36139760,0
[E3IP-CSV] 10,425,41919490,5556490,0,0,0,0,36248820,0
[E3IP-CSV] 10,426,42202980,5575410,0,0,0,0,36513170,0
[E3IP-CSV] 10,427,41573230,5529090,0,0,0,0,35928120,0
[E3IP-CSV] 10,428,37230100,5416730,0,0,0,0,31701740,0
[E3IP-CSV] 10,429,45914340,5854100,0,0,0,0,39950050,0
[E3IP-CSV] 10,430,47261240,6031440,0,0,0,0,41108640,0
[E3IP-CSV] 10,431,45383150,5874890,0,0,0,0,39402760,0
[E3IP-CSV] 10,432,43862980,5906860,0,0,0,0,37844160,0
[E3IP-CSV] 10,433,42730370,5813590,0,0,0,0,36796800,0
[E3IP-CSV] 10,434,45928530,6311910,0,0,0,0,39490890,0
[E3IP-CSV] 10,435,44435580,5772060,0,0,0,0,38548260,0
[E3IP-CSV] 10,436,33692060,4062300,0,0,0,0,29583080,0
[E3IP-CSV] 10,437,34917080,5021320,0,0,0,0,29721530,0
[E3IP-CSV] 10,438,44551250,5723470,0,0,0,0,38570080,0
[E3IP-CSV] 10,439,33769770,3771770,0,0,0,0,29942540,0
[E3IP-CSV] 10,440,43630280,5811920,0,0,0,0,37698650,0
[E3IP-CSV] 10,441,41429120,6869330,0,0,0,0,34370480,0
[E3IP-CSV] 10,442,42129230,5685420,0,0,0,0,36328040,0
[E3IP-CSV] 10,443,44783540,6046200,0,0,0,0,38622260,0
[E3IP-CSV] 10,444,36951520,5522890,0,0,0,0,31171830,0
[E3IP-CSV] 10,445,34722120,4693480,0,0,0,0,29900580,0
[E3IP-CSV] 10,446,39729130,5748990,0,0,0,0,33860400,0
[E3IP-CSV] 10,447,44100630,5757630,0,0,0,0,38224960,0
[E3IP-CSV] 10,448,43742860,5994500,0,0,0,0,37629440,0
[E3IP-CSV] 10,449,44412550,5776770,0,0,0,0,38520240,0
[E3IP-CSV] 10,450,44295710,6097670,0,0,0,0,38079040,0
[E3IP-CSV] 10,451,44703670,6051880,0,0,0,0,38532080,0
[E3IP-CSV] 10,452,44276240,5675650,0,0,0,0,38482620,0
[E3IP-CSV] 10,453,45253590,6025340,0,0,0,0,39103940,0
[E3IP-CSV] 10,454,42313570,5897140,0,0,0,0,36292630,0
[E3IP-CSV] 10,455,41945300,5620150,0,0,0,0,36206280,0
[E3IP-CSV] 10,456,42735060,5710740,0,0,0,0,36770520,0
[E3IP-CSV] 10,457,44216270,5747540,0,0,0,0,38343260,0
[E3IP-CSV] 10,458,44501040,5755960,0,0,0,0,38471870,0
[E3IP-CSV] 10,459,41978260,5616020,0,0,0,0,36244920,0
[E3IP-CSV] 10,460,43461650,5924650,0,0,0,0,37407210,0
[E3IP-CSV] 10,461,43576750,5625710,0,0,0,0,37840970,0
[E3IP-CSV] 10,462,37972520,5518700,0,0,0,0,32340960,0
[E3IP-CSV] 10,463,43023720,5645110,0,0,0,0,37263170,0
[E3IP-CSV] 10,464,45223070,5920460,0,0,0,0,39146380,0
[E3IP-CSV] 10,465,41899010,5825680,0,0,0,0,35948160,0
[E3IP-CSV] 10,466,45256370,6200650,0,0,0,0,38775830,0
[E3IP-CSV] 10,467,40109750,5546860,0,0,0,0,34078920,0
[E3IP-CSV] 10,468,37784220,5561410,0,0,0,0,32090320,0
[E3IP-CSV] 10,469,43749060,5500750,0,0,0,0,38134420,0
[E3IP-CSV] 10,470,43390360,5741010,0,0,0,0,37535430,0
[E3IP-CSV] 10,471,35425020,5842360,0,0,0,0,29473000,0
[E3IP-CSV] 10,472,44750880,5791480,0,0,0,0,38592530,0
[E3IP-CSV] 10,473,41452710,6444820,0,0,0,0,34835900,0
[E3IP-CSV] 10,474,40685980,5557310,0,0,0,0,34996710,0
[E3IP-CSV] 10,475,43621320,5875410,0,0,0,0,37631700,0
[E3IP-CSV] 10,476,44608030,5845580,0,0,0,0,38653030,0
[E3IP-CSV] 10,477,44538060,5689420,0,0,0,0,38575340,0
[E3IP-CSV] 10,478,44366190,5638230,0,0,0,0,38467110,0
[E3IP-CSV] 10,479,39254570,5384240,0,0,0,0,33758610,0
[E3IP-CSV] 10,480,44079750,5669300,0,0,0,0,38282860,0
[E3IP-CSV] 10,481,43244880,5586260,0,0,0,0,37543280,0
[E3IP-CSV] 10,482,44074230,5673470,0,0,0,0,38285490,0
[E3IP-CSV] 10,483,44212570,6087970,0,0,0,0,37966220,0
[E3IP-CSV] 10,484,41102370,5947840,0,0,0,0,35034370,0
[E3IP-CSV] 10,485,37350570,5535340,0,0,0,0,31697460,0
[E3IP-CSV] 10,486,37755510,4255150,0,0,0,0,33429470,0
[E3IP-CSV] 10,487,44677050,5852330,0,0,0,0,38702920,0
[E3IP-CSV] 10,488,44608990,5833350,0,0,0,0,38660130,0
[E3IP-CSV] 10,489,43765430,5815690,0,0,0,0,37687350,0
[E3IP-CSV] 10,490,44559750,5814430,0,0,0,0,38620680,0
[E3IP-CSV] 10,491,44721020,5686930,0,0,0,0,38925080,0
[E3IP-CSV] 10,492,44074930,5622390,0,0,0,0,38340630,0
[E3IP-CSV] 10,493,43865200,5654010,0,0,0,0,38092940,0
[E3IP-CSV] 10,494,43255040,6392140,0,0,0,0,36709880,0
[E3IP-CSV] 10,495,43973980,6396160,0,0,0,0,37459980,0
[E3IP-CSV] 10,496,44640180,5836410,0,0,0,0,38457790,0
[E3IP-CSV] 10,497,44492180,5916960,0,0,0,0,38311350,0
[E3IP-CSV] 10,498,44390140,6104890,0,0,0,0,38165380,0
[E3IP-CSV] 10,499,41842340,5975630,0,0,0,0,35752790,0
[E3IP-SUMMARY] chain_len=10 e2e_avg=41678905 publish_avg=5431370 sched_avg=36114751

*** FATAL ***
fatal source: 9 (RTEMS_FATAL_SOURCE_EXCEPTION)

R0   = 0x015957f8 R8  = 0x00000000
R1   = 0x00000000 R9  = 0x00000000
R2   = 0x00000010 R10 = 0x00000000
R3   = 0x015958f8 R11 = 0x00000000
R4   = 0x00c00f78 R12 = 0x015958f8
R5   = 0x002d050d SP  = 0x015957e8
R6   = 0x00000000 LR  = 0x00000000
R7   = 0x015957e8 PC  = 0x002d0594
CPSR = 0x600d0173 VEC = 0x00000001
FPEXC = 0x40000000
FPSCR = 0x20000010
D00 = 0x0000000000000000
D01 = 0x0000000000000001
D02 = 0x0000000000000000
D03 = 0x0000000117940001
D04 = 0x017f0f0100000000
D05 = 0x0324000000000001
D06 = 0x17940001017f0f01
D07 = 0x000186a00061a800
D08 = 0x0000000000000000
D09 = 0x0000000000000000
D10 = 0x0000000000000000
D11 = 0x0000000000000000
D12 = 0x0000000000000000
D13 = 0x0000000000000000
D14 = 0x0000000000000000
D15 = 0x0000000000000000
D16 = 0x0000000000000000
D17 = 0x0000000000000000
D18 = 0x0000000000000000
D19 = 0x0000000000000000
D20 = 0x00a9c76400a9c750
D21 = 0x00a9c79400a9c778
D22 = 0x00a9c6ac00a9c69c
D23 = 0x00a9c6cc00a9c6bc
D24 = 0x00a9c66c00a9c65c
D25 = 0x00a9c68c00a9c67c
D26 = 0x00a9c5f800a9c5d0
D27 = 0x00a9c63800a9c61c
D28 = 0x00a9c57800a9c548
D29 = 0x00a9c5b000a9c594
D30 = 0x00a9ca3000a9ca30
D31 = 0x00a9c53c00a9c530
RTEMS version: 6.1.0.not-released
RTEMS tools: 13.3.0 20240521 (RTEMS 6, RSB no-repo, Newlib 1b3dcfd)
executing thread ID: 0x0a010001
executing thread name: UI1 
