
RTEMS Shell on /dev/console. Use 'help' to list commands.
SHLL [/] # nexus0: <RTEMS Nexus device>
info: lo0: link state changed to UP
=== Exp3inter-NE: Task Chain (n=15) NoExecutor ===
Period: 200ms, Rounds: 500
[E3INE-CSV] chain_len,round,e2e_ns,publish_ns,gc_trigger_ns,invoke_cb_ns,getnext_ns,take_data_ns,sched_ns,dispatch_ns
666666
CPP Msg not nullptr
CPP Msg not nullptr
CPP Msg not nullptr
CPP Msg not nullptr
C Msg not NULL
C Msg not NULL
CPP Srv not nullptr
CPP Srv not nullptr
CPP Srv not nullptr
CPP Srv not nullptr
CPP Srv not nullptr
CPP Srv not nullptr
CPP Msg not nullptr
CPP Msg not nullptr
CPP Msg not nullptr
CPP Msg not nullptr
CPP Msg not nullptr
CPP Msg not nullptr
[33m[WARN] [0567993600.565041019] [rclcpp]: Calling set_on_new_intra_process_message_callback for subscription with IPC disabled[0m
C Msg not NULL
C Msg not NULL
CPP Srv not nullptr
CPP Srv not nullptr
CPP Srv not nullptr
CPP Srv not nullptr
CPP Srv not nullptr
CPP Srv not nullptr
CPP Msg not nullptr
CPP Msg not nullptr
CPP Msg not nullptr
CPP Msg not nullptr
CPP Msg not nullptr
CPP Msg not nullptr
CPP Msg not nullptr
CPP Msg not nullptr
[33m[WARN] [0567993600.801660509] [rclcpp]: Calling set_on_new_intra_process_message_callback for subscription with IPC disabled[0m
[33m[WARN] [0567993600.803196399] [rclcpp]: Calling set_on_new_intra_process_message_callback for subscription with IPC disabled[0m
C Msg not NULL
C Msg not NULL
CPP Srv not nullptr
CPP Srv not nullptr
CPP Srv not nullptr
CPP Srv not nullptr
CPP Srv not nullptr
CPP Srv not nullptr
CPP Msg not nullptr
CPP Msg not nullptr
CPP Msg not nullptr
CPP Msg not nullptr
CPP Msg not nullptr
CPP Msg not nullptr
CPP Msg not nullptr
CPP Msg not nullptr
[33m[WARN] [0567993600.894016499] [rclcpp]: Calling set_on_new_intra_process_message_callback for subscription with IPC disabled[0m
[33m[WARN] [0567993600.894411609] [rclcpp]: Calling set_on_new_intra_process_message_callback for subscription with IPC disabled[0m
C Msg not NULL
C Msg not NULL
CPP Srv not nullptr
CPP Srv not nullptr
CPP Srv not nullptr
CPP Srv not nullptr
CPP Srv not nullptr
CPP Srv not nullptr
CPP Msg not nullptr
CPP Msg not nullptr
CPP Msg not nullptr
CPP Msg not nullptr
CPP Msg not nullptr
CPP Msg not nullptr
CPP Msg not nullptr
CPP Msg not nullptr
[33m[WARN] [0567993600.986913079] [rclcpp]: Calling set_on_new_intra_process_message_callback for subscription with IPC disabled[0m
[33m[WARN] [0567993600.987291389] [rclcpp]: Calling set_on_new_intra_process_message_callback for subscription with IPC disabled[0m
C Msg not NULL
C Msg not NULL
CPP Srv not nullptr
CPP Srv not nullptr
CPP Srv not nullptr
CPP Srv not nullptr
CPP Srv not nullptr
CPP Srv not nullptr
CPP Msg not nullptr
CPP Msg not nullptr
CPP Msg not nullptr
CPP Msg not nullptr
CPP Msg not nullptr
CPP Msg not nullptr
CPP Msg not nullptr
CPP Msg not nullptr
[33m[WARN] [0567993601.082442079] [rclcpp]: Calling set_on_new_intra_process_message_callback for subscription with IPC disabled[0m
[33m[WARN] [0567993601.082794949] [rclcpp]: Calling set_on_new_intra_process_message_callback for subscription with IPC disabled[0m
C Msg not NULL
C Msg not NULL
CPP Srv not nullptr
CPP Srv not nullptr
CPP Srv not nullptr
CPP Srv not nullptr
CPP Srv not nullptr
CPP Srv not nullptr
CPP Msg not nullptr
CPP Msg not nullptr
CPP Msg not nullptr
CPP Msg not nullptr
CPP Msg not nullptr
CPP Msg not nullptr
CPP Msg not nullptr
CPP Msg not nullptr
[33m[WARN] [0567993601.183372789] [rclcpp]: Calling set_on_new_intra_process_message_callback for subscription with IPC disabled[0m
[33m[WARN] [0567993601.183744679] [rclcpp]: Calling set_on_new_intra_process_message_callback for subscription with IPC disabled[0m
C Msg not NULL
C Msg not NULL
CPP Srv not nullptr
CPP Srv not nullptr
CPP Srv not nullptr
CPP Srv not nullptr
CPP Srv not nullptr
CPP Srv not nullptr
CPP Msg not nullptr
CPP Msg not nullptr
CPP Msg not nullptr
CPP Msg not nullptr
CPP Msg not nullptr
CPP Msg not nullptr
CPP Msg not nullptr
CPP Msg not nullptr
[33m[WARN] [0567993601.290151189] [rclcpp]: Calling set_on_new_intra_process_message_callback for subscription with IPC disabled[0m
[33m[WARN] [0567993601.290514219] [rclcpp]: Calling set_on_new_intra_process_message_callback for subscription with IPC disabled[0m
C Msg not NULL
C Msg not NULL
CPP Srv not nullptr
CPP Srv not nullptr
CPP Srv not nullptr
CPP Srv not nullptr
CPP Srv not nullptr
CPP Srv not nullptr
CPP Msg not nullptr
CPP Msg not nullptr
CPP Msg not nullptr
CPP Msg not nullptr
CPP Msg not nullptr
CPP Msg not nullptr
CPP Msg not nullptr
CPP Msg not nullptr
[33m[WARN] [0567993601.401448479] [rclcpp]: Calling set_on_new_intra_process_message_callback for subscription with IPC disabled[0m
[33m[WARN] [0567993601.401812429] [rclcpp]: Calling set_on_new_intra_process_message_callback for subscription with IPC disabled[0m
C Msg not NULL
C Msg not NULL
CPP Srv not nullptr
CPP Srv not nullptr
CPP Srv not nullptr
CPP Srv not nullptr
CPP Srv not nullptr
CPP Srv not nullptr
CPP Msg not nullptr
CPP Msg not nullptr
CPP Msg not nullptr
CPP Msg not nullptr
CPP Msg not nullptr
CPP Msg not nullptr
CPP Msg not nullptr
CPP Msg not nullptr
[33m[WARN] [0567993601.519080469] [rclcpp]: Calling set_on_new_intra_process_message_callback for subscription with IPC disabled[0m
[33m[WARN] [0567993601.519462759] [rclcpp]: Calling set_on_new_intra_process_message_callback for subscription with IPC disabled[0m
C Msg not NULL
C Msg not NULL
CPP Srv not nullptr
CPP Srv not nullptr
CPP Srv not nullptr
CPP Srv not nullptr
CPP Srv not nullptr
CPP Srv not nullptr
CPP Msg not nullptr
CPP Msg not nullptr
CPP Msg not nullptr
CPP Msg not nullptr
CPP Msg not nullptr
CPP Msg not nullptr
CPP Msg not nullptr
CPP Msg not nullptr
[33m[WARN] [0567993601.642033619] [rclcpp]: Calling set_on_new_intra_process_message_callback for subscription with IPC disabled[0m
[33m[WARN] [0567993601.642406959] [rclcpp]: Calling set_on_new_intra_process_message_callback for subscription with IPC disabled[0m
C Msg not NULL
C Msg not NULL
CPP Srv not nullptr
CPP Srv not nullptr
CPP Srv not nullptr
CPP Srv not nullptr
CPP Srv not nullptr
CPP Srv not nullptr
CPP Msg not nullptr
CPP Msg not nullptr
CPP Msg not nullptr
CPP Msg not nullptr
CPP Msg not nullptr
CPP Msg not nullptr
CPP Msg not nullptr
CPP Msg not nullptr
[33m[WARN] [0567993601.772064269] [rclcpp]: Calling set_on_new_intra_process_message_callback for subscription with IPC disabled[0m
[33m[WARN] [0567993601.772447819] [rclcpp]: Calling set_on_new_intra_process_message_callback for subscription with IPC disabled[0m
C Msg not NULL
C Msg not NULL
CPP Srv not nullptr
CPP Srv not nullptr
CPP Srv not nullptr
CPP Srv not nullptr
CPP Srv not nullptr
CPP Srv not nullptr
CPP Msg not nullptr
CPP Msg not nullptr
CPP Msg not nullptr
CPP Msg not nullptr
CPP Msg not nullptr
CPP Msg not nullptr
CPP Msg not nullptr
CPP Msg not nullptr
[33m[WARN] [0567993601.907241519] [rclcpp]: Calling set_on_new_intra_process_message_callback for subscription with IPC disabled[0m
[33m[WARN] [0567993601.907620709] [rclcpp]: Calling set_on_new_intra_process_message_callback for subscription with IPC disabled[0m
C Msg not NULL
C Msg not NULL
CPP Srv not nullptr
CPP Srv not nullptr
CPP Srv not nullptr
CPP Srv not nullptr
CPP Srv not nullptr
CPP Srv not nullptr
CPP Msg not nullptr
CPP Msg not nullptr
CPP Msg not nullptr
CPP Msg not nullptr
CPP Msg not nullptr
CPP Msg not nullptr
CPP Msg not nullptr
CPP Msg not nullptr
[33m[WARN] [0567993602.048228019] [rclcpp]: Calling set_on_new_intra_process_message_callback for subscription with IPC disabled[0m
[33m[WARN] [0567993602.048594379] [rclcpp]: Calling set_on_new_intra_process_message_callback for subscription with IPC disabled[0m
C Msg not NULL
C Msg not NULL
CPP Srv not nullptr
CPP Srv not nullptr
CPP Srv not nullptr
CPP Srv not nullptr
CPP Srv not nullptr
CPP Srv not nullptr
CPP Msg not nullptr
CPP Msg not nullptr
CPP Msg not nullptr
CPP Msg not nullptr
CPP Msg not nullptr
CPP Msg not nullptr
CPP Msg not nullptr
CPP Msg not nullptr
[33m[WARN] [0567993602.194479349] [rclcpp]: Calling set_on_new_intra_process_message_callback for subscription with IPC disabled[0m
[33m[WARN] [0567993602.194824979] [rclcpp]: Calling set_on_new_intra_process_message_callback for subscription with IPC disabled[0m
C Msg not NULL
C Msg not NULL
CPP Srv not nullptr
CPP Srv not nullptr
CPP Srv not nullptr
CPP Srv not nullptr
CPP Srv not nullptr
CPP Srv not nullptr
CPP Msg not nullptr
CPP Msg not nullptr
CPP Msg not nullptr
CPP Msg not nullptr
CPP Msg not nullptr
CPP Msg not nullptr
[33m[WARN] [0567993602.343083709] [rclcpp]: Calling set_on_new_intra_process_message_callback for subscription with IPC disabled[0m
[33m[WARN] [0567993602.343463959] [rclcpp]: Calling set_on_new_intra_process_message_callback for subscription with IPC disabled[0m
[E3INE-CSV] 15,0,14097560,7149650,0,0,0,0,8699330,0
[E3INE-CSV] 15,1,22913900,15998080,0,0,0,0,6745850,0
[E3INE-CSV] 15,2,24763700,17356740,0,0,0,0,7194310,0
[E3INE-CSV] 15,3,21149330,15644070,0,0,0,0,5315920,0
[E3INE-CSV] 15,4,34297900,23293810,0,0,0,0,10668180,0
[E3INE-CSV] 15,5,27994310,19040200,0,0,0,0,8715780,0
[E3INE-CSV] 15,6,30511340,20644380,0,0,0,0,9681050,0
[E3INE-CSV] 15,7,25913220,17602510,0,0,0,0,8145600,0
[E3INE-CSV] 15,8,22807960,15349080,0,0,0,0,7308600,0
[E3INE-CSV] 15,9,24468070,16664180,0,0,0,0,7648960,0
[E3INE-CSV] 15,10,35313770,23976380,0,0,0,0,11138420,0
[E3INE-CSV] 15,11,25560780,17026660,0,0,0,0,8373990,0
[E3INE-CSV] 15,12,20849890,14465210,0,0,0,0,6241430,0
[E3INE-CSV] 15,13,24685000,16639660,0,0,0,0,7883930,0
[E3INE-CSV] 15,14,13845330,9545730,0,0,0,0,4138730,0
[E3INE-CSV] 15,15,23791570,16220060,0,0,0,0,7101410,0
[E3INE-CSV] 15,16,22551830,15308110,0,0,0,0,7101650,0
[E3INE-CSV] 15,17,25137730,18235250,0,0,0,0,6681490,0
[E3INE-CSV] 15,18,21968450,15459510,0,0,0,0,6224660,0
[E3INE-CSV] 15,19,14021850,9543710,0,0,0,0,4387430,0
[E3INE-CSV] 15,20,9482910,6273740,0,0,0,0,3152760,0
[E3INE-CSV] 15,21,9411990,6237140,0,0,0,0,3071080,0
[E3INE-CSV] 15,22,9517470,6383380,0,0,0,0,3078650,0
[E3INE-CSV] 15,23,24369160,16637090,0,0,0,0,7569770,0
[E3INE-CSV] 15,24,31222940,21431820,0,0,0,0,9458740,0
[E3INE-CSV] 15,25,24556460,16750460,0,0,0,0,7658810,0
[E3INE-CSV] 15,26,34162580,23636590,0,0,0,0,10244040,0
[E3INE-CSV] 15,27,27999900,19374940,0,0,0,0,8261710,0
[E3INE-CSV] 15,28,24526540,16950420,0,0,0,0,7417310,0
[E3INE-CSV] 15,29,27359420,19331300,0,0,0,0,7639610,0
[E3INE-CSV] 15,30,19697320,13532610,0,0,0,0,6032220,0
[E3INE-CSV] 15,31,14010600,9618110,0,0,0,0,4277860,0
[E3INE-CSV] 15,32,37464420,25875600,0,0,0,0,11324170,0
[E3INE-CSV] 15,33,24999490,17833430,0,0,0,0,6967300,0
[E3INE-CSV] 15,34,31127030,21690070,0,0,0,0,9204070,0
[E3INE-CSV] 15,35,26393450,18036530,0,0,0,0,8167510,0
[E3INE-CSV] 15,36,24386040,17104060,0,0,0,0,7131260,0
[E3INE-CSV] 15,37,28879410,19969140,0,0,0,0,8703020,0
[E3INE-CSV] 15,38,23123190,16401250,0,0,0,0,6535260,0
[E3INE-CSV] 15,39,41109380,28001720,0,0,0,0,12677160,0
[E3INE-CSV] 15,40,31160300,21827200,0,0,0,0,9111690,0
[E3INE-CSV] 15,41,21120320,14732650,0,0,0,0,6191520,0
[E3INE-CSV] 15,42,26962540,18504700,0,0,0,0,8296960,0
[E3INE-CSV] 15,43,14549720,10214650,0,0,0,0,4195310,0
[E3INE-CSV] 15,44,24047940,16840090,0,0,0,0,6872330,0
[E3INE-CSV] 15,45,25105170,17209060,0,0,0,0,7736170,0
[E3INE-CSV] 15,46,24366240,16957570,0,0,0,0,7252970,0
[E3INE-CSV] 15,47,29400670,20673930,0,0,0,0,8482970,0
[E3INE-CSV] 15,48,26917500,19355440,0,0,0,0,7356730,0
[E3INE-CSV] 15,49,41000690,27885970,0,0,0,0,12880070,0
[E3INE-CSV] 15,50,23644570,16136410,0,0,0,0,7364540,0
[E3INE-CSV] 15,51,18429980,13618430,0,0,0,0,4618120,0
[E3INE-CSV] 15,52,26224360,18111830,0,0,0,0,7924430,0
[E3INE-CSV] 15,53,20321000,14871050,0,0,0,0,5198340,0
[E3INE-CSV] 15,54,36840330,25467800,0,0,0,0,11131460,0
[E3INE-CSV] 15,55,25067230,17811060,0,0,0,0,7091070,0
[E3INE-CSV] 15,56,26534570,18226970,0,0,0,0,8028440,0
[E3INE-CSV] 15,57,15224950,10998190,0,0,0,0,4081380,0
[E3INE-CSV] 15,58,14577140,10213010,0,0,0,0,4220120,0
[E3INE-CSV] 15,59,10016830,6733180,0,0,0,0,3222620,0
[E3INE-CSV] 15,60,24243600,16291900,0,0,0,0,7794240,0
[E3INE-CSV] 15,61,24048890,16393060,0,0,0,0,7499660,0
[E3INE-CSV] 15,62,25830070,17496640,0,0,0,0,8004370,0
[E3INE-CSV] 15,63,24726420,17062020,0,0,0,0,7501000,0
[E3INE-CSV] 15,64,24096770,16484090,0,0,0,0,7456930,0
[E3INE-CSV] 15,65,22480770,15485540,0,0,0,0,6856870,0
[E3INE-CSV] 15,66,23865740,16489030,0,0,0,0,7235330,0
[E3INE-CSV] 15,67,24142650,16444060,0,0,0,0,7540360,0
[E3INE-CSV] 15,68,27017880,18311380,0,0,0,0,8525950,0
[E3INE-CSV] 15,69,25597180,17714490,0,0,0,0,7715800,0
[E3INE-CSV] 15,70,36550860,24801630,0,0,0,0,11550470,0
[E3INE-CSV] 15,71,24058500,16416110,0,0,0,0,7493670,0
[E3INE-CSV] 15,72,25415890,17513170,0,0,0,0,7737750,0
[E3INE-CSV] 15,73,25997370,17615720,0,0,0,0,8022910,0
[E3INE-CSV] 15,74,24145130,16502390,0,0,0,0,7487520,0
[E3INE-CSV] 15,75,25159560,17314470,0,0,0,0,7520750,0
[E3INE-CSV] 15,76,23932730,16340200,0,0,0,0,7454790,0
[E3INE-CSV] 15,77,25500850,17139140,0,0,0,0,8041470,0
[E3INE-CSV] 15,78,23925880,16344090,0,0,0,0,7427450,0
[E3INE-CSV] 15,79,26086160,17981310,0,0,0,0,7944320,0
[E3INE-CSV] 15,80,26136160,18443690,0,0,0,0,7460750,0
[E3INE-CSV] 15,81,24065220,16597870,0,0,0,0,7314760,0
[E3INE-CSV] 15,82,35344700,25300760,0,0,0,0,9808000,0
[E3INE-CSV] 15,83,24088370,16520080,0,0,0,0,7405270,0
[E3INE-CSV] 15,84,23470060,15861960,0,0,0,0,7437820,0
[E3INE-CSV] 15,85,21970740,14970490,0,0,0,0,6834160,0
[E3INE-CSV] 15,86,23398610,16322960,0,0,0,0,6923830,0
[E3INE-CSV] 15,87,23593850,16076600,0,0,0,0,7351540,0
[E3INE-CSV] 15,88,24570020,15915100,0,0,0,0,8481470,0
[E3INE-CSV] 15,89,23321210,15915330,0,0,0,0,7243690,0
[E3INE-CSV] 15,90,23266390,15836880,0,0,0,0,7289700,0
[E3INE-CSV] 15,91,23367420,16189380,0,0,0,0,7044130,0
[E3INE-CSV] 15,92,23117000,15962740,0,0,0,0,6995390,0
[E3INE-CSV] 15,93,23690340,15754120,0,0,0,0,7792280,0
[E3INE-CSV] 15,94,23587620,15699330,0,0,0,0,7745820,0
[E3INE-CSV] 15,95,23099410,15933690,0,0,0,0,7002100,0
[E3INE-CSV] 15,96,23137650,15916870,0,0,0,0,7084680,0
[E3INE-CSV] 15,97,27431780,18159710,0,0,0,0,9142820,0
[E3INE-CSV] 15,98,24474350,16772580,0,0,0,0,7546770,0
[E3INE-CSV] 15,99,23798440,16060770,0,0,0,0,7589430,0
[E3INE-CSV] 15,100,24092470,16591110,0,0,0,0,7359780,0
[E3INE-CSV] 15,101,24113000,16123080,0,0,0,0,7849260,0
[E3INE-CSV] 15,102,23440400,15633950,0,0,0,0,7642140,0
[E3INE-CSV] 15,103,23415370,15870200,0,0,0,0,7398360,0
[E3INE-CSV] 15,104,24170940,16344610,0,0,0,0,7662200,0
[E3INE-CSV] 15,105,30094010,20096930,0,0,0,0,9652720,0
[E3INE-CSV] 15,106,24418410,16878800,0,0,0,0,7401900,0
[E3INE-CSV] 15,107,24980770,16629140,0,0,0,0,8152770,0
[E3INE-CSV] 15,108,24056370,16036490,0,0,0,0,7865630,0
[E3INE-CSV] 15,109,23692390,16039550,0,0,0,0,7509060,0
[E3INE-CSV] 15,110,23415030,15649820,0,0,0,0,7627370,0
[E3INE-CSV] 15,111,23245710,16048350,0,0,0,0,7059120,0
[E3INE-CSV] 15,112,23036080,15485640,0,0,0,0,7408450,0
[E3INE-CSV] 15,113,26601640,18425610,0,0,0,0,7995470,0
[E3INE-CSV] 15,114,24409870,16906830,0,0,0,0,7333280,0
[E3INE-CSV] 15,115,17774030,12374180,0,0,0,0,5275030,0
[E3INE-CSV] 15,116,24070420,16218720,0,0,0,0,7392360,0
[E3INE-CSV] 15,117,23646600,16303300,0,0,0,0,7189240,0
[E3INE-CSV] 15,118,24019000,16324440,0,0,0,0,7547150,0
[E3INE-CSV] 15,119,23640260,16070660,0,0,0,0,7412300,0
[E3INE-CSV] 15,120,19406490,13023420,0,0,0,0,6114960,0
[E3INE-CSV] 15,121,23852040,15362700,0,0,0,0,8353050,0
[E3INE-CSV] 15,122,23599020,15877620,0,0,0,0,7409070,0
[E3INE-CSV] 15,123,24265080,16276500,0,0,0,0,7845030,0
[E3INE-CSV] 15,124,23853850,16138080,0,0,0,0,7569100,0
[E3INE-CSV] 15,125,24731050,17165240,0,0,0,0,7422690,0
[E3INE-CSV] 15,126,24148360,16433010,0,0,0,0,7572520,0
[E3INE-CSV] 15,127,23292260,15693050,0,0,0,0,7268530,0
[E3INE-CSV] 15,128,26361380,17752340,0,0,0,0,8447770,0
[E3INE-CSV] 15,129,23776860,16060420,0,0,0,0,7480090,0
[E3INE-CSV] 15,130,24041620,16568400,0,0,0,0,7336830,0
[E3INE-CSV] 15,131,24053150,16605270,0,0,0,0,7304540,0
[E3INE-CSV] 15,132,22395360,14963860,0,0,0,0,7124500,0
[E3INE-CSV] 15,133,23991910,16761590,0,0,0,0,7085420,0
[E3INE-CSV] 15,134,24155890,16427370,0,0,0,0,7582360,0
[E3INE-CSV] 15,135,22967940,15595340,0,0,0,0,7232130,0
[E3INE-CSV] 15,136,22786620,15599900,0,0,0,0,6716280,0
[E3INE-CSV] 15,137,23012830,15916510,0,0,0,0,6954430,0
[E3INE-CSV] 15,138,23863800,16341840,0,0,0,0,7373310,0
[E3INE-CSV] 15,139,22993890,15531070,0,0,0,0,7308180,0
[E3INE-CSV] 15,140,26118310,17799990,0,0,0,0,8032060,0
[E3INE-CSV] 15,141,14681870,10289210,0,0,0,0,4239520,0
[E3INE-CSV] 15,142,23496340,15809180,0,0,0,0,7517610,0
[E3INE-CSV] 15,143,24466720,16428950,0,0,0,0,7734610,0
[E3INE-CSV] 15,144,23679090,16328620,0,0,0,0,7208380,0
[E3INE-CSV] 15,145,27578510,18305590,0,0,0,0,9117780,0
[E3INE-CSV] 15,146,23401970,15898470,0,0,0,0,7283200,0
[E3INE-CSV] 15,147,23984680,16465730,0,0,0,0,7371720,0
[E3INE-CSV] 15,148,23574200,15794920,0,0,0,0,7633710,0
[E3INE-CSV] 15,149,22727710,16113900,0,0,0,0,6456660,0
[E3INE-CSV] 15,150,23435470,15764190,0,0,0,0,7527610,0
[E3INE-CSV] 15,151,23534280,16109110,0,0,0,0,7290140,0
[E3INE-CSV] 15,152,23788480,16120000,0,0,0,0,7528180,0
[E3INE-CSV] 15,153,23352150,15713610,0,0,0,0,7482010,0
[E3INE-CSV] 15,154,24237150,15693170,0,0,0,0,8402280,0
[E3INE-CSV] 15,155,24101030,16891870,0,0,0,0,7070570,0
[E3INE-CSV] 15,156,23906140,16429290,0,0,0,0,7333750,0
[E3INE-CSV] 15,157,23528250,16425220,0,0,0,0,6963480,0
[E3INE-CSV] 15,158,23835670,16347110,0,0,0,0,7321290,0
[E3INE-CSV] 15,159,23799350,16354830,0,0,0,0,7283770,0
[E3INE-CSV] 15,160,14666150,10377230,0,0,0,0,4180650,0
[E3INE-CSV] 15,161,25802260,17413860,0,0,0,0,8237630,0
[E3INE-CSV] 15,162,28721400,20203280,0,0,0,0,8312230,0
[E3INE-CSV] 15,163,37511180,26192990,0,0,0,0,11075130,0
[E3INE-CSV] 15,164,24438260,16713700,0,0,0,0,7568460,0
[E3INE-CSV] 15,165,24724390,16560680,0,0,0,0,8004020,0
[E3INE-CSV] 15,166,24778780,16917310,0,0,0,0,7722120,0
[E3INE-CSV] 15,167,34113580,22951210,0,0,0,0,10932710,0
[E3INE-CSV] 15,168,28617250,19158920,0,0,0,0,9292160,0
[E3INE-CSV] 15,169,23732290,16037190,0,0,0,0,7548210,0
[E3INE-CSV] 15,170,24710570,16971550,0,0,0,0,7594290,0
[E3INE-CSV] 15,171,24775850,16891840,0,0,0,0,7628270,0
[E3INE-CSV] 15,172,21975520,15083470,0,0,0,0,6592380,0
[E3INE-CSV] 15,173,13491710,9091140,0,0,0,0,4285420,0
[E3INE-CSV] 15,174,24573670,16794430,0,0,0,0,7627880,0
[E3INE-CSV] 15,175,26049690,17329560,0,0,0,0,8569160,0
[E3INE-CSV] 15,176,24874090,16930980,0,0,0,0,7638040,0
[E3INE-CSV] 15,177,24917960,16904500,0,0,0,0,7860170,0
[E3INE-CSV] 15,178,14341050,9932010,0,0,0,0,4299070,0
[E3INE-CSV] 15,179,13419660,9087080,0,0,0,0,4220090,0
[E3INE-CSV] 15,180,14106570,9765950,0,0,0,0,4231640,0
[E3INE-CSV] 15,181,22581080,15536700,0,0,0,0,6906700,0
[E3INE-CSV] 15,182,40714340,28139840,0,0,0,0,12328870,0
[E3INE-CSV] 15,183,25565870,17117950,0,0,0,0,8291290,0
[E3INE-CSV] 15,184,25526400,17362180,0,0,0,0,8012270,0
[E3INE-CSV] 15,185,23448070,15757010,0,0,0,0,7373130,0
[E3INE-CSV] 15,186,25525420,17769630,0,0,0,0,7608860,0
[E3INE-CSV] 15,187,21643090,13872570,0,0,0,0,7628650,0
[E3INE-CSV] 15,188,29084310,20307850,0,0,0,0,8613290,0
[E3INE-CSV] 15,189,24015790,16516220,0,0,0,0,7201840,0
[E3INE-CSV] 15,190,24468130,16538290,0,0,0,0,7781410,0
[E3INE-CSV] 15,191,24869010,16999700,0,0,0,0,7723360,0
[E3INE-CSV] 15,192,35189280,23515120,0,0,0,0,11329040,0
[E3INE-CSV] 15,193,24662150,16455300,0,0,0,0,8055790,0
[E3INE-CSV] 15,194,23873900,16972180,0,0,0,0,6756850,0
[E3INE-CSV] 15,195,20164190,13815620,0,0,0,0,6217310,0
[E3INE-CSV] 15,196,30512050,20840170,0,0,0,0,9511840,0
[E3INE-CSV] 15,197,26446100,18215730,0,0,0,0,8081050,0
[E3INE-CSV] 15,198,22545190,15172670,0,0,0,0,7225850,0
[E3INE-CSV] 15,199,25111140,17365860,0,0,0,0,7599600,0
[E3INE-CSV] 15,200,23489180,15920570,0,0,0,0,7424930,0
[E3INE-CSV] 15,201,27452830,18697420,0,0,0,0,8603950,0
[E3INE-CSV] 15,202,23601810,15962510,0,0,0,0,7497580,0
[E3INE-CSV] 15,203,24703780,16747680,0,0,0,0,7804560,0
[E3INE-CSV] 15,204,24639300,16856800,0,0,0,0,7631600,0
[E3INE-CSV] 15,205,22844230,15547460,0,0,0,0,7155090,0
[E3INE-CSV] 15,206,33359450,22731590,0,0,0,0,10444710,0
[E3INE-CSV] 15,207,24505340,16677240,0,0,0,0,7679380,0
[E3INE-CSV] 15,208,24666760,16810270,0,0,0,0,7706910,0
[E3INE-CSV] 15,209,24506100,16688180,0,0,0,0,7672070,0
[E3INE-CSV] 15,210,22741990,15212340,0,0,0,0,7385790,0
[E3INE-CSV] 15,211,13934860,9453040,0,0,0,0,4142170,0
[E3INE-CSV] 15,212,38623480,26302300,0,0,0,0,12125670,0
[E3INE-CSV] 15,213,24168600,16445950,0,0,0,0,7577320,0
[E3INE-CSV] 15,214,23635300,16140910,0,0,0,0,7350040,0
[E3INE-CSV] 15,215,23900940,16399420,0,0,0,0,7358290,0
[E3INE-CSV] 15,216,25546070,17576080,0,0,0,0,7818870,0
[E3INE-CSV] 15,217,24321570,16535220,0,0,0,0,7639920,0
[E3INE-CSV] 15,218,24457070,16786280,0,0,0,0,7515990,0
[E3INE-CSV] 15,219,24502230,16662720,0,0,0,0,7411300,0
[E3INE-CSV] 15,220,25468800,16619400,0,0,0,0,8706710,0
[E3INE-CSV] 15,221,24794390,16821340,0,0,0,0,7826600,0
[E3INE-CSV] 15,222,23885820,16371290,0,0,0,0,7371950,0
[E3INE-CSV] 15,223,25046560,16851200,0,0,0,0,8045160,0
[E3INE-CSV] 15,224,31439700,21229620,0,0,0,0,9712180,0
[E3INE-CSV] 15,225,24923580,17024500,0,0,0,0,7753720,0
[E3INE-CSV] 15,226,24499420,16657940,0,0,0,0,7705770,0
[E3INE-CSV] 15,227,24597250,16782440,0,0,0,0,7664770,0
[E3INE-CSV] 15,228,24939680,16839980,0,0,0,0,7951850,0
[E3INE-CSV] 15,229,24347230,16560860,0,0,0,0,7637470,0
[E3INE-CSV] 15,230,24141720,16456790,0,0,0,0,7534440,0
[E3INE-CSV] 15,231,24661280,17054310,0,0,0,0,7462770,0
[E3INE-CSV] 15,232,26183730,17678460,0,0,0,0,8353980,0
[E3INE-CSV] 15,233,24369470,16977590,0,0,0,0,7235340,0
[E3INE-CSV] 15,234,24048700,16432430,0,0,0,0,7464590,0
[E3INE-CSV] 15,235,24275510,16665300,0,0,0,0,7458900,0
[E3INE-CSV] 15,236,24241960,16529820,0,0,0,0,7561450,0
[E3INE-CSV] 15,237,17532410,12215900,0,0,0,0,5192820,0
[E3INE-CSV] 15,238,24073830,16606270,0,0,0,0,7313930,0
[E3INE-CSV] 15,239,23975850,16076270,0,0,0,0,7750320,0
[E3INE-CSV] 15,240,25020980,17055970,0,0,0,0,7646960,0
[E3INE-CSV] 15,241,24364090,16926910,0,0,0,0,7286880,0
[E3INE-CSV] 15,242,25245330,17322740,0,0,0,0,7578700,0
[E3INE-CSV] 15,243,25035110,16832040,0,0,0,0,8054560,0
[E3INE-CSV] 15,244,25645570,16693070,0,0,0,0,8796920,0
[E3INE-CSV] 15,245,24478100,17171900,0,0,0,0,7156490,0
[E3INE-CSV] 15,246,24557640,16782530,0,0,0,0,7461860,0
[E3INE-CSV] 15,247,23323170,16064770,0,0,0,0,7120140,0
[E3INE-CSV] 15,248,22699020,15173140,0,0,0,0,7384800,0
[E3INE-CSV] 15,249,26284080,17835830,0,0,0,0,8192680,0
[E3INE-CSV] 15,250,24366810,16865170,0,0,0,0,7361350,0
[E3INE-CSV] 15,251,24349360,16842650,0,0,0,0,7367230,0
[E3INE-CSV] 15,252,23164390,15580060,0,0,0,0,7445420,0
[E3INE-CSV] 15,253,34887780,22951870,0,0,0,0,11753370,0
[E3INE-CSV] 15,254,24802100,16633140,0,0,0,0,8017200,0
[E3INE-CSV] 15,255,25988200,17492000,0,0,0,0,8289080,0
[E3INE-CSV] 15,256,24330120,16570770,0,0,0,0,7605940,0
[E3INE-CSV] 15,257,24189270,16487420,0,0,0,0,7559860,0
[E3INE-CSV] 15,258,23891500,16245700,0,0,0,0,7503650,0
[E3INE-CSV] 15,259,24503060,16552610,0,0,0,0,7807510,0
[E3INE-CSV] 15,260,23860480,16179810,0,0,0,0,7531970,0
[E3INE-CSV] 15,261,24028320,16361440,0,0,0,0,7517960,0
[E3INE-CSV] 15,262,23099160,15899770,0,0,0,0,7060730,0
[E3INE-CSV] 15,263,24389110,16633070,0,0,0,0,7607640,0
[E3INE-CSV] 15,264,24625390,17264280,0,0,0,0,7212700,0
[E3INE-CSV] 15,265,14264760,9499020,0,0,0,0,4680490,0
[E3INE-CSV] 15,266,27855530,19472990,0,0,0,0,8053300,0
[E3INE-CSV] 15,267,24406460,16581660,0,0,0,0,7671920,0
[E3INE-CSV] 15,268,29659870,20399890,0,0,0,0,9090240,0
[E3INE-CSV] 15,269,24720390,16823490,0,0,0,0,7744330,0
[E3INE-CSV] 15,270,24482120,16490530,0,0,0,0,7846240,0
[E3INE-CSV] 15,271,24537610,16857760,0,0,0,0,7530690,0
[E3INE-CSV] 15,272,24907940,16929650,0,0,0,0,7640370,0
[E3INE-CSV] 15,273,23737940,16065180,0,0,0,0,7378560,0
[E3INE-CSV] 15,274,26242270,17874150,0,0,0,0,8209750,0
[E3INE-CSV] 15,275,24206970,16675580,0,0,0,0,7394410,0
[E3INE-CSV] 15,276,23699090,16209470,0,0,0,0,7350340,0
[E3INE-CSV] 15,277,27872500,19364600,0,0,0,0,8300390,0
[E3INE-CSV] 15,278,26715580,18830900,0,0,0,0,7728410,0
[E3INE-CSV] 15,279,21944140,14966310,0,0,0,0,6846020,0
[E3INE-CSV] 15,280,23768690,16470790,0,0,0,0,7151690,0
[E3INE-CSV] 15,281,23950620,16454200,0,0,0,0,7349380,0
[E3INE-CSV] 15,282,22020100,15316150,0,0,0,0,6569780,0
[E3INE-CSV] 15,283,29915740,21616310,0,0,0,0,8088210,0
[E3INE-CSV] 15,284,21260560,14511300,0,0,0,0,6610900,0
[E3INE-CSV] 15,285,25861120,17846810,0,0,0,0,7857210,0
[E3INE-CSV] 15,286,23603250,16106230,0,0,0,0,7349190,0
[E3INE-CSV] 15,287,23544410,15981560,0,0,0,0,7412920,0
[E3INE-CSV] 15,288,23247030,16243760,0,0,0,0,6789950,0
[E3INE-CSV] 15,289,22300890,15459660,0,0,0,0,6705320,0
[E3INE-CSV] 15,290,23944570,16781660,0,0,0,0,6929870,0
[E3INE-CSV] 15,291,23910570,15469920,0,0,0,0,8302020,0
[E3INE-CSV] 15,292,23478660,15995340,0,0,0,0,7345100,0
[E3INE-CSV] 15,293,23907710,16719220,0,0,0,0,7039540,0
[E3INE-CSV] 15,294,23711910,16126070,0,0,0,0,7436800,0
[E3INE-CSV] 15,295,23996840,16501290,0,0,0,0,7356180,0
[E3INE-CSV] 15,296,24038350,16629850,0,0,0,0,7269600,0
[E3INE-CSV] 15,297,23643730,16361260,0,0,0,0,7108240,0
[E3INE-CSV] 15,298,24059630,16471410,0,0,0,0,7438800,0
[E3INE-CSV] 15,299,24013930,16509610,0,0,0,0,7361620,0
[E3INE-CSV] 15,300,23661820,16169390,0,0,0,0,7341740,0
[E3INE-CSV] 15,301,23094050,15791090,0,0,0,0,7158380,0
[E3INE-CSV] 15,302,24777770,16758440,0,0,0,0,7871690,0
[E3INE-CSV] 15,303,23697670,15996470,0,0,0,0,7551160,0
[E3INE-CSV] 15,304,23695230,16061430,0,0,0,0,7487200,0
[E3INE-CSV] 15,305,23767810,16330420,0,0,0,0,7301550,0
[E3INE-CSV] 15,306,24132100,16969540,0,0,0,0,7021780,0
[E3INE-CSV] 15,307,24515330,16813250,0,0,0,0,7557210,0
[E3INE-CSV] 15,308,24402080,16911300,0,0,0,0,7342610,0
[E3INE-CSV] 15,309,24416310,16493510,0,0,0,0,7592500,0
[E3INE-CSV] 15,310,24356800,16655240,0,0,0,0,7554710,0
[E3INE-CSV] 15,311,24173090,16883260,0,0,0,0,7151130,0
[E3INE-CSV] 15,312,24271050,16634110,0,0,0,0,7490150,0
[E3INE-CSV] 15,313,24779540,16704610,0,0,0,0,7760760,0
[E3INE-CSV] 15,314,24052270,16868090,0,0,0,0,7040390,0
[E3INE-CSV] 15,315,23886940,15606910,0,0,0,0,8131650,0
[E3INE-CSV] 15,316,23722640,16334770,0,0,0,0,7091640,0
[E3INE-CSV] 15,317,23603450,15942270,0,0,0,0,7511970,0
[E3INE-CSV] 15,318,23908210,16345640,0,0,0,0,7415240,0
[E3INE-CSV] 15,319,24109620,16280450,0,0,0,0,7630420,0
[E3INE-CSV] 15,320,24594650,16667740,0,0,0,0,7619030,0
[E3INE-CSV] 15,321,24137560,16630410,0,0,0,0,7314860,0
[E3INE-CSV] 15,322,24495570,16440570,0,0,0,0,7910100,0
[E3INE-CSV] 15,323,24368190,16711090,0,0,0,0,7510650,0
[E3INE-CSV] 15,324,22988310,15726880,0,0,0,0,7121470,0
[E3INE-CSV] 15,325,23650460,16011580,0,0,0,0,7488720,0
[E3INE-CSV] 15,326,23621490,16308840,0,0,0,0,7178130,0
[E3INE-CSV] 15,327,23748570,15898160,0,0,0,0,7687000,0
[E3INE-CSV] 15,328,23783330,16639920,0,0,0,0,6989030,0
[E3INE-CSV] 15,329,24005060,16471240,0,0,0,0,7389960,0
[E3INE-CSV] 15,330,23790940,16081600,0,0,0,0,7561100,0
[E3INE-CSV] 15,331,23342610,15729320,0,0,0,0,7472380,0
[E3INE-CSV] 15,332,24136670,16324020,0,0,0,0,7672650,0
[E3INE-CSV] 15,333,23383950,15882200,0,0,0,0,7354320,0
[E3INE-CSV] 15,334,23642280,15825140,0,0,0,0,7623600,0
[E3INE-CSV] 15,335,24264190,16658210,0,0,0,0,7456090,0
[E3INE-CSV] 15,336,21854670,14870370,0,0,0,0,6849350,0
[E3INE-CSV] 15,337,23972190,16281400,0,0,0,0,7550840,0
[E3INE-CSV] 15,338,23955610,16703630,0,0,0,0,7105820,0
[E3INE-CSV] 15,339,22576070,15130720,0,0,0,0,7306460,0
[E3INE-CSV] 15,340,19794310,13386180,0,0,0,0,6281840,0
[E3INE-CSV] 15,341,23849620,16457360,0,0,0,0,7248890,0
[E3INE-CSV] 15,342,23856970,15951480,0,0,0,0,7691680,0
[E3INE-CSV] 15,343,21059400,14129480,0,0,0,0,6752880,0
[E3INE-CSV] 15,344,21637660,14709120,0,0,0,0,6788040,0
[E3INE-CSV] 15,345,24337500,16591510,0,0,0,0,7604570,0
[E3INE-CSV] 15,346,23932610,16425950,0,0,0,0,7368910,0
[E3INE-CSV] 15,347,23318910,15728220,0,0,0,0,7449970,0
[E3INE-CSV] 15,348,23802310,16268240,0,0,0,0,7390170,0
[E3INE-CSV] 15,349,24332930,16007020,0,0,0,0,8178490,0
[E3INE-CSV] 15,350,23938520,16190510,0,0,0,0,7581860,0
[E3INE-CSV] 15,351,24385050,16629860,0,0,0,0,7610350,0
[E3INE-CSV] 15,352,24525430,16789090,0,0,0,0,7591370,0
[E3INE-CSV] 15,353,23137200,15898620,0,0,0,0,7097100,0
[E3INE-CSV] 15,354,24320200,16316410,0,0,0,0,7851760,0
[E3INE-CSV] 15,355,24451630,16539010,0,0,0,0,7760270,0
[E3INE-CSV] 15,356,23738450,16206380,0,0,0,0,7394340,0
[E3INE-CSV] 15,357,22797660,15757650,0,0,0,0,6901440,0
[E3INE-CSV] 15,358,24550380,16577280,0,0,0,0,7822780,0
[E3INE-CSV] 15,359,24413030,16596440,0,0,0,0,7670130,0
[E3INE-CSV] 15,360,24083580,16754650,0,0,0,0,7192380,0
[E3INE-CSV] 15,361,23725920,16149150,0,0,0,0,7429120,0
[E3INE-CSV] 15,362,22112750,15638080,0,0,0,0,6176680,0
[E3INE-CSV] 15,363,23708640,15997260,0,0,0,0,7566590,0
[E3INE-CSV] 15,364,23862540,16185590,0,0,0,0,7513420,0
[E3INE-CSV] 15,365,24201480,16886540,0,0,0,0,7170040,0
[E3INE-CSV] 15,366,24029190,16355430,0,0,0,0,7529100,0
[E3INE-CSV] 15,367,24464250,16885870,0,0,0,0,7428850,0
[E3INE-CSV] 15,368,24395320,16504010,0,0,0,0,7742200,0
[E3INE-CSV] 15,369,24074920,16246600,0,0,0,0,7675080,0
[E3INE-CSV] 15,370,24039590,16370270,0,0,0,0,7521960,0
[E3INE-CSV] 15,371,24461320,16585660,0,0,0,0,7726240,0
[E3INE-CSV] 15,372,24288970,16612820,0,0,0,0,7531470,0
[E3INE-CSV] 15,373,23908320,16298250,0,0,0,0,7468740,0
[E3INE-CSV] 15,374,19530790,13313710,0,0,0,0,6089810,0
[E3INE-CSV] 15,375,23967530,16668640,0,0,0,0,7143890,0
[E3INE-CSV] 15,376,22497040,15321350,0,0,0,0,7039980,0
[E3INE-CSV] 15,377,24231680,16563380,0,0,0,0,7526330,0
[E3INE-CSV] 15,378,22818770,15632830,0,0,0,0,7043510,0
[E3INE-CSV] 15,379,22960650,16107130,0,0,0,0,6703100,0
[E3INE-CSV] 15,380,23470320,16041020,0,0,0,0,7290650,0
[E3INE-CSV] 15,381,23924210,16298160,0,0,0,0,7486560,0
[E3INE-CSV] 15,382,23827930,16254740,0,0,0,0,7430000,0
[E3INE-CSV] 15,383,24113690,16918250,0,0,0,0,7052470,0
[E3INE-CSV] 15,384,24017320,16291160,0,0,0,0,7585980,0
[E3INE-CSV] 15,385,23753440,16062440,0,0,0,0,7543240,0
[E3INE-CSV] 15,386,23706520,15760290,0,0,0,0,7796000,0
[E3INE-CSV] 15,387,23688460,15954610,0,0,0,0,7590450,0
[E3INE-CSV] 15,388,23970050,16840290,0,0,0,0,6979540,0
[E3INE-CSV] 15,389,23650470,16024150,0,0,0,0,7478660,0
[E3INE-CSV] 15,390,23456240,15943310,0,0,0,0,7371980,0
[E3INE-CSV] 15,391,22636160,15258920,0,0,0,0,7234720,0
[E3INE-CSV] 15,392,23172060,16138030,0,0,0,0,6897950,0
[E3INE-CSV] 15,393,23517310,16316800,0,0,0,0,7055720,0
[E3INE-CSV] 15,394,23158590,16113850,0,0,0,0,6903610,0
[E3INE-CSV] 15,395,23601020,15025210,0,0,0,0,8441960,0
[E3INE-CSV] 15,396,23141380,15746880,0,0,0,0,7084390,0
[E3INE-CSV] 15,397,23396070,16342600,0,0,0,0,6911470,0
[E3INE-CSV] 15,398,23470610,16178180,0,0,0,0,7149100,0
[E3INE-CSV] 15,399,23293840,15867270,0,0,0,0,7271190,0
[E3INE-CSV] 15,400,23639520,16235860,0,0,0,0,7087210,0
[E3INE-CSV] 15,401,23453050,16162640,0,0,0,0,7147000,0
[E3INE-CSV] 15,402,21740640,15153900,0,0,0,0,6453610,0
[E3INE-CSV] 15,403,18463050,12920870,0,0,0,0,5415210,0
[E3INE-CSV] 15,404,20400090,14066860,0,0,0,0,6187070,0
[E3INE-CSV] 15,405,18723530,13136180,0,0,0,0,5453590,0
[E3INE-CSV] 15,406,23722460,16181860,0,0,0,0,7361740,0
[E3INE-CSV] 15,407,18808250,13315140,0,0,0,0,5372940,0
[E3INE-CSV] 15,408,21953770,15016280,0,0,0,0,6796890,0
[E3INE-CSV] 15,409,24019670,16520120,0,0,0,0,7350570,0
[E3INE-CSV] 15,410,20159010,13853800,0,0,0,0,6171600,0
[E3INE-CSV] 15,411,23039720,16036890,0,0,0,0,6853590,0
[E3INE-CSV] 15,412,23309360,16117590,0,0,0,0,7045650,0
[E3INE-CSV] 15,413,23106330,15970460,0,0,0,0,6984500,0
[E3INE-CSV] 15,414,22639490,15337020,0,0,0,0,7164060,0
[E3INE-CSV] 15,415,22007040,15091500,0,0,0,0,6610620,0
[E3INE-CSV] 15,416,19789330,13451610,0,0,0,0,6202810,0
[E3INE-CSV] 15,417,23047850,16460330,0,0,0,0,6421840,0
[E3INE-CSV] 15,418,24433730,17161300,0,0,0,0,7119520,0
[E3INE-CSV] 15,419,24001640,16866990,0,0,0,0,6993670,0
[E3INE-CSV] 15,420,24034760,16724110,0,0,0,0,7162130,0
[E3INE-CSV] 15,421,23228040,15866160,0,0,0,0,7213390,0
[E3INE-CSV] 15,422,19345500,13307160,0,0,0,0,5916360,0
[E3INE-CSV] 15,423,16834480,11446350,0,0,0,0,5120960,0
[E3INE-CSV] 15,424,21030360,14344920,0,0,0,0,6541930,0
[E3INE-CSV] 15,425,24453620,16247740,0,0,0,0,8046610,0
[E3INE-CSV] 15,426,18783820,12704330,0,0,0,0,5956880,0
[E3INE-CSV] 15,427,23578930,16347350,0,0,0,0,7089130,0
[E3INE-CSV] 15,428,23823960,16730820,0,0,0,0,6940590,0
[E3INE-CSV] 15,429,23680760,16110560,0,0,0,0,7415550,0
[E3INE-CSV] 15,430,22723890,15383820,0,0,0,0,7151890,0
[E3INE-CSV] 15,431,23473360,15755090,0,0,0,0,7584800,0
[E3INE-CSV] 15,432,23015870,15684750,0,0,0,0,7192580,0
[E3INE-CSV] 15,433,23136990,16220630,0,0,0,0,6770700,0
[E3INE-CSV] 15,434,22818850,15497700,0,0,0,0,7181540,0
[E3INE-CSV] 15,435,24001280,16354080,0,0,0,0,7505610,0
[E3INE-CSV] 15,436,24105020,16639650,0,0,0,0,7321200,0
[E3INE-CSV] 15,437,22553780,15452340,0,0,0,0,6967620,0
[E3INE-CSV] 15,438,20950210,14031970,0,0,0,0,6771370,0
[E3INE-CSV] 15,439,23672400,15983210,0,0,0,0,7545520,0
[E3INE-CSV] 15,440,23074380,15844210,0,0,0,0,7090440,0
[E3INE-CSV] 15,441,21034360,14360560,0,0,0,0,6541710,0
[E3INE-CSV] 15,442,21372260,14593750,0,0,0,0,6639170,0
[E3INE-CSV] 15,443,20551820,13366000,0,0,0,0,7054830,0
[E3INE-CSV] 15,444,18765660,12630640,0,0,0,0,6005450,0
[E3INE-CSV] 15,445,18987510,13023530,0,0,0,0,5840310,0
[E3INE-CSV] 15,446,22217250,15078110,0,0,0,0,6999220,0
[E3INE-CSV] 15,447,21909020,14953730,0,0,0,0,6822750,0
[E3INE-CSV] 15,448,19957850,13731030,0,0,0,0,6092540,0
[E3INE-CSV] 15,449,23662060,16128650,0,0,0,0,7366090,0
[E3INE-CSV] 15,450,23169190,15658940,0,0,0,0,7372210,0
[E3INE-CSV] 15,451,23147470,15949870,0,0,0,0,7051240,0
[E3INE-CSV] 15,452,20986930,14227350,0,0,0,0,6618920,0
[E3INE-CSV] 15,453,22804120,15855070,0,0,0,0,6805820,0
[E3INE-CSV] 15,454,21233990,14646630,0,0,0,0,6454920,0
[E3INE-CSV] 15,455,23444300,16248970,0,0,0,0,7054080,0
[E3INE-CSV] 15,456,17236060,12023040,0,0,0,0,5048480,0
[E3INE-CSV] 15,457,23759820,16061250,0,0,0,0,7550890,0
[E3INE-CSV] 15,458,22600290,15169030,0,0,0,0,7294070,0
[E3INE-CSV] 15,459,22480960,15379100,0,0,0,0,6963700,0
[E3INE-CSV] 15,460,22976950,15663100,0,0,0,0,7172730,0
[E3INE-CSV] 15,461,23188230,15849510,0,0,0,0,7201700,0
[E3INE-CSV] 15,462,22875770,15386740,0,0,0,0,7302260,0
[E3INE-CSV] 15,463,22906540,15469320,0,0,0,0,7278680,0
[E3INE-CSV] 15,464,22783370,15573130,0,0,0,0,7068810,0
[E3INE-CSV] 15,465,19834180,13835260,0,0,0,0,5779500,0
[E3INE-CSV] 15,466,24086440,16548860,0,0,0,0,7395710,0
[E3INE-CSV] 15,467,20490080,14025980,0,0,0,0,6333660,0
[E3INE-CSV] 15,468,13244160,9091300,0,0,0,0,4062690,0
[E3INE-CSV] 15,469,30153440,19768620,0,0,0,0,10209680,0
[E3INE-CSV] 15,470,24175590,16722290,0,0,0,0,7309640,0
[E3INE-CSV] 15,471,23587450,16318880,0,0,0,0,7128080,0
[E3INE-CSV] 15,472,22390520,15292170,0,0,0,0,6804930,0
[E3INE-CSV] 15,473,19253280,12847240,0,0,0,0,6314030,0
[E3INE-CSV] 15,474,36456860,24586370,0,0,0,0,11680810,0
[E3INE-CSV] 15,475,35706320,24428170,0,0,0,0,11094730,0
[E3INE-CSV] 15,476,24468840,15963980,0,0,0,0,8371620,0
[E3INE-CSV] 15,477,24210180,16805090,0,0,0,0,7258440,0
[E3INE-CSV] 15,478,30690410,20562370,0,0,0,0,9835900,0
[E3INE-CSV] 15,479,28431720,19493360,0,0,0,0,8766410,0
[E3INE-CSV] 15,480,24197470,16559490,0,0,0,0,7491700,0
[E3INE-CSV] 15,481,24644440,17330020,0,0,0,0,7171630,0
[E3INE-CSV] 15,482,24441960,16852740,0,0,0,0,7437480,0
[E3INE-CSV] 15,483,31227350,21561440,0,0,0,0,9476850,0
[E3INE-CSV] 15,484,25341910,17246390,0,0,0,0,7943140,0
[E3INE-CSV] 15,485,27644740,18982470,0,0,0,0,8435790,0
[E3INE-CSV] 15,486,37465450,25713930,0,0,0,0,11566650,0
[E3INE-CSV] 15,487,34457850,23158300,0,0,0,0,11117030,0
[E3INE-CSV] 15,488,24610790,16815040,0,0,0,0,7642720,0
[E3INE-CSV] 15,489,24083050,16717970,0,0,0,0,7173750,0
[E3INE-CSV] 15,490,24680940,16814960,0,0,0,0,7717930,0
[E3INE-CSV] 15,491,24339180,16703410,0,0,0,0,7487870,0
[E3INE-CSV] 15,492,24357960,16460960,0,0,0,0,7587150,0
[E3INE-CSV] 15,493,32433420,22994860,0,0,0,0,9194070,0
[E3INE-CSV] 15,494,34670530,24100190,0,0,0,0,10339740,0
[E3INE-CSV] 15,495,21560550,15439230,0,0,0,0,5983840,0
[E3INE-CSV] 15,496,23557680,15793170,0,0,0,0,7621650,0
[E3INE-CSV] 15,497,19560120,14303460,0,0,0,0,5062160,0
[E3INE-CSV] 15,498,25126800,17445570,0,0,0,0,7532650,0
[E3INE-CSV] 15,499,15504760,11450810,0,0,0,0,3946050,0
[E3INE-SUMMARY] chain_len=15 e2e_avg=24052945 publish_avg=16448132 sched_avg=7437350

*** FATAL ***
fatal source: 0 (INTERNAL_ERROR_CORE)
fatal code: 5 (INTERNAL_ERROR_THREAD_EXITTED)
RTEMS version: 6.1.0.not-released
RTEMS tools: 13.3.0 20240521 (RTEMS 6, RSB no-repo, Newlib 1b3dcfd)
executing thread ID: 0x0a010001
executing thread name: UI1 
