
RTEMS Shell on /dev/console. Use 'help' to list commands.
SHLL [/] # nexus0: <RTEMS Nexus device>
info: lo0: link state changed to UP
=== Exp3inter-Ours: Task Chain (n=3) NoExecutor ===
Period: 200ms, Rounds: 500
[E3OURS-CSV] chain_len,round,e2e_ns,publish_ns,gc_trigger_ns,invoke_cb_ns,getnext_ns,take_data_ns,sched_ns,dispatch_ns
666666
CPP Msg not nullptr
CPP Msg not nullptr
CPP Msg not nullptr
CPP Msg not nullptr
C Msg not NULL
C Msg not NULL
CPP Srv not nullptr
CPP Srv not nullptr
CPP Srv not nullptr
CPP Srv not nullptr
CPP Srv not nullptr
CPP Srv not nullptr
CPP Msg not nullptr
CPP Msg not nullptr
CPP Msg not nullptr
CPP Msg not nullptr
CPP Msg not nullptr
CPP Msg not nullptr
C Msg not NULL
C Msg not NULL
CPP Srv not nullptr
CPP Srv not nullptr
CPP Srv not nullptr
CPP Srv not nullptr
CPP Srv not nullptr
CPP Srv not nullptr
CPP Msg not nullptr
CPP Msg not nullptr
CPP Msg not nullptr
CPP Msg not nullptr
CPP Msg not nullptr
CPP Msg not nullptr
CPP Msg not nullptr
CPP Msg not nullptr
C Msg not NULL
C Msg not NULL
CPP Srv not nullptr
CPP Srv not nullptr
CPP Srv not nullptr
CPP Srv not nullptr
CPP Srv not nullptr
CPP Srv not nullptr
CPP Msg not nullptr
CPP Msg not nullptr
CPP Msg not nullptr
CPP Msg not nullptr
CPP Msg not nullptr
CPP Msg not nullptr
[E3OURS-CSV] 3,0,4655060,1997350,0,0,0,0,3928260,0
[E3OURS-CSV] 3,1,5786800,3265470,0,0,0,0,2371340,0
[E3OURS-CSV] 3,2,4003350,2800830,0,0,0,0,1079370,0
[E3OURS-CSV] 3,3,5130530,3584930,0,0,0,0,1394520,0
[E3OURS-CSV] 3,4,2764480,1785460,0,0,0,0,892010,0
[E3OURS-CSV] 3,5,2999910,1558640,0,0,0,0,1360880,0
[E3OURS-CSV] 3,6,2654500,1562880,0,0,0,0,1008520,0
[E3OURS-CSV] 3,7,3116240,1952780,0,0,0,0,1042370,0
[E3OURS-CSV] 3,8,2541830,1646440,0,0,0,0,819840,0
[E3OURS-CSV] 3,9,2670000,1578900,0,0,0,0,1004980,0
[E3OURS-CSV] 3,10,2361770,1652700,0,0,0,0,642680,0
[E3OURS-CSV] 3,11,2659430,1565960,0,0,0,0,1002220,0
[E3OURS-CSV] 3,12,2716810,1768810,0,0,0,0,855180,0
[E3OURS-CSV] 3,13,2552420,1673830,0,0,0,0,808480,0
[E3OURS-CSV] 3,14,2343100,1638830,0,0,0,0,633300,0
[E3OURS-CSV] 3,15,3005990,1837300,0,0,0,0,1095030,0
[E3OURS-CSV] 3,16,2683240,1748630,0,0,0,0,850990,0
[E3OURS-CSV] 3,17,2740900,1596850,0,0,0,0,1061910,0
[E3OURS-CSV] 3,18,2610940,1730000,0,0,0,0,812090,0
[E3OURS-CSV] 3,19,2572390,1522600,0,0,0,0,977300,0
[E3OURS-CSV] 3,20,2745330,1533680,0,0,0,0,1120770,0
[E3OURS-CSV] 3,21,2742920,1613460,0,0,0,0,1044110,0
[E3OURS-CSV] 3,22,2628990,1828800,0,0,0,0,705540,0
[E3OURS-CSV] 3,23,2667140,1565150,0,0,0,0,1025060,0
[E3OURS-CSV] 3,24,2674500,1582860,0,0,0,0,1014290,0
[E3OURS-CSV] 3,25,2216850,1484430,0,0,0,0,655660,0
[E3OURS-CSV] 3,26,2709160,1610160,0,0,0,0,1024160,0
[E3OURS-CSV] 3,27,2786320,1664440,0,0,0,0,1048450,0
[E3OURS-CSV] 3,28,2964880,2169510,0,0,0,0,692970,0
[E3OURS-CSV] 3,29,2611660,1827560,0,0,0,0,692270,0
[E3OURS-CSV] 3,30,2585310,1510620,0,0,0,0,993340,0
[E3OURS-CSV] 3,31,3468400,2593590,0,0,0,0,749530,0
[E3OURS-CSV] 3,32,2691300,1572700,0,0,0,0,1045750,0
[E3OURS-CSV] 3,33,2547040,1669920,0,0,0,0,808060,0
[E3OURS-CSV] 3,34,2908710,1927790,0,0,0,0,850150,0
[E3OURS-CSV] 3,35,2646190,1557360,0,0,0,0,1009440,0
[E3OURS-CSV] 3,36,2776010,1831290,0,0,0,0,860940,0
[E3OURS-CSV] 3,37,3121320,2064510,0,0,0,0,982790,0
[E3OURS-CSV] 3,38,2576460,1779030,0,0,0,0,704170,0
[E3OURS-CSV] 3,39,2712490,1550230,0,0,0,0,1081540,0
[E3OURS-CSV] 3,40,2613160,1703850,0,0,0,0,836680,0
[E3OURS-CSV] 3,41,2799880,1853060,0,0,0,0,858740,0
[E3OURS-CSV] 3,42,2677170,1567180,0,0,0,0,1021120,0
[E3OURS-CSV] 3,43,2602710,1683260,0,0,0,0,844310,0
[E3OURS-CSV] 3,44,2762040,1635150,0,0,0,0,1043240,0
[E3OURS-CSV] 3,45,2609970,1707100,0,0,0,0,835660,0
[E3OURS-CSV] 3,46,2877890,2077310,0,0,0,0,702570,0
[E3OURS-CSV] 3,47,2764720,1619440,0,0,0,0,1065020,0
[E3OURS-CSV] 3,48,2573600,1680860,0,0,0,0,823440,0
[E3OURS-CSV] 3,49,5102330,3189400,0,0,0,0,1774720,0
[E3OURS-CSV] 3,50,3765770,2560400,0,0,0,0,1129540,0
[E3OURS-CSV] 3,51,2688510,1579580,0,0,0,0,1024830,0
[E3OURS-CSV] 3,52,4843200,3300140,0,0,0,0,1411510,0
[E3OURS-CSV] 3,53,2585540,1502070,0,0,0,0,997860,0
[E3OURS-CSV] 3,54,2561000,1675870,0,0,0,0,810410,0
[E3OURS-CSV] 3,55,2498970,1637700,0,0,0,0,790040,0
[E3OURS-CSV] 3,56,2687550,1751820,0,0,0,0,842380,0
[E3OURS-CSV] 3,57,4936180,3170380,0,0,0,0,1632950,0
[E3OURS-CSV] 3,58,2709720,1567970,0,0,0,0,1050120,0
[E3OURS-CSV] 3,59,2602750,1517950,0,0,0,0,831250,0
[E3OURS-CSV] 3,60,2619830,1695370,0,0,0,0,850100,0
[E3OURS-CSV] 3,61,5047120,3237660,0,0,0,0,1393470,0
[E3OURS-CSV] 3,62,2922250,2032460,0,0,0,0,775680,0
[E3OURS-CSV] 3,63,2649860,1560280,0,0,0,0,1005250,0
[E3OURS-CSV] 3,64,2531210,1632460,0,0,0,0,821840,0
[E3OURS-CSV] 3,65,2560980,1670120,0,0,0,0,815580,0
[E3OURS-CSV] 3,66,4566110,3399730,0,0,0,0,1031230,0
[E3OURS-CSV] 3,67,2688460,1579200,0,0,0,0,1029900,0
[E3OURS-CSV] 3,68,2611190,1702960,0,0,0,0,833800,0
[E3OURS-CSV] 3,69,2610950,1508650,0,0,0,0,843760,0
[E3OURS-CSV] 3,70,2941830,1939550,0,0,0,0,916920,0
[E3OURS-CSV] 3,71,2664230,1572280,0,0,0,0,1010860,0
[E3OURS-CSV] 3,72,824310,487480,0,0,0,0,302700,0
[E3OURS-CSV] 3,73,664220,424820,0,0,0,0,212250,0
[E3OURS-CSV] 3,74,848460,550610,0,0,0,0,272290,0
[E3OURS-CSV] 3,75,860110,496610,0,0,0,0,326600,0
[E3OURS-CSV] 3,76,544900,361030,0,0,0,0,161920,0
[E3OURS-CSV] 3,77,3199770,1898560,0,0,0,0,1200520,0
[E3OURS-CSV] 3,78,3978640,2784810,0,0,0,0,1061060,0
[E3OURS-CSV] 3,79,2715600,1626940,0,0,0,0,979930,0
[E3OURS-CSV] 3,80,2420340,1687150,0,0,0,0,644490,0
[E3OURS-CSV] 3,81,1939570,1355750,0,0,0,0,530240,0
[E3OURS-CSV] 3,82,2542130,1672200,0,0,0,0,798490,0
[E3OURS-CSV] 3,83,2562690,1650660,0,0,0,0,844320,0
[E3OURS-CSV] 3,84,2313960,1617610,0,0,0,0,634040,0
[E3OURS-CSV] 3,85,2253070,1553490,0,0,0,0,630520,0
[E3OURS-CSV] 3,86,3074480,1911910,0,0,0,0,1059160,0
[E3OURS-CSV] 3,87,2975150,1953950,0,0,0,0,930960,0
[E3OURS-CSV] 3,88,2612220,1565330,0,0,0,0,979610,0
[E3OURS-CSV] 3,89,2641470,1752970,0,0,0,0,827180,0
[E3OURS-CSV] 3,90,2579080,1655120,0,0,0,0,839250,0
[E3OURS-CSV] 3,91,2876430,1865220,0,0,0,0,908960,0
[E3OURS-CSV] 3,92,4746670,3115350,0,0,0,0,1500660,0
[E3OURS-CSV] 3,93,2528030,1635990,0,0,0,0,819580,0
[E3OURS-CSV] 3,94,2374540,1651840,0,0,0,0,655310,0
[E3OURS-CSV] 3,95,2601740,1523310,0,0,0,0,998860,0
[E3OURS-CSV] 3,96,5117030,3321370,0,0,0,0,1663920,0
[E3OURS-CSV] 3,97,2556660,1753600,0,0,0,0,705340,0
[E3OURS-CSV] 3,98,2583370,1665490,0,0,0,0,826300,0
[E3OURS-CSV] 3,99,2311510,1595420,0,0,0,0,651920,0
[E3OURS-CSV] 3,100,2727890,1730030,0,0,0,0,919520,0
[E3OURS-CSV] 3,101,4951640,3438050,0,0,0,0,1379200,0
[E3OURS-CSV] 3,102,2667460,1582420,0,0,0,0,1004450,0
[E3OURS-CSV] 3,103,2355920,1639620,0,0,0,0,653010,0
[E3OURS-CSV] 3,104,2953280,2018770,0,0,0,0,870650,0
[E3OURS-CSV] 3,105,2323850,1625550,0,0,0,0,633590,0
[E3OURS-CSV] 3,106,4052500,2886720,0,0,0,0,1039000,0
[E3OURS-CSV] 3,107,2776720,1620430,0,0,0,0,1075800,0
[E3OURS-CSV] 3,108,2637170,1684740,0,0,0,0,870900,0
[E3OURS-CSV] 3,109,2570650,1670870,0,0,0,0,836490,0
[E3OURS-CSV] 3,110,2964390,2015510,0,0,0,0,885130,0
[E3OURS-CSV] 3,111,5037210,3497490,0,0,0,0,1405200,0
[E3OURS-CSV] 3,112,4562790,2699270,0,0,0,0,1735280,0
[E3OURS-CSV] 3,113,2909690,1893390,0,0,0,0,902620,0
[E3OURS-CSV] 3,114,2631870,1709840,0,0,0,0,852490,0
[E3OURS-CSV] 3,115,2384550,1663070,0,0,0,0,651480,0
[E3OURS-CSV] 3,116,2927030,1916840,0,0,0,0,902390,0
[E3OURS-CSV] 3,117,3251430,2258500,0,0,0,0,871600,0
[E3OURS-CSV] 3,118,4945960,3188410,0,0,0,0,1633860,0
[E3OURS-CSV] 3,119,2579090,1699000,0,0,0,0,807500,0
[E3OURS-CSV] 3,120,2347490,1630990,0,0,0,0,649770,0
[E3OURS-CSV] 3,121,3274230,2418060,0,0,0,0,728680,0
[E3OURS-CSV] 3,122,3234850,2218370,0,0,0,0,890960,0
[E3OURS-CSV] 3,123,2886060,1902040,0,0,0,0,893350,0
[E3OURS-CSV] 3,124,4521130,2659750,0,0,0,0,1739740,0
[E3OURS-CSV] 3,125,5083780,3564640,0,0,0,0,1385910,0
[E3OURS-CSV] 3,126,3277810,2463320,0,0,0,0,694620,0
[E3OURS-CSV] 3,127,3647280,2788230,0,0,0,0,741760,0
[E3OURS-CSV] 3,128,2669200,1587710,0,0,0,0,1005510,0
[E3OURS-CSV] 3,129,4943480,3195630,0,0,0,0,1601610,0
[E3OURS-CSV] 3,130,4512510,2649340,0,0,0,0,1743000,0
[E3OURS-CSV] 3,131,2739600,1809640,0,0,0,0,852270,0
[E3OURS-CSV] 3,132,4993380,3421270,0,0,0,0,1436280,0
[E3OURS-CSV] 3,133,2684260,1835250,0,0,0,0,755750,0
[E3OURS-CSV] 3,134,1865630,1309420,0,0,0,0,485990,0
[E3OURS-CSV] 3,135,3860610,2593250,0,0,0,0,939640,0
[E3OURS-CSV] 3,136,2787790,1979560,0,0,0,0,705000,0
[E3OURS-CSV] 3,137,5043820,3491480,0,0,0,0,1421720,0
[E3OURS-CSV] 3,138,2973830,1776350,0,0,0,0,911460,0
[E3OURS-CSV] 3,139,4344210,3205800,0,0,0,0,1010330,0
[E3OURS-CSV] 3,140,5078430,3333310,0,0,0,0,1614470,0
[E3OURS-CSV] 3,141,5165070,3685830,0,0,0,0,1343670,0
[E3OURS-CSV] 3,142,3124900,1903460,0,0,0,0,1119140,0
[E3OURS-CSV] 3,143,5024670,3219810,0,0,0,0,1678330,0
[E3OURS-CSV] 3,144,2603960,1808730,0,0,0,0,695350,0
[E3OURS-CSV] 3,145,3156420,1983540,0,0,0,0,1097720,0
[E3OURS-CSV] 3,146,3151640,2343340,0,0,0,0,726790,0
[E3OURS-CSV] 3,147,2754240,1614010,0,0,0,0,1061240,0
[E3OURS-CSV] 3,148,2660520,1739000,0,0,0,0,851980,0
[E3OURS-CSV] 3,149,2695260,1591910,0,0,0,0,1029770,0
[E3OURS-CSV] 3,150,3084800,2006380,0,0,0,0,980650,0
[E3OURS-CSV] 3,151,2675680,1546760,0,0,0,0,1032660,0
[E3OURS-CSV] 3,152,2738860,1595420,0,0,0,0,1049530,0
[E3OURS-CSV] 3,153,2317850,1611350,0,0,0,0,640390,0
[E3OURS-CSV] 3,154,2930260,1973400,0,0,0,0,888250,0
[E3OURS-CSV] 3,155,2357280,1640990,0,0,0,0,649140,0
[E3OURS-CSV] 3,156,2210570,1596430,0,0,0,0,554030,0
[E3OURS-CSV] 3,157,5021780,3507080,0,0,0,0,1379380,0
[E3OURS-CSV] 3,158,4595650,2701180,0,0,0,0,1771590,0
[E3OURS-CSV] 3,159,4617780,2751950,0,0,0,0,1743530,0
[E3OURS-CSV] 3,160,4874950,2530110,0,0,0,0,2226990,0
[E3OURS-CSV] 3,161,2867800,2004020,0,0,0,0,594430,0
[E3OURS-CSV] 3,162,2653750,1541270,0,0,0,0,1024810,0
[E3OURS-CSV] 3,163,2626230,1535090,0,0,0,0,840690,0
[E3OURS-CSV] 3,164,2577670,1676730,0,0,0,0,827140,0
[E3OURS-CSV] 3,165,2537840,1648680,0,0,0,0,820250,0
[E3OURS-CSV] 3,166,2557860,1621020,0,0,0,0,852770,0
[E3OURS-CSV] 3,167,5071710,3501780,0,0,0,0,1431570,0
[E3OURS-CSV] 3,168,2839460,1865340,0,0,0,0,871970,0
[E3OURS-CSV] 3,169,2687230,1559720,0,0,0,0,1035760,0
[E3OURS-CSV] 3,170,2852090,1700760,0,0,0,0,1042580,0
[E3OURS-CSV] 3,171,3117030,1905140,0,0,0,0,1106210,0
[E3OURS-CSV] 3,172,2663720,1876810,0,0,0,0,676190,0
[E3OURS-CSV] 3,173,4627490,2756690,0,0,0,0,1743060,0
[E3OURS-CSV] 3,174,4586790,2649530,0,0,0,0,1819070,0
[E3OURS-CSV] 3,175,3000340,2004920,0,0,0,0,890270,0
[E3OURS-CSV] 3,176,2922830,1762490,0,0,0,0,1047270,0
[E3OURS-CSV] 3,177,4271840,2696580,0,0,0,0,1445460,0
[E3OURS-CSV] 3,178,2880270,1897830,0,0,0,0,887100,0
[E3OURS-CSV] 3,179,4140270,2448220,0,0,0,0,1579050,0
[E3OURS-CSV] 3,180,3490740,2619230,0,0,0,0,749500,0
[E3OURS-CSV] 3,181,5087180,3516330,0,0,0,0,1431760,0
[E3OURS-CSV] 3,182,2962270,1758210,0,0,0,0,1086310,0
[E3OURS-CSV] 3,183,2655640,1554920,0,0,0,0,1029910,0
[E3OURS-CSV] 3,184,5064820,3427930,0,0,0,0,1506470,0
[E3OURS-CSV] 3,185,2699920,1618310,0,0,0,0,1007890,0
[E3OURS-CSV] 3,186,4810290,3525660,0,0,0,0,1134090,0
[E3OURS-CSV] 3,187,2895180,1909840,0,0,0,0,878560,0
[E3OURS-CSV] 3,188,2459990,1737030,0,0,0,0,640140,0
[E3OURS-CSV] 3,189,4954110,3470770,0,0,0,0,1337620,0
[E3OURS-CSV] 3,190,4662070,2788900,0,0,0,0,1755030,0
[E3OURS-CSV] 3,191,5272960,3332830,0,0,0,0,1392200,0
[E3OURS-CSV] 3,192,5183600,3559440,0,0,0,0,1483870,0
[E3OURS-CSV] 3,193,5155390,3230920,0,0,0,0,1790940,0
[E3OURS-CSV] 3,194,2655840,1575410,0,0,0,0,1005310,0
[E3OURS-CSV] 3,195,2695480,1752560,0,0,0,0,872550,0
[E3OURS-CSV] 3,196,3147940,2133230,0,0,0,0,920500,0
[E3OURS-CSV] 3,197,3099240,2278230,0,0,0,0,742830,0
[E3OURS-CSV] 3,198,2587120,1501130,0,0,0,0,1004230,0
[E3OURS-CSV] 3,199,2810140,1617720,0,0,0,0,860660,0
[E3OURS-CSV] 3,200,2604410,1692760,0,0,0,0,835230,0
[E3OURS-CSV] 3,201,2740660,1609550,0,0,0,0,1043820,0
[E3OURS-CSV] 3,202,2651890,1547150,0,0,0,0,1033920,0
[E3OURS-CSV] 3,203,3319560,2315380,0,0,0,0,882130,0
[E3OURS-CSV] 3,204,2542500,1646360,0,0,0,0,826420,0
[E3OURS-CSV] 3,205,2916300,1858190,0,0,0,0,985130,0
[E3OURS-CSV] 3,206,5013280,3511070,0,0,0,0,1349490,0
[E3OURS-CSV] 3,207,3124920,2073700,0,0,0,0,928530,0
[E3OURS-CSV] 3,208,2662840,1725810,0,0,0,0,866570,0
[E3OURS-CSV] 3,209,2788290,1632420,0,0,0,0,1073490,0
[E3OURS-CSV] 3,210,2769800,1627790,0,0,0,0,1061590,0
[E3OURS-CSV] 3,211,2744060,1949110,0,0,0,0,695620,0
[E3OURS-CSV] 3,212,5093530,3543200,0,0,0,0,1418480,0
[E3OURS-CSV] 3,213,4276700,2989660,0,0,0,0,1171960,0
[E3OURS-CSV] 3,214,2655720,1716540,0,0,0,0,864720,0
[E3OURS-CSV] 3,215,2720200,1620660,0,0,0,0,1018780,0
[E3OURS-CSV] 3,216,2722000,1605710,0,0,0,0,1028400,0
[E3OURS-CSV] 3,217,3845740,2722350,0,0,0,0,1005040,0
[E3OURS-CSV] 3,218,3356610,2533060,0,0,0,0,703600,0
[E3OURS-CSV] 3,219,2674030,1569480,0,0,0,0,1033640,0
[E3OURS-CSV] 3,220,2599350,1694690,0,0,0,0,831590,0
[E3OURS-CSV] 3,221,3113460,2001380,0,0,0,0,1017550,0
[E3OURS-CSV] 3,222,5162130,3559130,0,0,0,0,1472710,0
[E3OURS-CSV] 3,223,4495310,2590060,0,0,0,0,1785650,0
[E3OURS-CSV] 3,224,4444000,2522500,0,0,0,0,1808110,0
[E3OURS-CSV] 3,225,4512360,3457020,0,0,0,0,921950,0
[E3OURS-CSV] 3,226,2663600,1550190,0,0,0,0,1029830,0
[E3OURS-CSV] 3,227,2710290,1599900,0,0,0,0,1035980,0
[E3OURS-CSV] 3,228,2563590,1678230,0,0,0,0,817010,0
[E3OURS-CSV] 3,229,2640540,1558200,0,0,0,0,1005880,0
[E3OURS-CSV] 3,230,2362440,1648940,0,0,0,0,643040,0
[E3OURS-CSV] 3,231,2690860,1564980,0,0,0,0,1042050,0
[E3OURS-CSV] 3,232,2630820,1541020,0,0,0,0,1012320,0
[E3OURS-CSV] 3,233,2618300,1539020,0,0,0,0,1000920,0
[E3OURS-CSV] 3,234,2618800,1715700,0,0,0,0,827020,0
[E3OURS-CSV] 3,235,2818370,1716150,0,0,0,0,1030310,0
[E3OURS-CSV] 3,236,4882260,3206980,0,0,0,0,1536320,0
[E3OURS-CSV] 3,237,2699700,1562220,0,0,0,0,1058430,0
[E3OURS-CSV] 3,238,2607630,1700390,0,0,0,0,840550,0
[E3OURS-CSV] 3,239,4918150,3446640,0,0,0,0,1343650,0
[E3OURS-CSV] 3,240,4959700,3227680,0,0,0,0,1610940,0
[E3OURS-CSV] 3,241,4821160,3290900,0,0,0,0,1405310,0
[E3OURS-CSV] 3,242,2726060,1582120,0,0,0,0,1061490,0
[E3OURS-CSV] 3,243,2698930,1579320,0,0,0,0,1039840,0
[E3OURS-CSV] 3,244,2715910,1594300,0,0,0,0,1037770,0
[E3OURS-CSV] 3,245,2341850,1644280,0,0,0,0,631160,0
[E3OURS-CSV] 3,246,3028960,1584850,0,0,0,0,1362130,0
[E3OURS-CSV] 3,247,3094850,2328630,0,0,0,0,689900,0
[E3OURS-CSV] 3,248,4058210,2496560,0,0,0,0,1440590,0
[E3OURS-CSV] 3,249,2430710,1706960,0,0,0,0,636950,0
[E3OURS-CSV] 3,250,2630840,1521930,0,0,0,0,1030510,0
[E3OURS-CSV] 3,251,3930000,2751110,0,0,0,0,1051160,0
[E3OURS-CSV] 3,252,4917310,3134240,0,0,0,0,1651030,0
[E3OURS-CSV] 3,253,2674260,1570020,0,0,0,0,1015120,0
[E3OURS-CSV] 3,254,2356220,1654410,0,0,0,0,637270,0
[E3OURS-CSV] 3,255,2585030,1682060,0,0,0,0,830850,0
[E3OURS-CSV] 3,256,2735540,1601430,0,0,0,0,1044630,0
[E3OURS-CSV] 3,257,2782210,1811370,0,0,0,0,891530,0
[E3OURS-CSV] 3,258,2596750,1683720,0,0,0,0,836920,0
[E3OURS-CSV] 3,259,2614030,1695420,0,0,0,0,844620,0
[E3OURS-CSV] 3,260,2650570,1753400,0,0,0,0,830400,0
[E3OURS-CSV] 3,261,4881530,3289880,0,0,0,0,1459060,0
[E3OURS-CSV] 3,262,2906220,1929700,0,0,0,0,893760,0
[E3OURS-CSV] 3,263,2576910,1680640,0,0,0,0,823390,0
[E3OURS-CSV] 3,264,3885810,2536930,0,0,0,0,1224530,0
[E3OURS-CSV] 3,265,2553850,1669070,0,0,0,0,809960,0
[E3OURS-CSV] 3,266,3895390,2330920,0,0,0,0,1471800,0
[E3OURS-CSV] 3,267,2683410,1554790,0,0,0,0,1046300,0
[E3OURS-CSV] 3,268,2653400,1743210,0,0,0,0,836300,0
[E3OURS-CSV] 3,269,2597220,1500270,0,0,0,0,1015320,0
[E3OURS-CSV] 3,270,2369130,1663860,0,0,0,0,633610,0
[E3OURS-CSV] 3,271,2685720,1558530,0,0,0,0,1043030,0
[E3OURS-CSV] 3,272,2803320,1826950,0,0,0,0,889870,0
[E3OURS-CSV] 3,273,2569590,1675570,0,0,0,0,826340,0
[E3OURS-CSV] 3,274,2689190,1748900,0,0,0,0,869880,0
[E3OURS-CSV] 3,275,2686610,1594710,0,0,0,0,1007250,0
[E3OURS-CSV] 3,276,2772370,1600370,0,0,0,0,1091440,0
[E3OURS-CSV] 3,277,2782950,1633530,0,0,0,0,1072150,0
[E3OURS-CSV] 3,278,2708850,1584300,0,0,0,0,1039380,0
[E3OURS-CSV] 3,279,2658350,1576690,0,0,0,0,1006890,0
[E3OURS-CSV] 3,280,2528880,1656850,0,0,0,0,804120,0
[E3OURS-CSV] 3,281,2467580,1769310,0,0,0,0,598120,0
[E3OURS-CSV] 3,282,2712370,1760610,0,0,0,0,861880,0
[E3OURS-CSV] 3,283,2573320,1671710,0,0,0,0,823050,0
[E3OURS-CSV] 3,284,2696040,1578790,0,0,0,0,1034320,0
[E3OURS-CSV] 3,285,2770650,1795290,0,0,0,0,893180,0
[E3OURS-CSV] 3,286,2761050,1616580,0,0,0,0,1050930,0
[E3OURS-CSV] 3,287,2732950,1613270,0,0,0,0,1046160,0
[E3OURS-CSV] 3,288,2597850,1687730,0,0,0,0,835800,0
[E3OURS-CSV] 3,289,2625410,1536920,0,0,0,0,998310,0
[E3OURS-CSV] 3,290,2785820,1662440,0,0,0,0,1033320,0
[E3OURS-CSV] 3,291,2643910,1641630,0,0,0,0,924810,0
[E3OURS-CSV] 3,292,2725760,1591300,0,0,0,0,1044250,0
[E3OURS-CSV] 3,293,2703380,1579570,0,0,0,0,1046210,0
[E3OURS-CSV] 3,294,2622850,1715380,0,0,0,0,829020,0
[E3OURS-CSV] 3,295,2554940,1479590,0,0,0,0,993760,0
[E3OURS-CSV] 3,296,2772610,1806970,0,0,0,0,877680,0
[E3OURS-CSV] 3,297,2844930,2103780,0,0,0,0,660020,0
[E3OURS-CSV] 3,298,2611080,1715830,0,0,0,0,823640,0
[E3OURS-CSV] 3,299,2619050,1709510,0,0,0,0,841640,0
[E3OURS-CSV] 3,300,2622700,1731870,0,0,0,0,822430,0
[E3OURS-CSV] 3,301,2784190,1634930,0,0,0,0,1068170,0
[E3OURS-CSV] 3,302,2843690,1838590,0,0,0,0,931750,0
[E3OURS-CSV] 3,303,2761380,1633590,0,0,0,0,1051630,0
[E3OURS-CSV] 3,304,2667070,1743040,0,0,0,0,851490,0
[E3OURS-CSV] 3,305,2633020,1709120,0,0,0,0,843810,0
[E3OURS-CSV] 3,306,2715970,1623950,0,0,0,0,1014820,0
[E3OURS-CSV] 3,307,2709040,1745680,0,0,0,0,892780,0
[E3OURS-CSV] 3,308,2817850,1662990,0,0,0,0,1080900,0
[E3OURS-CSV] 3,309,2576970,1667080,0,0,0,0,837050,0
[E3OURS-CSV] 3,310,2679900,1566720,0,0,0,0,853780,0
[E3OURS-CSV] 3,311,2793880,1613790,0,0,0,0,1090940,0
[E3OURS-CSV] 3,312,2705290,1596770,0,0,0,0,1031360,0
[E3OURS-CSV] 3,313,2620810,1725130,0,0,0,0,826390,0
[E3OURS-CSV] 3,314,2561240,1670200,0,0,0,0,821260,0
[E3OURS-CSV] 3,315,2635440,1708220,0,0,0,0,857450,0
[E3OURS-CSV] 3,316,2738530,1611160,0,0,0,0,1046090,0
[E3OURS-CSV] 3,317,2778620,1630730,0,0,0,0,1076730,0
[E3OURS-CSV] 3,318,2652280,1748630,0,0,0,0,832500,0
[E3OURS-CSV] 3,319,2590500,1703230,0,0,0,0,820960,0
[E3OURS-CSV] 3,320,2590870,1690650,0,0,0,0,830650,0
[E3OURS-CSV] 3,321,2669770,1589950,0,0,0,0,1005590,0
[E3OURS-CSV] 3,322,2628340,1705390,0,0,0,0,849570,0
[E3OURS-CSV] 3,323,2650660,1557510,0,0,0,0,847510,0
[E3OURS-CSV] 3,324,2361560,1665120,0,0,0,0,630220,0
[E3OURS-CSV] 3,325,2572750,1680490,0,0,0,0,822600,0
[E3OURS-CSV] 3,326,2707600,1604520,0,0,0,0,1023810,0
[E3OURS-CSV] 3,327,2654700,1551210,0,0,0,0,1025180,0
[E3OURS-CSV] 3,328,2674430,1748200,0,0,0,0,847360,0
[E3OURS-CSV] 3,329,2590900,1700140,0,0,0,0,823020,0
[E3OURS-CSV] 3,330,2616340,1722700,0,0,0,0,821950,0
[E3OURS-CSV] 3,331,2882270,1866770,0,0,0,0,926670,0
[E3OURS-CSV] 3,332,2885870,1885890,0,0,0,0,914590,0
[E3OURS-CSV] 3,333,2697400,1576170,0,0,0,0,1041770,0
[E3OURS-CSV] 3,334,2664800,1577930,0,0,0,0,1004670,0
[E3OURS-CSV] 3,335,2707600,1546890,0,0,0,0,1071840,0
[E3OURS-CSV] 3,336,2950880,1951450,0,0,0,0,916490,0
[E3OURS-CSV] 3,337,2647250,1543790,0,0,0,0,1029150,0
[E3OURS-CSV] 3,338,2750880,1580560,0,0,0,0,1091620,0
[E3OURS-CSV] 3,339,2771980,1628720,0,0,0,0,887420,0
[E3OURS-CSV] 3,340,2778760,1819880,0,0,0,0,881670,0
[E3OURS-CSV] 3,341,2925410,1854850,0,0,0,0,989040,0
[E3OURS-CSV] 3,342,2819760,1631330,0,0,0,0,1100380,0
[E3OURS-CSV] 3,343,2708840,1554710,0,0,0,0,891740,0
[E3OURS-CSV] 3,344,2678380,1582170,0,0,0,0,1019970,0
[E3OURS-CSV] 3,345,2675440,1559310,0,0,0,0,1039990,0
[E3OURS-CSV] 3,346,2700100,1576680,0,0,0,0,1045490,0
[E3OURS-CSV] 3,347,2715450,1591640,0,0,0,0,1048050,0
[E3OURS-CSV] 3,348,2678060,1574310,0,0,0,0,1030210,0
[E3OURS-CSV] 3,349,2596930,1697650,0,0,0,0,827570,0
[E3OURS-CSV] 3,350,2684980,1568710,0,0,0,0,1035990,0
[E3OURS-CSV] 3,351,2715320,1595850,0,0,0,0,1036690,0
[E3OURS-CSV] 3,352,2668670,1566330,0,0,0,0,1022400,0
[E3OURS-CSV] 3,353,2616220,1699330,0,0,0,0,843960,0
[E3OURS-CSV] 3,354,2608660,1531640,0,0,0,0,826050,0
[E3OURS-CSV] 3,355,2562850,1678170,0,0,0,0,814130,0
[E3OURS-CSV] 3,356,2659220,1557510,0,0,0,0,1024490,0
[E3OURS-CSV] 3,357,2363840,1630900,0,0,0,0,670460,0
[E3OURS-CSV] 3,358,2661070,1560260,0,0,0,0,1026000,0
[E3OURS-CSV] 3,359,2537800,1654170,0,0,0,0,814050,0
[E3OURS-CSV] 3,360,2561340,1519690,0,0,0,0,969230,0
[E3OURS-CSV] 3,361,2671780,1578390,0,0,0,0,1011110,0
[E3OURS-CSV] 3,362,2707490,1575830,0,0,0,0,1057210,0
[E3OURS-CSV] 3,363,2664510,1570820,0,0,0,0,1018990,0
[E3OURS-CSV] 3,364,2645980,1569640,0,0,0,0,829590,0
[E3OURS-CSV] 3,365,2650410,1563600,0,0,0,0,1014370,0
[E3OURS-CSV] 3,366,2150570,1493360,0,0,0,0,588750,0
[E3OURS-CSV] 3,367,2627160,1527510,0,0,0,0,1022050,0
[E3OURS-CSV] 3,368,2793160,1633120,0,0,0,0,1080620,0
[E3OURS-CSV] 3,369,3054130,1997900,0,0,0,0,975720,0
[E3OURS-CSV] 3,370,2651980,1558380,0,0,0,0,1017510,0
[E3OURS-CSV] 3,371,2417030,1454290,0,0,0,0,888440,0
[E3OURS-CSV] 3,372,2665380,1562950,0,0,0,0,1026270,0
[E3OURS-CSV] 3,373,2665480,1575570,0,0,0,0,1012780,0
[E3OURS-CSV] 3,374,2331640,1629140,0,0,0,0,636380,0
[E3OURS-CSV] 3,375,2619180,1705010,0,0,0,0,840580,0
[E3OURS-CSV] 3,376,2433160,1595660,0,0,0,0,761210,0
[E3OURS-CSV] 3,377,3003020,1931960,0,0,0,0,1000020,0
[E3OURS-CSV] 3,378,2663430,1565390,0,0,0,0,1024110,0
[E3OURS-CSV] 3,379,2637210,1726600,0,0,0,0,837960,0
[E3OURS-CSV] 3,380,2691130,1598930,0,0,0,0,1015570,0
[E3OURS-CSV] 3,381,2706640,1593700,0,0,0,0,1031560,0
[E3OURS-CSV] 3,382,2675250,1580670,0,0,0,0,1013680,0
[E3OURS-CSV] 3,383,2684430,1569750,0,0,0,0,1028960,0
[E3OURS-CSV] 3,384,2545740,1674430,0,0,0,0,802870,0
[E3OURS-CSV] 3,385,2622100,1714560,0,0,0,0,829960,0
[E3OURS-CSV] 3,386,3396010,2317470,0,0,0,0,992400,0
[E3OURS-CSV] 3,387,2680550,1593310,0,0,0,0,1010110,0
[E3OURS-CSV] 3,388,2947040,1978970,0,0,0,0,867720,0
[E3OURS-CSV] 3,389,2720200,1577920,0,0,0,0,868290,0
[E3OURS-CSV] 3,390,2669380,1565830,0,0,0,0,1025120,0
[E3OURS-CSV] 3,391,2797720,1851250,0,0,0,0,864400,0
[E3OURS-CSV] 3,392,2844910,1605990,0,0,0,0,1162390,0
[E3OURS-CSV] 3,393,2668240,1565780,0,0,0,0,1025300,0
[E3OURS-CSV] 3,394,2992270,1907110,0,0,0,0,1005200,0
[E3OURS-CSV] 3,395,2623110,1704740,0,0,0,0,845380,0
[E3OURS-CSV] 3,396,2607240,1702710,0,0,0,0,834310,0
[E3OURS-CSV] 3,397,2727100,1583940,0,0,0,0,1062590,0
[E3OURS-CSV] 3,398,2680120,1562510,0,0,0,0,1038050,0
[E3OURS-CSV] 3,399,2691080,1579960,0,0,0,0,1034310,0
[E3OURS-CSV] 3,400,2632700,1713020,0,0,0,0,841040,0
[E3OURS-CSV] 3,401,3068740,2003500,0,0,0,0,977870,0
[E3OURS-CSV] 3,402,2786620,1823410,0,0,0,0,868660,0
[E3OURS-CSV] 3,403,2583590,1675090,0,0,0,0,830530,0
[E3OURS-CSV] 3,404,2330490,1636160,0,0,0,0,626240,0
[E3OURS-CSV] 3,405,2513860,1652900,0,0,0,0,793190,0
[E3OURS-CSV] 3,406,2702380,1622430,0,0,0,0,1000700,0
[E3OURS-CSV] 3,407,2695320,1579310,0,0,0,0,1044570,0
[E3OURS-CSV] 3,408,2636350,1561320,0,0,0,0,832110,0
[E3OURS-CSV] 3,409,2649630,1545730,0,0,0,0,1025640,0
[E3OURS-CSV] 3,410,2663210,1761440,0,0,0,0,814360,0
[E3OURS-CSV] 3,411,2867970,1784780,0,0,0,0,1000750,0
[E3OURS-CSV] 3,412,2729140,1595400,0,0,0,0,1044800,0
[E3OURS-CSV] 3,413,2632180,1547240,0,0,0,0,834660,0
[E3OURS-CSV] 3,414,2633330,1549860,0,0,0,0,1002850,0
[E3OURS-CSV] 3,415,2298690,1614710,0,0,0,0,618280,0
[E3OURS-CSV] 3,416,1355030,789690,0,0,0,0,521410,0
[E3OURS-CSV] 3,417,2683450,1571280,0,0,0,0,1036470,0
[E3OURS-CSV] 3,418,2749930,1643350,0,0,0,0,1014980,0
[E3OURS-CSV] 3,419,4597190,3132800,0,0,0,0,1337400,0
[E3OURS-CSV] 3,420,2735200,1595050,0,0,0,0,1045810,0
[E3OURS-CSV] 3,421,1180270,691630,0,0,0,0,442960,0
[E3OURS-CSV] 3,422,2776590,1811780,0,0,0,0,887640,0
[E3OURS-CSV] 3,423,2650510,1734070,0,0,0,0,846660,0
[E3OURS-CSV] 3,424,2552310,1673320,0,0,0,0,807030,0
[E3OURS-CSV] 3,425,2663270,1562360,0,0,0,0,1020140,0
[E3OURS-CSV] 3,426,2781460,1578330,0,0,0,0,1118740,0
[E3OURS-CSV] 3,427,2658980,1558640,0,0,0,0,1020410,0
[E3OURS-CSV] 3,428,2691910,1582070,0,0,0,0,1026170,0
[E3OURS-CSV] 3,429,2358400,1667170,0,0,0,0,626860,0
[E3OURS-CSV] 3,430,2635360,1558540,0,0,0,0,1000050,0
[E3OURS-CSV] 3,431,1909160,1331910,0,0,0,0,501000,0
[E3OURS-CSV] 3,432,5168450,3531830,0,0,0,0,1505370,0
[E3OURS-CSV] 3,433,2753400,1832520,0,0,0,0,833940,0
[E3OURS-CSV] 3,434,3130360,2032910,0,0,0,0,1021330,0
[E3OURS-CSV] 3,435,2609970,1704390,0,0,0,0,829940,0
[E3OURS-CSV] 3,436,2726690,1604410,0,0,0,0,1037130,0
[E3OURS-CSV] 3,437,2714050,1599200,0,0,0,0,1039790,0
[E3OURS-CSV] 3,438,2625230,1718990,0,0,0,0,831920,0
[E3OURS-CSV] 3,439,4014530,2458210,0,0,0,0,1440410,0
[E3OURS-CSV] 3,440,2661690,1546640,0,0,0,0,1038510,0
[E3OURS-CSV] 3,441,1434400,813240,0,0,0,0,566870,0
[E3OURS-CSV] 3,442,4050990,2490880,0,0,0,0,1427210,0
[E3OURS-CSV] 3,443,2620440,1541930,0,0,0,0,1001560,0
[E3OURS-CSV] 3,444,2522490,1653220,0,0,0,0,802140,0
[E3OURS-CSV] 3,445,2568500,1685230,0,0,0,0,813220,0
[E3OURS-CSV] 3,446,3185840,1976940,0,0,0,0,1078950,0
[E3OURS-CSV] 3,447,2947670,1631260,0,0,0,0,1238340,0
[E3OURS-CSV] 3,448,2613760,1710270,0,0,0,0,825600,0
[E3OURS-CSV] 3,449,2703880,1585550,0,0,0,0,1041190,0
[E3OURS-CSV] 3,450,2594410,1536460,0,0,0,0,983490,0
[E3OURS-CSV] 3,451,3148260,2329390,0,0,0,0,737220,0
[E3OURS-CSV] 3,452,2720750,1609390,0,0,0,0,1036610,0
[E3OURS-CSV] 3,453,3227560,2122980,0,0,0,0,1023750,0
[E3OURS-CSV] 3,454,3065330,2001120,0,0,0,0,988430,0
[E3OURS-CSV] 3,455,2634950,1540030,0,0,0,0,1016490,0
[E3OURS-CSV] 3,456,1371380,818500,0,0,0,0,503330,0
[E3OURS-CSV] 3,457,2651390,1562420,0,0,0,0,1012800,0
[E3OURS-CSV] 3,458,2623180,1546930,0,0,0,0,992950,0
[E3OURS-CSV] 3,459,2585920,1669680,0,0,0,0,839300,0
[E3OURS-CSV] 3,460,2586090,1703610,0,0,0,0,807270,0
[E3OURS-CSV] 3,461,1678840,1077060,0,0,0,0,544360,0
[E3OURS-CSV] 3,462,2704550,1594910,0,0,0,0,1023130,0
[E3OURS-CSV] 3,463,2631900,1560550,0,0,0,0,994910,0
[E3OURS-CSV] 3,464,2545040,1666780,0,0,0,0,808070,0
[E3OURS-CSV] 3,465,2569220,1705750,0,0,0,0,797050,0
[E3OURS-CSV] 3,466,2710360,1600490,0,0,0,0,1032940,0
[E3OURS-CSV] 3,467,2737180,1627810,0,0,0,0,1037040,0
[E3OURS-CSV] 3,468,2684100,1578050,0,0,0,0,1032410,0
[E3OURS-CSV] 3,469,2586660,1711410,0,0,0,0,807480,0
[E3OURS-CSV] 3,470,2702290,1596060,0,0,0,0,1028830,0
[E3OURS-CSV] 3,471,1760610,1236540,0,0,0,0,465120,0
[E3OURS-CSV] 3,472,2669670,1583270,0,0,0,0,1007910,0
[E3OURS-CSV] 3,473,3249540,2225220,0,0,0,0,910030,0
[E3OURS-CSV] 3,474,2534050,1779210,0,0,0,0,652010,0
[E3OURS-CSV] 3,475,2625360,1722180,0,0,0,0,827110,0
[E3OURS-CSV] 3,476,858770,497280,0,0,0,0,328360,0
[E3OURS-CSV] 3,477,2692180,1589970,0,0,0,0,1020050,0
[E3OURS-CSV] 3,478,2709310,1590680,0,0,0,0,1044760,0
[E3OURS-CSV] 3,479,2620500,1724810,0,0,0,0,828100,0
[E3OURS-CSV] 3,480,2616450,1722210,0,0,0,0,826060,0
[E3OURS-CSV] 3,481,4483730,2615910,0,0,0,0,1756210,0
[E3OURS-CSV] 3,482,2942860,1918300,0,0,0,0,944950,0
[E3OURS-CSV] 3,483,2680980,1594600,0,0,0,0,1010060,0
[E3OURS-CSV] 3,484,2619640,1701290,0,0,0,0,844110,0
[E3OURS-CSV] 3,485,2687310,1584740,0,0,0,0,1025130,0
[E3OURS-CSV] 3,486,1752390,1105090,0,0,0,0,595540,0
[E3OURS-CSV] 3,487,2675570,1585530,0,0,0,0,1007920,0
[E3OURS-CSV] 3,488,2645170,1554470,0,0,0,0,1012430,0
[E3OURS-CSV] 3,489,2718320,1687420,0,0,0,0,955420,0
[E3OURS-CSV] 3,490,2646850,1573030,0,0,0,0,992840,0
[E3OURS-CSV] 3,491,1603860,1050860,0,0,0,0,501180,0
[E3OURS-CSV] 3,492,2775070,1579340,0,0,0,0,1115750,0
[E3OURS-CSV] 3,493,2642990,1560430,0,0,0,0,1003740,0
[E3OURS-CSV] 3,494,2669000,1580590,0,0,0,0,1006710,0
[E3OURS-CSV] 3,495,2568950,1513890,0,0,0,0,976280,0
[E3OURS-CSV] 3,496,1900220,1190840,0,0,0,0,636290,0
[E3OURS-CSV] 3,497,2774860,1613280,0,0,0,0,1082520,0
[E3OURS-CSV] 3,498,2689210,1589830,0,0,0,0,1023740,0
[E3OURS-CSV] 3,499,2656610,1560530,0,0,0,0,838030,0
[E3OURS-SUMMARY] chain_len=3 e2e_avg=2932145 publish_avg=1861423 sched_avg=979673

*** FATAL ***
fatal source: 0 (INTERNAL_ERROR_CORE)
fatal code: 5 (INTERNAL_ERROR_THREAD_EXITTED)
RTEMS version: 6.1.0.not-released
RTEMS tools: 13.3.0 20240521 (RTEMS 6, RSB no-repo, Newlib 1b3dcfd)
executing thread ID: 0x0a010001
executing thread name: UI1 
