
RTEMS Shell on /dev/console. Use 'help' to list commands.
SHLL [/] # nexus0: <RTEMS Nexus device>
info: lo0: link state changed to UP
=== Exp3inter-Ours: Task Chain (n=15) NoExecutor ===
Period: 200ms, Rounds: 500
[E3OURS-CSV] chain_len,round,e2e_ns,publish_ns,gc_trigger_ns,invoke_cb_ns,getnext_ns,take_data_ns,sched_ns,dispatch_ns
666666
CPP Msg not nullptr
CPP Msg not nullptr
CPP Msg not nullptr
CPP Msg not nullptr
C Msg not NULL
C Msg not NULL
CPP Srv not nullptr
CPP Srv not nullptr
CPP Srv not nullptr
CPP Srv not nullptr
CPP Srv not nullptr
CPP Srv not nullptr
CPP Msg not nullptr
CPP Msg not nullptr
CPP Msg not nullptr
CPP Msg not nullptr
CPP Msg not nullptr
CPP Msg not nullptr
C Msg not NULL
C Msg not NULL
CPP Srv not nullptr
CPP Srv not nullptr
CPP Srv not nullptr
CPP Srv not nullptr
CPP Srv not nullptr
CPP Srv not nullptr
CPP Msg not nullptr
CPP Msg not nullptr
CPP Msg not nullptr
CPP Msg not nullptr
CPP Msg not nullptr
CPP Msg not nullptr
CPP Msg not nullptr
CPP Msg not nullptr
C Msg not NULL
C Msg not NULL
CPP Srv not nullptr
CPP Srv not nullptr
CPP Srv not nullptr
CPP Srv not nullptr
CPP Srv not nullptr
CPP Srv not nullptr
CPP Msg not nullptr
CPP Msg not nullptr
CPP Msg not nullptr
CPP Msg not nullptr
CPP Msg not nullptr
CPP Msg not nullptr
CPP Msg not nullptr
CPP Msg not nullptr
C Msg not NULL
C Msg not NULL
CPP Srv not nullptr
CPP Srv not nullptr
CPP Srv not nullptr
CPP Srv not nullptr
CPP Srv not nullptr
CPP Srv not nullptr
CPP Msg not nullptr
CPP Msg not nullptr
CPP Msg not nullptr
CPP Msg not nullptr
CPP Msg not nullptr
CPP Msg not nullptr
CPP Msg not nullptr
CPP Msg not nullptr
C Msg not NULL
C Msg not NULL
CPP Srv not nullptr
CPP Srv not nullptr
CPP Srv not nullptr
CPP Srv not nullptr
CPP Srv not nullptr
CPP Srv not nullptr
CPP Msg not nullptr
CPP Msg not nullptr
CPP Msg not nullptr
CPP Msg not nullptr
CPP Msg not nullptr
CPP Msg not nullptr
CPP Msg not nullptr
CPP Msg not nullptr
C Msg not NULL
C Msg not NULL
CPP Srv not nullptr
CPP Srv not nullptr
CPP Srv not nullptr
CPP Srv not nullptr
CPP Srv not nullptr
CPP Srv not nullptr
CPP Msg not nullptr
CPP Msg not nullptr
CPP Msg not nullptr
CPP Msg not nullptr
CPP Msg not nullptr
CPP Msg not nullptr
CPP Msg not nullptr
CPP Msg not nullptr
C Msg not NULL
C Msg not NULL
CPP Srv not nullptr
CPP Srv not nullptr
CPP Srv not nullptr
CPP Srv not nullptr
CPP Srv not nullptr
CPP Srv not nullptr
CPP Msg not nullptr
CPP Msg not nullptr
CPP Msg not nullptr
CPP Msg not nullptr
CPP Msg not nullptr
CPP Msg not nullptr
CPP Msg not nullptr
CPP Msg not nullptr
C Msg not NULL
C Msg not NULL
CPP Srv not nullptr
CPP Srv not nullptr
CPP Srv not nullptr
CPP Srv not nullptr
CPP Srv not nullptr
CPP Srv not nullptr
CPP Msg not nullptr
CPP Msg not nullptr
CPP Msg not nullptr
CPP Msg not nullptr
CPP Msg not nullptr
CPP Msg not nullptr
CPP Msg not nullptr
CPP Msg not nullptr
C Msg not NULL
C Msg not NULL
CPP Srv not nullptr
CPP Srv not nullptr
CPP Srv not nullptr
CPP Srv not nullptr
CPP Srv not nullptr
CPP Srv not nullptr
CPP Msg not nullptr
CPP Msg not nullptr
CPP Msg not nullptr
CPP Msg not nullptr
CPP Msg not nullptr
CPP Msg not nullptr
CPP Msg not nullptr
CPP Msg not nullptr
C Msg not NULL
C Msg not NULL
CPP Srv not nullptr
CPP Srv not nullptr
CPP Srv not nullptr
CPP Srv not nullptr
CPP Srv not nullptr
CPP Srv not nullptr
CPP Msg not nullptr
CPP Msg not nullptr
CPP Msg not nullptr
CPP Msg not nullptr
CPP Msg not nullptr
CPP Msg not nullptr
CPP Msg not nullptr
CPP Msg not nullptr
C Msg not NULL
C Msg not NULL
CPP Srv not nullptr
CPP Srv not nullptr
CPP Srv not nullptr
CPP Srv not nullptr
CPP Srv not nullptr
CPP Srv not nullptr
CPP Msg not nullptr
CPP Msg not nullptr
CPP Msg not nullptr
CPP Msg not nullptr
CPP Msg not nullptr
CPP Msg not nullptr
CPP Msg not nullptr
CPP Msg not nullptr
C Msg not NULL
C Msg not NULL
CPP Srv not nullptr
CPP Srv not nullptr
CPP Srv not nullptr
CPP Srv not nullptr
CPP Srv not nullptr
CPP Srv not nullptr
CPP Msg not nullptr
CPP Msg not nullptr
CPP Msg not nullptr
CPP Msg not nullptr
CPP Msg not nullptr
CPP Msg not nullptr
CPP Msg not nullptr
CPP Msg not nullptr
C Msg not NULL
C Msg not NULL
CPP Srv not nullptr
CPP Srv not nullptr
CPP Srv not nullptr
CPP Srv not nullptr
CPP Srv not nullptr
CPP Srv not nullptr
CPP Msg not nullptr
CPP Msg not nullptr
CPP Msg not nullptr
CPP Msg not nullptr
CPP Msg not nullptr
CPP Msg not nullptr
CPP Msg not nullptr
CPP Msg not nullptr
C Msg not NULL
C Msg not NULL
CPP Srv not nullptr
CPP Srv not nullptr
CPP Srv not nullptr
CPP Srv not nullptr
CPP Srv not nullptr
CPP Srv not nullptr
CPP Msg not nullptr
CPP Msg not nullptr
CPP Msg not nullptr
CPP Msg not nullptr
CPP Msg not nullptr
CPP Msg not nullptr
CPP Msg not nullptr
CPP Msg not nullptr
C Msg not NULL
C Msg not NULL
CPP Srv not nullptr
CPP Srv not nullptr
CPP Srv not nullptr
CPP Srv not nullptr
CPP Srv not nullptr
CPP Srv not nullptr
CPP Msg not nullptr
CPP Msg not nullptr
CPP Msg not nullptr
CPP Msg not nullptr
CPP Msg not nullptr
CPP Msg not nullptr
[E3OURS-CSV] 15,0,5980230,2842180,0,0,0,0,4136030,0
[E3OURS-CSV] 15,1,13317180,8426860,0,0,0,0,4725810,0
[E3OURS-CSV] 15,2,14357500,8444060,0,0,0,0,5744370,0
[E3OURS-CSV] 15,3,15961500,10160580,0,0,0,0,5450570,0
[E3OURS-CSV] 15,4,14594120,9299300,0,0,0,0,5129980,0
[E3OURS-CSV] 15,5,15150170,7696730,0,0,0,0,7291190,0
[E3OURS-CSV] 15,6,14447660,9003500,0,0,0,0,5267030,0
[E3OURS-CSV] 15,7,14726430,9498820,0,0,0,0,5071840,0
[E3OURS-CSV] 15,8,17714340,10041630,0,0,0,0,7480620,0
[E3OURS-CSV] 15,9,14269030,8543920,0,0,0,0,5552890,0
[E3OURS-CSV] 15,10,13664730,8033220,0,0,0,0,5322420,0
[E3OURS-CSV] 15,11,13581490,8173200,0,0,0,0,5233520,0
[E3OURS-CSV] 15,12,10821680,6815670,0,0,0,0,3868600,0
[E3OURS-CSV] 15,13,14560110,9661160,0,0,0,0,4742250,0
[E3OURS-CSV] 15,14,14414800,8577730,0,0,0,0,5661590,0
[E3OURS-CSV] 15,15,13190230,8636870,0,0,0,0,4192550,0
[E3OURS-CSV] 15,16,14274080,9125280,0,0,0,0,4993860,0
[E3OURS-CSV] 15,17,10184710,6140450,0,0,0,0,3902270,0
[E3OURS-CSV] 15,18,14732920,8368200,0,0,0,0,6185000,0
[E3OURS-CSV] 15,19,9890580,6345850,0,0,0,0,3405820,0
[E3OURS-CSV] 15,20,9825590,6261600,0,0,0,0,3421570,0
[E3OURS-CSV] 15,21,14487660,8388740,0,0,0,0,5926810,0
[E3OURS-CSV] 15,22,14731430,8750010,0,0,0,0,5807900,0
[E3OURS-CSV] 15,23,14451240,8495020,0,0,0,0,5586440,0
[E3OURS-CSV] 15,24,11371480,7421550,0,0,0,0,3788670,0
[E3OURS-CSV] 15,25,16869530,10642340,0,0,0,0,5993810,0
[E3OURS-CSV] 15,26,10288390,6353050,0,0,0,0,3785150,0
[E3OURS-CSV] 15,27,14497960,8757760,0,0,0,0,5563720,0
[E3OURS-CSV] 15,28,14034470,8512700,0,0,0,0,5354190,0
[E3OURS-CSV] 15,29,16950690,9949970,0,0,0,0,6807460,0
[E3OURS-CSV] 15,30,14141870,9073160,0,0,0,0,4911150,0
[E3OURS-CSV] 15,31,14563920,9272610,0,0,0,0,4940380,0
[E3OURS-CSV] 15,32,14772910,8596760,0,0,0,0,6001210,0
[E3OURS-CSV] 15,33,15266790,8448120,0,0,0,0,6643030,0
[E3OURS-CSV] 15,34,14624870,8843600,0,0,0,0,5609950,0
[E3OURS-CSV] 15,35,14985790,8997590,0,0,0,0,5640430,0
[E3OURS-CSV] 15,36,14613590,8279690,0,0,0,0,6002240,0
[E3OURS-CSV] 15,37,14576270,8988260,0,0,0,0,5254540,0
[E3OURS-CSV] 15,38,11290990,7287370,0,0,0,0,3859240,0
[E3OURS-CSV] 15,39,12592710,7723680,0,0,0,0,4576690,0
[E3OURS-CSV] 15,40,9294620,5916950,0,0,0,0,3240730,0
[E3OURS-CSV] 15,41,15150230,9928220,0,0,0,0,5054810,0
[E3OURS-CSV] 15,42,14569300,9001260,0,0,0,0,5404840,0
[E3OURS-CSV] 15,43,14443510,8706850,0,0,0,0,5392530,0
[E3OURS-CSV] 15,44,14849490,8452270,0,0,0,0,6059990,0
[E3OURS-CSV] 15,45,14537060,8768180,0,0,0,0,5602980,0
[E3OURS-CSV] 15,46,14802750,9675740,0,0,0,0,4955050,0
[E3OURS-CSV] 15,47,14763920,8249740,0,0,0,0,6345620,0
[E3OURS-CSV] 15,48,14611650,8395710,0,0,0,0,6045040,0
[E3OURS-CSV] 15,49,16897960,10547140,0,0,0,0,6157920,0
[E3OURS-CSV] 15,50,11505140,6576790,0,0,0,0,4770670,0
[E3OURS-CSV] 15,51,14659240,8534720,0,0,0,0,5959620,0
[E3OURS-CSV] 15,52,14878770,9253360,0,0,0,0,5342550,0
[E3OURS-CSV] 15,53,17601350,10153480,0,0,0,0,7257610,0
[E3OURS-CSV] 15,54,13466080,7598490,0,0,0,0,5724320,0
[E3OURS-CSV] 15,55,14094010,8476130,0,0,0,0,5453940,0
[E3OURS-CSV] 15,56,17484300,10591550,0,0,0,0,6708500,0
[E3OURS-CSV] 15,57,12644440,8236050,0,0,0,0,4254330,0
[E3OURS-CSV] 15,58,16581590,9949130,0,0,0,0,6453410,0
[E3OURS-CSV] 15,59,16167240,10551650,0,0,0,0,5440150,0
[E3OURS-CSV] 15,60,13914290,8390310,0,0,0,0,5359310,0
[E3OURS-CSV] 15,61,13723970,8257620,0,0,0,0,5117990,0
[E3OURS-CSV] 15,62,13855950,8426030,0,0,0,0,5265000,0
[E3OURS-CSV] 15,63,15590880,10053580,0,0,0,0,5131130,0
[E3OURS-CSV] 15,64,16882050,10482260,0,0,0,0,6058950,0
[E3OURS-CSV] 15,65,13040820,7864410,0,0,0,0,5013480,0
[E3OURS-CSV] 15,66,14609260,9112670,0,0,0,0,5323770,0
[E3OURS-CSV] 15,67,15078250,10185770,0,0,0,0,4681670,0
[E3OURS-CSV] 15,68,14450430,9263580,0,0,0,0,5016800,0
[E3OURS-CSV] 15,69,8465610,5351720,0,0,0,0,2757720,0
[E3OURS-CSV] 15,70,13429850,8302550,0,0,0,0,4957900,0
[E3OURS-CSV] 15,71,4372190,2715470,0,0,0,0,1586480,0
[E3OURS-CSV] 15,72,4260030,2672120,0,0,0,0,1523890,0
[E3OURS-CSV] 15,73,4208210,2679150,0,0,0,0,1465680,0
[E3OURS-CSV] 15,74,9152440,5641690,0,0,0,0,3396380,0
[E3OURS-CSV] 15,75,8464530,5279630,0,0,0,0,3062600,0
[E3OURS-CSV] 15,76,14318920,8511190,0,0,0,0,5641360,0
[E3OURS-CSV] 15,77,14213880,8226810,0,0,0,0,5819840,0
[E3OURS-CSV] 15,78,14227960,8470220,0,0,0,0,5448300,0
[E3OURS-CSV] 15,79,6795650,4379910,0,0,0,0,2301620,0
[E3OURS-CSV] 15,80,7890130,5178690,0,0,0,0,2584730,0
[E3OURS-CSV] 15,81,14163110,8352140,0,0,0,0,5635960,0
[E3OURS-CSV] 15,82,14285870,8858080,0,0,0,0,5261430,0
[E3OURS-CSV] 15,83,14180630,9212920,0,0,0,0,4813510,0
[E3OURS-CSV] 15,84,14623850,9030470,0,0,0,0,5411490,0
[E3OURS-CSV] 15,85,14627670,9121690,0,0,0,0,5338170,0
[E3OURS-CSV] 15,86,7719370,4920160,0,0,0,0,2492690,0
[E3OURS-CSV] 15,87,14155880,8812630,0,0,0,0,5181180,0
[E3OURS-CSV] 15,88,14173900,8957570,0,0,0,0,5056650,0
[E3OURS-CSV] 15,89,14461850,7943390,0,0,0,0,6327200,0
[E3OURS-CSV] 15,90,8671150,5423810,0,0,0,0,3107600,0
[E3OURS-CSV] 15,91,13591680,8405860,0,0,0,0,5025370,0
[E3OURS-CSV] 15,92,14193550,8256520,0,0,0,0,5775050,0
[E3OURS-CSV] 15,93,14578210,8863900,0,0,0,0,5534650,0
[E3OURS-CSV] 15,94,15653480,9330440,0,0,0,0,6128600,0
[E3OURS-CSV] 15,95,15989030,9591620,0,0,0,0,5986460,0
[E3OURS-CSV] 15,96,13437600,8587710,0,0,0,0,4538410,0
[E3OURS-CSV] 15,97,14193340,9214300,0,0,0,0,4665780,0
[E3OURS-CSV] 15,98,14146040,8891250,0,0,0,0,5091870,0
[E3OURS-CSV] 15,99,16864090,11052500,0,0,0,0,5585660,0
[E3OURS-CSV] 15,100,13549630,8467430,0,0,0,0,4761700,0
[E3OURS-CSV] 15,101,14192380,9204190,0,0,0,0,4826210,0
[E3OURS-CSV] 15,102,16736770,10257560,0,0,0,0,6303710,0
[E3OURS-CSV] 15,103,14138900,9131670,0,0,0,0,4665840,0
[E3OURS-CSV] 15,104,15390030,8627590,0,0,0,0,6584860,0
[E3OURS-CSV] 15,105,16862540,10388560,0,0,0,0,6292740,0
[E3OURS-CSV] 15,106,14595940,9544290,0,0,0,0,4895570,0
[E3OURS-CSV] 15,107,14468520,9425750,0,0,0,0,4870260,0
[E3OURS-CSV] 15,108,16479100,9694150,0,0,0,0,6464360,0
[E3OURS-CSV] 15,109,19187310,12548120,0,0,0,0,6398410,0
[E3OURS-CSV] 15,110,13978080,9139740,0,0,0,0,4666660,0
[E3OURS-CSV] 15,111,9178950,5389340,0,0,0,0,3665480,0
[E3OURS-CSV] 15,112,17544710,10974010,0,0,0,0,6380420,0
[E3OURS-CSV] 15,113,14068820,9135470,0,0,0,0,4779660,0
[E3OURS-CSV] 15,114,15721780,9502440,0,0,0,0,6030240,0
[E3OURS-CSV] 15,115,17045410,9890470,0,0,0,0,6965780,0
[E3OURS-CSV] 15,116,14490190,8770850,0,0,0,0,5552070,0
[E3OURS-CSV] 15,117,15089750,9322070,0,0,0,0,5234920,0
[E3OURS-CSV] 15,118,14494680,9394410,0,0,0,0,4763470,0
[E3OURS-CSV] 15,119,16922890,10610900,0,0,0,0,6134570,0
[E3OURS-CSV] 15,120,14790920,8910400,0,0,0,0,5718630,0
[E3OURS-CSV] 15,121,14088300,8576800,0,0,0,0,5347540,0
[E3OURS-CSV] 15,122,13633540,8446350,0,0,0,0,4840190,0
[E3OURS-CSV] 15,123,14129390,9087540,0,0,0,0,4876560,0
[E3OURS-CSV] 15,124,13297500,8935050,0,0,0,0,4212090,0
[E3OURS-CSV] 15,125,13377820,7985030,0,0,0,0,5226450,0
[E3OURS-CSV] 15,126,14082220,8803760,0,0,0,0,4952540,0
[E3OURS-CSV] 15,127,14594160,8993770,0,0,0,0,5088410,0
[E3OURS-CSV] 15,128,17514500,10603670,0,0,0,0,6553510,0
[E3OURS-CSV] 15,129,12341650,7681070,0,0,0,0,4512660,0
[E3OURS-CSV] 15,130,15663310,9574060,0,0,0,0,5909690,0
[E3OURS-CSV] 15,131,14382080,8735140,0,0,0,0,5480890,0
[E3OURS-CSV] 15,132,15054180,8571970,0,0,0,0,6209960,0
[E3OURS-CSV] 15,133,14455800,8798290,0,0,0,0,5332970,0
[E3OURS-CSV] 15,134,3615510,2351510,0,0,0,0,1180300,0
[E3OURS-CSV] 15,135,14884430,9348430,0,0,0,0,5362740,0
[E3OURS-CSV] 15,136,14480840,8967510,0,0,0,0,5352020,0
[E3OURS-CSV] 15,137,14539600,9656930,0,0,0,0,4717410,0
[E3OURS-CSV] 15,138,13921800,8331430,0,0,0,0,5250290,0
[E3OURS-CSV] 15,139,14471560,8560780,0,0,0,0,5740540,0
[E3OURS-CSV] 15,140,14452190,8251740,0,0,0,0,6028230,0
[E3OURS-CSV] 15,141,14446070,8572030,0,0,0,0,5712720,0
[E3OURS-CSV] 15,142,14268780,9362440,0,0,0,0,4749820,0
[E3OURS-CSV] 15,143,14218720,8721980,0,0,0,0,5334750,0
[E3OURS-CSV] 15,144,14757440,8523620,0,0,0,0,6066570,0
[E3OURS-CSV] 15,145,3607070,2421730,0,0,0,0,1100980,0
[E3OURS-CSV] 15,146,14618270,9282300,0,0,0,0,5166120,0
[E3OURS-CSV] 15,147,15311770,9823300,0,0,0,0,5308410,0
[E3OURS-CSV] 15,148,14304500,9591000,0,0,0,0,4542940,0
[E3OURS-CSV] 15,149,14452210,8548060,0,0,0,0,5559400,0
[E3OURS-CSV] 15,150,14593630,8905030,0,0,0,0,5390260,0
[E3OURS-CSV] 15,151,14539130,8464830,0,0,0,0,5911230,0
[E3OURS-CSV] 15,152,14172200,9203440,0,0,0,0,4811800,0
[E3OURS-CSV] 15,153,14205950,8559180,0,0,0,0,5303830,0
[E3OURS-CSV] 15,154,15467460,10174680,0,0,0,0,5098640,0
[E3OURS-CSV] 15,155,14714380,8386320,0,0,0,0,6156210,0
[E3OURS-CSV] 15,156,14263550,9322540,0,0,0,0,4782700,0
[E3OURS-CSV] 15,157,14549590,9004520,0,0,0,0,5204520,0
[E3OURS-CSV] 15,158,14580580,8859910,0,0,0,0,5559590,0
[E3OURS-CSV] 15,159,14969270,8877500,0,0,0,0,5922810,0
[E3OURS-CSV] 15,160,15196800,9852490,0,0,0,0,5183050,0
[E3OURS-CSV] 15,161,14425700,8695570,0,0,0,0,5381790,0
[E3OURS-CSV] 15,162,14668470,8996340,0,0,0,0,5374840,0
[E3OURS-CSV] 15,163,14401450,8465420,0,0,0,0,5765130,0
[E3OURS-CSV] 15,164,17796780,11347610,0,0,0,0,6022620,0
[E3OURS-CSV] 15,165,15454810,9259410,0,0,0,0,6024100,0
[E3OURS-CSV] 15,166,14584700,8605080,0,0,0,0,5807340,0
[E3OURS-CSV] 15,167,14180770,9288830,0,0,0,0,4720930,0
[E3OURS-CSV] 15,168,13778890,9098650,0,0,0,0,4503390,0
[E3OURS-CSV] 15,169,16812380,10477620,0,0,0,0,6150760,0
[E3OURS-CSV] 15,170,14198880,9151220,0,0,0,0,4882210,0
[E3OURS-CSV] 15,171,14351090,8609240,0,0,0,0,5576140,0
[E3OURS-CSV] 15,172,14450080,8945140,0,0,0,0,5334780,0
[E3OURS-CSV] 15,173,14449890,8755450,0,0,0,0,5372930,0
[E3OURS-CSV] 15,174,14443520,8549590,0,0,0,0,5724730,0
[E3OURS-CSV] 15,175,14533470,8822570,0,0,0,0,5544020,0
[E3OURS-CSV] 15,176,14397230,8921330,0,0,0,0,5314280,0
[E3OURS-CSV] 15,177,14231140,9515240,0,0,0,0,4556810,0
[E3OURS-CSV] 15,178,14497180,8639350,0,0,0,0,5689820,0
[E3OURS-CSV] 15,179,14752850,8674020,0,0,0,0,5909090,0
[E3OURS-CSV] 15,180,14429310,8012420,0,0,0,0,5852980,0
[E3OURS-CSV] 15,181,14473710,8378790,0,0,0,0,5926650,0
[E3OURS-CSV] 15,182,14224730,9192950,0,0,0,0,4706520,0
[E3OURS-CSV] 15,183,14028240,8724300,0,0,0,0,4965780,0
[E3OURS-CSV] 15,184,14746860,8276210,0,0,0,0,6117420,0
[E3OURS-CSV] 15,185,15469900,9680890,0,0,0,0,5406710,0
[E3OURS-CSV] 15,186,14500750,8420820,0,0,0,0,5910780,0
[E3OURS-CSV] 15,187,15021900,9272850,0,0,0,0,5395970,0
[E3OURS-CSV] 15,188,17297580,11327600,0,0,0,0,5785780,0
[E3OURS-CSV] 15,189,16146670,9789380,0,0,0,0,6189770,0
[E3OURS-CSV] 15,190,14405550,9409310,0,0,0,0,4659480,0
[E3OURS-CSV] 15,191,14506290,8788600,0,0,0,0,5554230,0
[E3OURS-CSV] 15,192,14389260,8727550,0,0,0,0,5485350,0
[E3OURS-CSV] 15,193,14706720,9616370,0,0,0,0,4922370,0
[E3OURS-CSV] 15,194,14945050,8299950,0,0,0,0,6483070,0
[E3OURS-CSV] 15,195,14412110,8543970,0,0,0,0,5525290,0
[E3OURS-CSV] 15,196,14604700,8745560,0,0,0,0,5692190,0
[E3OURS-CSV] 15,197,15600790,9239590,0,0,0,0,6177870,0
[E3OURS-CSV] 15,198,14091260,8542400,0,0,0,0,5379450,0
[E3OURS-CSV] 15,199,7655810,4861200,0,0,0,0,2673330,0
[E3OURS-CSV] 15,200,14713250,9306880,0,0,0,0,5163380,0
[E3OURS-CSV] 15,201,19959300,12654350,0,0,0,0,7041500,0
[E3OURS-CSV] 15,202,14478060,8850600,0,0,0,0,5466730,0
[E3OURS-CSV] 15,203,16703870,9776830,0,0,0,0,6735920,0
[E3OURS-CSV] 15,204,14325730,8793380,0,0,0,0,5364400,0
[E3OURS-CSV] 15,205,14483980,8533520,0,0,0,0,5775770,0
[E3OURS-CSV] 15,206,14314550,8962950,0,0,0,0,5005400,0
[E3OURS-CSV] 15,207,14472000,9449330,0,0,0,0,4869020,0
[E3OURS-CSV] 15,208,11115050,7345330,0,0,0,0,3624360,0
[E3OURS-CSV] 15,209,7274620,4497180,0,0,0,0,2677350,0
[E3OURS-CSV] 15,210,14450110,9472430,0,0,0,0,4816170,0
[E3OURS-CSV] 15,211,13792910,8715240,0,0,0,0,4766720,0
[E3OURS-CSV] 15,212,13016090,8250600,0,0,0,0,4605630,0
[E3OURS-CSV] 15,213,14548100,8943040,0,0,0,0,5429490,0
[E3OURS-CSV] 15,214,12925300,7979450,0,0,0,0,4633970,0
[E3OURS-CSV] 15,215,14501900,8975550,0,0,0,0,5361000,0
[E3OURS-CSV] 15,216,14990540,9209040,0,0,0,0,5617800,0
[E3OURS-CSV] 15,217,15407620,9510130,0,0,0,0,5722500,0
[E3OURS-CSV] 15,218,14494170,9304020,0,0,0,0,4856690,0
[E3OURS-CSV] 15,219,15358370,8558370,0,0,0,0,6626450,0
[E3OURS-CSV] 15,220,13695300,8442110,0,0,0,0,5095670,0
[E3OURS-CSV] 15,221,15416020,9173470,0,0,0,0,6071050,0
[E3OURS-CSV] 15,222,13896960,8281400,0,0,0,0,5443290,0
[E3OURS-CSV] 15,223,14012380,8934650,0,0,0,0,4898770,0
[E3OURS-CSV] 15,224,13748210,9208510,0,0,0,0,4374250,0
[E3OURS-CSV] 15,225,14176970,9146390,0,0,0,0,4872410,0
[E3OURS-CSV] 15,226,15830030,10073760,0,0,0,0,5536930,0
[E3OURS-CSV] 15,227,14364150,8419280,0,0,0,0,5783990,0
[E3OURS-CSV] 15,228,14478880,8633680,0,0,0,0,5675780,0
[E3OURS-CSV] 15,229,6556640,4238090,0,0,0,0,2219480,0
[E3OURS-CSV] 15,230,14566520,8578930,0,0,0,0,5808460,0
[E3OURS-CSV] 15,231,14374730,8702430,0,0,0,0,5504540,0
[E3OURS-CSV] 15,232,14349900,8442220,0,0,0,0,5729850,0
[E3OURS-CSV] 15,233,14497600,8896050,0,0,0,0,5441130,0
[E3OURS-CSV] 15,234,2677150,1713090,0,0,0,0,921550,0
[E3OURS-CSV] 15,235,14580230,8529670,0,0,0,0,5877090,0
[E3OURS-CSV] 15,236,14921310,9153850,0,0,0,0,5591750,0
[E3OURS-CSV] 15,237,13567790,8214770,0,0,0,0,5040490,0
[E3OURS-CSV] 15,238,7857690,4767340,0,0,0,0,3001050,0
[E3OURS-CSV] 15,239,14189110,8645290,0,0,0,0,5367220,0
[E3OURS-CSV] 15,240,14457580,8545090,0,0,0,0,5740860,0
[E3OURS-CSV] 15,241,14398310,9210770,0,0,0,0,5028340,0
[E3OURS-CSV] 15,242,14482870,9040110,0,0,0,0,5260320,0
[E3OURS-CSV] 15,243,15569320,9470310,0,0,0,0,5927110,0
[E3OURS-CSV] 15,244,15610310,8613470,0,0,0,0,6837240,0
[E3OURS-CSV] 15,245,13701350,8309310,0,0,0,0,5232600,0
[E3OURS-CSV] 15,246,5278690,3131970,0,0,0,0,2048180,0
[E3OURS-CSV] 15,247,15875420,9627430,0,0,0,0,6081420,0
[E3OURS-CSV] 15,248,3813320,2363150,0,0,0,0,1391400,0
[E3OURS-CSV] 15,249,10033550,6481160,0,0,0,0,3378530,0
[E3OURS-CSV] 15,250,18832670,11705500,0,0,0,0,6926310,0
[E3OURS-CSV] 15,251,16364560,10593400,0,0,0,0,5525860,0
[E3OURS-CSV] 15,252,10181290,6709540,0,0,0,0,3122220,0
[E3OURS-CSV] 15,253,14270250,9176710,0,0,0,0,4922320,0
[E3OURS-CSV] 15,254,9575330,6111390,0,0,0,0,3333830,0
[E3OURS-CSV] 15,255,13880820,9031960,0,0,0,0,4651530,0
[E3OURS-CSV] 15,256,5108190,3210200,0,0,0,0,1828580,0
[E3OURS-CSV] 15,257,9295120,6195690,0,0,0,0,2960850,0
[E3OURS-CSV] 15,258,8717930,5502460,0,0,0,0,3016510,0
[E3OURS-CSV] 15,259,18738610,12167850,0,0,0,0,6305920,0
[E3OURS-CSV] 15,260,14007490,9021530,0,0,0,0,4813060,0
[E3OURS-CSV] 15,261,11166740,7083280,0,0,0,0,3820460,0
[E3OURS-CSV] 15,262,13816350,8491110,0,0,0,0,5158010,0
[E3OURS-CSV] 15,263,13820360,8525760,0,0,0,0,5135470,0
[E3OURS-CSV] 15,264,14791720,9451540,0,0,0,0,5112750,0
[E3OURS-CSV] 15,265,8731120,5689900,0,0,0,0,2871570,0
[E3OURS-CSV] 15,266,17222750,10251810,0,0,0,0,6731540,0
[E3OURS-CSV] 15,267,13716450,8349290,0,0,0,0,5205380,0
[E3OURS-CSV] 15,268,14715280,9162690,0,0,0,0,5199130,0
[E3OURS-CSV] 15,269,14319020,8572650,0,0,0,0,5404380,0
[E3OURS-CSV] 15,270,14437250,8739760,0,0,0,0,5524160,0
[E3OURS-CSV] 15,271,12981340,8203160,0,0,0,0,4627010,0
[E3OURS-CSV] 15,272,7643640,5011450,0,0,0,0,2496650,0
[E3OURS-CSV] 15,273,16999350,10515850,0,0,0,0,6279900,0
[E3OURS-CSV] 15,274,14227240,8984640,0,0,0,0,5081450,0
[E3OURS-CSV] 15,275,14231500,8623000,0,0,0,0,5436100,0
[E3OURS-CSV] 15,276,11020710,6642240,0,0,0,0,4253170,0
[E3OURS-CSV] 15,277,8137990,5293500,0,0,0,0,2717990,0
[E3OURS-CSV] 15,278,15373770,9916240,0,0,0,0,5270580,0
[E3OURS-CSV] 15,279,14670480,8918880,0,0,0,0,5586090,0
[E3OURS-CSV] 15,280,14352170,8863350,0,0,0,0,5326080,0
[E3OURS-CSV] 15,281,13488490,8691500,0,0,0,0,4620910,0
[E3OURS-CSV] 15,282,16708500,9877740,0,0,0,0,6651860,0
[E3OURS-CSV] 15,283,14412220,8545310,0,0,0,0,5523590,0
[E3OURS-CSV] 15,284,14062910,8936850,0,0,0,0,4969430,0
[E3OURS-CSV] 15,285,14000910,9227360,0,0,0,0,4606730,0
[E3OURS-CSV] 15,286,14929500,8902400,0,0,0,0,5851330,0
[E3OURS-CSV] 15,287,14555780,8933070,0,0,0,0,5438390,0
[E3OURS-CSV] 15,288,8530230,5381830,0,0,0,0,2780680,0
[E3OURS-CSV] 15,289,7702840,4786120,0,0,0,0,2647340,0
[E3OURS-CSV] 15,290,13861990,8397810,0,0,0,0,5297630,0
[E3OURS-CSV] 15,291,10804290,7363610,0,0,0,0,3263360,0
[E3OURS-CSV] 15,292,17851120,11551000,0,0,0,0,6059580,0
[E3OURS-CSV] 15,293,15694200,10304010,0,0,0,0,5092210,0
[E3OURS-CSV] 15,294,14165550,9130390,0,0,0,0,4860980,0
[E3OURS-CSV] 15,295,14837930,8388000,0,0,0,0,6107210,0
[E3OURS-CSV] 15,296,11665650,7157320,0,0,0,0,4386270,0
[E3OURS-CSV] 15,297,14089180,9031540,0,0,0,0,4884520,0
[E3OURS-CSV] 15,298,14127540,9282280,0,0,0,0,4673900,0
[E3OURS-CSV] 15,299,14173900,8445100,0,0,0,0,5544960,0
[E3OURS-CSV] 15,300,14222850,8640930,0,0,0,0,5053740,0
[E3OURS-CSV] 15,301,6270830,3925450,0,0,0,0,2256820,0
[E3OURS-CSV] 15,302,8504940,5134150,0,0,0,0,3137310,0
[E3OURS-CSV] 15,303,13540680,8029640,0,0,0,0,5346520,0
[E3OURS-CSV] 15,304,14076520,8738510,0,0,0,0,4969530,0
[E3OURS-CSV] 15,305,16211210,10115320,0,0,0,0,5778890,0
[E3OURS-CSV] 15,306,5835630,3783570,0,0,0,0,1967910,0
[E3OURS-CSV] 15,307,12076090,7767430,0,0,0,0,4123500,0
[E3OURS-CSV] 15,308,11146940,6863160,0,0,0,0,4127650,0
[E3OURS-CSV] 15,309,15782770,9174090,0,0,0,0,6247470,0
[E3OURS-CSV] 15,310,13918660,8871780,0,0,0,0,4887490,0
[E3OURS-CSV] 15,311,9118510,5390220,0,0,0,0,3610600,0
[E3OURS-CSV] 15,312,12467910,7147890,0,0,0,0,5154880,0
[E3OURS-CSV] 15,313,14459320,9286110,0,0,0,0,4667380,0
[E3OURS-CSV] 15,314,11990540,7513970,0,0,0,0,4154290,0
[E3OURS-CSV] 15,315,8663500,5647600,0,0,0,0,2867790,0
[E3OURS-CSV] 15,316,12405820,7289000,0,0,0,0,4952740,0
[E3OURS-CSV] 15,317,14457790,8452940,0,0,0,0,5809160,0
[E3OURS-CSV] 15,318,13889960,8481580,0,0,0,0,5237140,0
[E3OURS-CSV] 15,319,17163410,10423390,0,0,0,0,6496410,0
[E3OURS-CSV] 15,320,14250500,8498350,0,0,0,0,5583570,0
[E3OURS-CSV] 15,321,13052100,7824220,0,0,0,0,5071040,0
[E3OURS-CSV] 15,322,16486990,9562100,0,0,0,0,6741670,0
[E3OURS-CSV] 15,323,14967220,9964070,0,0,0,0,4832620,0
[E3OURS-CSV] 15,324,13657480,8731580,0,0,0,0,4768780,0
[E3OURS-CSV] 15,325,11866390,7318310,0,0,0,0,4393510,0
[E3OURS-CSV] 15,326,3047860,2031330,0,0,0,0,962090,0
[E3OURS-CSV] 15,327,7642400,4844550,0,0,0,0,2671860,0
[E3OURS-CSV] 15,328,7998930,5152250,0,0,0,0,2707570,0
[E3OURS-CSV] 15,329,15199910,9977410,0,0,0,0,5030290,0
[E3OURS-CSV] 15,330,8451980,5263670,0,0,0,0,3067170,0
[E3OURS-CSV] 15,331,8382090,5257120,0,0,0,0,3030250,0
[E3OURS-CSV] 15,332,13742410,8074920,0,0,0,0,5500630,0
[E3OURS-CSV] 15,333,14377040,8820140,0,0,0,0,5377950,0
[E3OURS-CSV] 15,334,14425420,8596840,0,0,0,0,5653870,0
[E3OURS-CSV] 15,335,18011510,11462160,0,0,0,0,6361990,0
[E3OURS-CSV] 15,336,11348180,6742720,0,0,0,0,4482990,0
[E3OURS-CSV] 15,337,14592820,8549770,0,0,0,0,5853110,0
[E3OURS-CSV] 15,338,14425500,8405230,0,0,0,0,5849570,0
[E3OURS-CSV] 15,339,14121280,8979990,0,0,0,0,4629430,0
[E3OURS-CSV] 15,340,14528350,9397200,0,0,0,0,4969820,0
[E3OURS-CSV] 15,341,7860260,4811770,0,0,0,0,2949120,0
[E3OURS-CSV] 15,342,14973570,8720040,0,0,0,0,6079110,0
[E3OURS-CSV] 15,343,16513220,9808400,0,0,0,0,6339670,0
[E3OURS-CSV] 15,344,14960550,9970000,0,0,0,0,4829170,0
[E3OURS-CSV] 15,345,8671080,5548730,0,0,0,0,3002500,0
[E3OURS-CSV] 15,346,9511610,5788910,0,0,0,0,3559960,0
[E3OURS-CSV] 15,347,8364930,5731640,0,0,0,0,2496690,0
[E3OURS-CSV] 15,348,14459790,8623380,0,0,0,0,5648700,0
[E3OURS-CSV] 15,349,14467100,8570130,0,0,0,0,5559190,0
[E3OURS-CSV] 15,350,14673110,9075400,0,0,0,0,5197410,0
[E3OURS-CSV] 15,351,8984210,5266880,0,0,0,0,3591600,0
[E3OURS-CSV] 15,352,14620110,8763080,0,0,0,0,5688730,0
[E3OURS-CSV] 15,353,14378090,7917010,0,0,0,0,6293290,0
[E3OURS-CSV] 15,354,14500260,8429650,0,0,0,0,5892000,0
[E3OURS-CSV] 15,355,14264200,8705910,0,0,0,0,5392780,0
[E3OURS-CSV] 15,356,12902240,8241210,0,0,0,0,4513860,0
[E3OURS-CSV] 15,357,14402750,9052870,0,0,0,0,5160450,0
[E3OURS-CSV] 15,358,13989110,8318730,0,0,0,0,5502950,0
[E3OURS-CSV] 15,359,14421270,8573510,0,0,0,0,5667720,0
[E3OURS-CSV] 15,360,14561760,8632250,0,0,0,0,5763400,0
[E3OURS-CSV] 15,361,2645240,1700490,0,0,0,0,904710,0
[E3OURS-CSV] 15,362,11911590,7306980,0,0,0,0,4271050,0
[E3OURS-CSV] 15,363,12276960,7557270,0,0,0,0,4409250,0
[E3OURS-CSV] 15,364,14407960,8654210,0,0,0,0,5588950,0
[E3OURS-CSV] 15,365,14169110,8315060,0,0,0,0,5684770,0
[E3OURS-CSV] 15,366,6326380,3983410,0,0,0,0,2237060,0
[E3OURS-CSV] 15,367,13991280,8214440,0,0,0,0,5596670,0
[E3OURS-CSV] 15,368,14704880,8550650,0,0,0,0,5983800,0
[E3OURS-CSV] 15,369,14212810,8101230,0,0,0,0,5937690,0
[E3OURS-CSV] 15,370,14074610,8929510,0,0,0,0,4986090,0
[E3OURS-CSV] 15,371,4056260,2601060,0,0,0,0,1389760,0
[E3OURS-CSV] 15,372,11598110,7318590,0,0,0,0,4111340,0
[E3OURS-CSV] 15,373,14418310,8715030,0,0,0,0,5380560,0
[E3OURS-CSV] 15,374,13584730,8695860,0,0,0,0,4560060,0
[E3OURS-CSV] 15,375,14687800,9148380,0,0,0,0,5374100,0
[E3OURS-CSV] 15,376,2886470,1740670,0,0,0,0,1101360,0
[E3OURS-CSV] 15,377,13149670,8415590,0,0,0,0,4569710,0
[E3OURS-CSV] 15,378,14405810,8259160,0,0,0,0,5966090,0
[E3OURS-CSV] 15,379,7933510,5428150,0,0,0,0,2390560,0
[E3OURS-CSV] 15,380,14927060,9655580,0,0,0,0,5100340,0
[E3OURS-CSV] 15,381,7133760,4293450,0,0,0,0,2743940,0
[E3OURS-CSV] 15,382,14469310,8639380,0,0,0,0,5654700,0
[E3OURS-CSV] 15,383,17405300,11151160,0,0,0,0,6045350,0
[E3OURS-CSV] 15,384,12689790,7878860,0,0,0,0,4612240,0
[E3OURS-CSV] 15,385,15073940,9654440,0,0,0,0,5247750,0
[E3OURS-CSV] 15,386,4230790,2720160,0,0,0,0,1450050,0
[E3OURS-CSV] 15,387,14626010,9100230,0,0,0,0,5349990,0
[E3OURS-CSV] 15,388,12760750,8332060,0,0,0,0,4260360,0
[E3OURS-CSV] 15,389,14443210,8909520,0,0,0,0,5204970,0
[E3OURS-CSV] 15,390,13918440,8821050,0,0,0,0,4935910,0
[E3OURS-CSV] 15,391,3136130,2006660,0,0,0,0,1074150,0
[E3OURS-CSV] 15,392,13240800,8200600,0,0,0,0,4876300,0
[E3OURS-CSV] 15,393,13645530,7983810,0,0,0,0,5481070,0
[E3OURS-CSV] 15,394,14824480,9198530,0,0,0,0,5442920,0
[E3OURS-CSV] 15,395,14947010,9028980,0,0,0,0,5742030,0
[E3OURS-CSV] 15,396,3608770,2181190,0,0,0,0,1372390,0
[E3OURS-CSV] 15,397,13408680,7986650,0,0,0,0,5255250,0
[E3OURS-CSV] 15,398,11131120,7357340,0,0,0,0,3624240,0
[E3OURS-CSV] 15,399,14120630,8259740,0,0,0,0,5391140,0
[E3OURS-CSV] 15,400,14694970,8835880,0,0,0,0,5685960,0
[E3OURS-CSV] 15,401,4470030,2659630,0,0,0,0,1751190,0
[E3OURS-CSV] 15,402,15387260,9725970,0,0,0,0,5315360,0
[E3OURS-CSV] 15,403,8281550,4817230,0,0,0,0,3169230,0
[E3OURS-CSV] 15,404,14028880,8164120,0,0,0,0,5689040,0
[E3OURS-CSV] 15,405,14420710,8546460,0,0,0,0,5710350,0
[E3OURS-CSV] 15,406,3006160,1853280,0,0,0,0,1104630,0
[E3OURS-CSV] 15,407,9879390,6401720,0,0,0,0,3312570,0
[E3OURS-CSV] 15,408,14887770,9833850,0,0,0,0,4878980,0
[E3OURS-CSV] 15,409,15225960,8852260,0,0,0,0,6195430,0
[E3OURS-CSV] 15,410,13543390,8669020,0,0,0,0,4717990,0
[E3OURS-CSV] 15,411,3237480,2033030,0,0,0,0,1154720,0
[E3OURS-CSV] 15,412,16960890,10530920,0,0,0,0,6245010,0
[E3OURS-CSV] 15,413,14230150,8472200,0,0,0,0,5590440,0
[E3OURS-CSV] 15,414,14598870,9210890,0,0,0,0,5216860,0
[E3OURS-CSV] 15,415,14704690,8709250,0,0,0,0,5814380,0
[E3OURS-CSV] 15,416,4810760,2950250,0,0,0,0,1788040,0
[E3OURS-CSV] 15,417,14327810,8673620,0,0,0,0,5330950,0
[E3OURS-CSV] 15,418,14669630,8718190,0,0,0,0,5785030,0
[E3OURS-CSV] 15,419,15004560,9561500,0,0,0,0,5270520,0
[E3OURS-CSV] 15,420,14598540,8614490,0,0,0,0,5818280,0
[E3OURS-CSV] 15,421,3778240,2332920,0,0,0,0,1387750,0
[E3OURS-CSV] 15,422,16333210,10343840,0,0,0,0,5739590,0
[E3OURS-CSV] 15,423,15874620,10097230,0,0,0,0,5599670,0
[E3OURS-CSV] 15,424,14914690,9287390,0,0,0,0,5276630,0
[E3OURS-CSV] 15,425,12988430,8137690,0,0,0,0,4696940,0
[E3OURS-CSV] 15,426,6730190,4341940,0,0,0,0,2293120,0
[E3OURS-CSV] 15,427,17184550,10744260,0,0,0,0,6177020,0
[E3OURS-CSV] 15,428,14091310,8773770,0,0,0,0,5147590,0
[E3OURS-CSV] 15,429,14298660,9549590,0,0,0,0,4590210,0
[E3OURS-CSV] 15,430,13556190,8626250,0,0,0,0,4770340,0
[E3OURS-CSV] 15,431,5738310,3780400,0,0,0,0,1872580,0
[E3OURS-CSV] 15,432,19470200,12403490,0,0,0,0,6640210,0
[E3OURS-CSV] 15,433,15068130,9474040,0,0,0,0,5415710,0
[E3OURS-CSV] 15,434,14788110,9758650,0,0,0,0,4696240,0
[E3OURS-CSV] 15,435,14932540,9489300,0,0,0,0,5092570,0
[E3OURS-CSV] 15,436,5881280,3843450,0,0,0,0,1948340,0
[E3OURS-CSV] 15,437,12060250,7497910,0,0,0,0,4230970,0
[E3OURS-CSV] 15,438,15066570,9329360,0,0,0,0,5562320,0
[E3OURS-CSV] 15,439,14563970,9004330,0,0,0,0,5378710,0
[E3OURS-CSV] 15,440,14132960,8724700,0,0,0,0,5241260,0
[E3OURS-CSV] 15,441,6049660,3956800,0,0,0,0,2005250,0
[E3OURS-CSV] 15,442,14006230,9129100,0,0,0,0,4717060,0
[E3OURS-CSV] 15,443,14187670,8308820,0,0,0,0,5709800,0
[E3OURS-CSV] 15,444,14544800,8537460,0,0,0,0,5836360,0
[E3OURS-CSV] 15,445,17103010,10883280,0,0,0,0,5987280,0
[E3OURS-CSV] 15,446,6202790,3730350,0,0,0,0,2378590,0
[E3OURS-CSV] 15,447,8603300,5319440,0,0,0,0,2959470,0
[E3OURS-CSV] 15,448,13583280,8142000,0,0,0,0,5265250,0
[E3OURS-CSV] 15,449,14675260,9362740,0,0,0,0,5146460,0
[E3OURS-CSV] 15,450,14400790,8499280,0,0,0,0,5728940,0
[E3OURS-CSV] 15,451,6684390,4073030,0,0,0,0,2512460,0
[E3OURS-CSV] 15,452,14653100,8037280,0,0,0,0,6442980,0
[E3OURS-CSV] 15,453,14476830,8602120,0,0,0,0,5702750,0
[E3OURS-CSV] 15,454,14175210,9033240,0,0,0,0,4803970,0
[E3OURS-CSV] 15,455,9696330,6719760,0,0,0,0,2799960,0
[E3OURS-CSV] 15,456,5506620,3584030,0,0,0,0,1858010,0
[E3OURS-CSV] 15,457,14362120,9163250,0,0,0,0,5032190,0
[E3OURS-CSV] 15,458,13953930,8217900,0,0,0,0,5570120,0
[E3OURS-CSV] 15,459,14026070,9017240,0,0,0,0,4854860,0
[E3OURS-CSV] 15,460,15107040,8417800,0,0,0,0,6512800,0
[E3OURS-CSV] 15,461,8171070,5209200,0,0,0,0,2842490,0
[E3OURS-CSV] 15,462,14742250,8432330,0,0,0,0,6139940,0
[E3OURS-CSV] 15,463,14908230,9678780,0,0,0,0,4886550,0
[E3OURS-CSV] 15,464,11049010,6546110,0,0,0,0,4363910,0
[E3OURS-CSV] 15,465,14493710,9107380,0,0,0,0,5046070,0
[E3OURS-CSV] 15,466,5196510,3093620,0,0,0,0,2044020,0
[E3OURS-CSV] 15,467,14535270,8234820,0,0,0,0,6117760,0
[E3OURS-CSV] 15,468,14898370,8691630,0,0,0,0,6036250,0
[E3OURS-CSV] 15,469,14263210,9587150,0,0,0,0,4513800,0
[E3OURS-CSV] 15,470,14593620,9013450,0,0,0,0,5402520,0
[E3OURS-CSV] 15,471,7235770,4619380,0,0,0,0,2510300,0
[E3OURS-CSV] 15,472,14539800,8459010,0,0,0,0,5730010,0
[E3OURS-CSV] 15,473,14296590,9424840,0,0,0,0,4543960,0
[E3OURS-CSV] 15,474,13500830,8632210,0,0,0,0,4708480,0
[E3OURS-CSV] 15,475,7764120,5000590,0,0,0,0,2659590,0
[E3OURS-CSV] 15,476,5160110,3183750,0,0,0,0,1914390,0
[E3OURS-CSV] 15,477,14508030,8619520,0,0,0,0,5713070,0
[E3OURS-CSV] 15,478,14561940,8296430,0,0,0,0,5939790,0
[E3OURS-CSV] 15,479,13933150,9153340,0,0,0,0,4606670,0
[E3OURS-CSV] 15,480,14490700,8466850,0,0,0,0,5858130,0
[E3OURS-CSV] 15,481,3588720,2247250,0,0,0,0,1294690,0
[E3OURS-CSV] 15,482,14462700,8514830,0,0,0,0,5777270,0
[E3OURS-CSV] 15,483,14373540,8323950,0,0,0,0,5874770,0
[E3OURS-CSV] 15,484,13254690,8772520,0,0,0,0,4330290,0
[E3OURS-CSV] 15,485,14488970,8530810,0,0,0,0,5605480,0
[E3OURS-CSV] 15,486,4305150,2682940,0,0,0,0,1570200,0
[E3OURS-CSV] 15,487,15075170,8776880,0,0,0,0,6125620,0
[E3OURS-CSV] 15,488,14545650,8589180,0,0,0,0,5767750,0
[E3OURS-CSV] 15,489,14875920,9557800,0,0,0,0,5144530,0
[E3OURS-CSV] 15,490,14028650,8490060,0,0,0,0,5373390,0
[E3OURS-CSV] 15,491,5400920,3407570,0,0,0,0,1930900,0
[E3OURS-CSV] 15,492,14407670,8492000,0,0,0,0,5734450,0
[E3OURS-CSV] 15,493,14500420,8576760,0,0,0,0,5549610,0
[E3OURS-CSV] 15,494,14551490,8735990,0,0,0,0,5471290,0
[E3OURS-CSV] 15,495,14472370,9055330,0,0,0,0,5246250,0
[E3OURS-CSV] 15,496,3914180,2452310,0,0,0,0,1410930,0
[E3OURS-CSV] 15,497,14174040,8463660,0,0,0,0,5539630,0
[E3OURS-CSV] 15,498,14237990,8388730,0,0,0,0,5680650,0
[E3OURS-CSV] 15,499,10944580,7042600,0,0,0,0,3579170,0
[E3OURS-SUMMARY] chain_len=15 e2e_avg=13198526 publish_avg=8123783 sched_avg=4880351

*** FATAL ***
fatal source: 0 (INTERNAL_ERROR_CORE)
fatal code: 5 (INTERNAL_ERROR_THREAD_EXITTED)
RTEMS version: 6.1.0.not-released
RTEMS tools: 13.3.0 20240521 (RTEMS 6, RSB no-repo, Newlib 1b3dcfd)
executing thread ID: 0x0a010001
executing thread name: UI1 
xecuting thread ID: 0x0a010001
executing thread name: UI1 
