
RTEMS Shell on /dev/console. Use 'help' to list commands.
SHLL [/] # nexus0: <RTEMS Nexus device>
info: lo0: link state changed to UP
=== Exp3inter-Picas: Task Chain (n=4) SingleThreadedExecutor+PiCAS ===
Period: 200ms, Rounds: 500
[E3IP-CSV] chain_len,round,e2e_ns,publish_ns,gc_trigger_ns,invoke_cb_ns,getnext_ns,take_data_ns,sched_ns,dispatch_ns
666666
CPP Msg not nullptr
CPP Msg not nullptr
CPP Msg not nullptr
CPP Msg not nullptr
C Msg not NULL
C Msg not NULL
CPP Srv not nullptr
CPP Srv not nullptr
CPP Srv not nullptr
CPP Srv not nullptr
CPP Srv not nullptr
CPP Srv not nullptr
CPP Msg not nullptr
CPP Msg not nullptr
CPP Msg not nullptr
CPP Msg not nullptr
CPP Msg not nullptr
CPP Msg not nullptr
C Msg not NULL
C Msg not NULL
CPP Srv not nullptr
CPP Srv not nullptr
CPP Srv not nullptr
CPP Srv not nullptr
CPP Srv not nullptr
CPP Srv not nullptr
CPP Msg not nullptr
CPP Msg not nullptr
CPP Msg not nullptr
CPP Msg not nullptr
CPP Msg not nullptr
CPP Msg not nullptr
CPP Msg not nullptr
CPP Msg not nullptr
C Msg not NULL
C Msg not NULL
CPP Srv not nullptr
CPP Srv not nullptr
CPP Srv not nullptr
CPP Srv not nullptr
CPP Srv not nullptr
CPP Srv not nullptr
CPP Msg not nullptr
CPP Msg not nullptr
CPP Msg not nullptr
CPP Msg not nullptr
CPP Msg not nullptr
CPP Msg not nullptr
CPP Msg not nullptr
CPP Msg not nullptr
C Msg not NULL
C Msg not NULL
CPP Srv not nullptr
CPP Srv not nullptr
CPP Srv not nullptr
CPP Srv not nullptr
CPP Srv not nullptr
CPP Srv not nullptr
CPP Msg not nullptr
CPP Msg not nullptr
CPP Msg not nullptr
CPP Msg not nullptr
CPP Msg not nullptr
CPP Msg not nullptr
[0m[INFO] [0567993600.798993299] [rclcpp]: Singlethreadedexecutor spin: in Thread ID 167837697[0m
[E3IP-CSV] 4,0,23094100,11867740,0,0,0,0,10976810,0
[E3IP-CSV] 4,1,5582400,1244430,0,0,0,0,4317630,0
[E3IP-CSV] 4,2,22223050,10238680,0,0,0,0,11894830,0
[E3IP-CSV] 4,3,8404780,3246640,0,0,0,0,5074830,0
[E3IP-CSV] 4,4,19891150,5130940,0,0,0,0,14659200,0
[E3IP-CSV] 4,5,19752900,4808640,0,0,0,0,14843170,0
[E3IP-CSV] 4,6,16593810,4153040,0,0,0,0,12344230,0
[E3IP-CSV] 4,7,20026370,5158730,0,0,0,0,14772460,0
[E3IP-CSV] 4,8,20278840,5155830,0,0,0,0,15027090,0
[E3IP-CSV] 4,9,20153540,5159940,0,0,0,0,14896300,0
[E3IP-CSV] 4,10,20741380,6242280,0,0,0,0,14405670,0
[E3IP-CSV] 4,11,18583430,4921980,0,0,0,0,13569060,0
[E3IP-CSV] 4,12,20478160,5286940,0,0,0,0,15092490,0
[E3IP-CSV] 4,13,20163740,5201330,0,0,0,0,14866800,0
[E3IP-CSV] 4,14,9153730,3008950,0,0,0,0,5790100,0
[E3IP-CSV] 4,15,20099990,5198030,0,0,0,0,14805610,0
[E3IP-CSV] 4,16,18384280,4465530,0,0,0,0,13825840,0
[E3IP-CSV] 4,17,20263910,5266700,0,0,0,0,14902760,0
[E3IP-CSV] 4,18,20194480,5145190,0,0,0,0,14952080,0
[E3IP-CSV] 4,19,20082490,5144880,0,0,0,0,14840880,0
[E3IP-CSV] 4,20,20188720,5091820,0,0,0,0,14996780,0
[E3IP-CSV] 4,21,19958270,5109320,0,0,0,0,14753980,0
[E3IP-CSV] 4,22,9457940,3045210,0,0,0,0,6065560,0
[E3IP-CSV] 4,23,20185460,5186310,0,0,0,0,14901250,0
[E3IP-CSV] 4,24,20502770,5189570,0,0,0,0,15218330,0
[E3IP-CSV] 4,25,20328480,5232880,0,0,0,0,15002040,0
[E3IP-CSV] 4,26,21218330,4958610,0,0,0,0,16164450,0
[E3IP-CSV] 4,27,8645810,3296540,0,0,0,0,5262300,0
[E3IP-CSV] 4,28,20115440,5158540,0,0,0,0,14853390,0
[E3IP-CSV] 4,29,20284300,5238520,0,0,0,0,14947920,0
[E3IP-CSV] 4,30,20277230,5211750,0,0,0,0,14968490,0
[E3IP-CSV] 4,31,20297710,5250240,0,0,0,0,14949230,0
[E3IP-CSV] 4,32,20520430,5266310,0,0,0,0,15155100,0
[E3IP-CSV] 4,33,19696560,4904930,0,0,0,0,14688520,0
[E3IP-CSV] 4,34,20409530,5241820,0,0,0,0,15072500,0
[E3IP-CSV] 4,35,20290760,5155020,0,0,0,0,15034600,0
[E3IP-CSV] 4,36,8753090,3292820,0,0,0,0,5374230,0
[E3IP-CSV] 4,37,20049110,5171410,0,0,0,0,14780380,0
[E3IP-CSV] 4,38,19090830,4756930,0,0,0,0,14235300,0
[E3IP-CSV] 4,39,20252060,5239070,0,0,0,0,14916610,0
[E3IP-CSV] 4,40,19946620,4841550,0,0,0,0,14740900,0
[E3IP-CSV] 4,41,20388290,5245400,0,0,0,0,15045880,0
[E3IP-CSV] 4,42,29313890,6902500,0,0,0,0,22306870,0
[E3IP-CSV] 4,43,20562770,4793390,0,0,0,0,15670970,0
[E3IP-CSV] 4,44,19987750,5055410,0,0,0,0,14828290,0
[E3IP-CSV] 4,45,8357090,3083750,0,0,0,0,5191830,0
[E3IP-CSV] 4,46,12915490,3714030,0,0,0,0,9116450,0
[E3IP-CSV] 4,47,8778490,3070100,0,0,0,0,5358860,0
[E3IP-CSV] 4,48,20133330,5147850,0,0,0,0,14887000,0
[E3IP-CSV] 4,49,20391560,5228890,0,0,0,0,15060770,0
[E3IP-CSV] 4,50,20215080,5186530,0,0,0,0,14934640,0
[E3IP-CSV] 4,51,20111880,5155460,0,0,0,0,14858860,0
[E3IP-CSV] 4,52,20280340,5170240,0,0,0,0,15011080,0
[E3IP-CSV] 4,53,20035410,5110460,0,0,0,0,14827770,0
[E3IP-CSV] 4,54,20087360,5154120,0,0,0,0,14832030,0
[E3IP-CSV] 4,55,20172320,4998130,0,0,0,0,15081650,0
[E3IP-CSV] 4,56,20024420,5113820,0,0,0,0,14815650,0
[E3IP-CSV] 4,57,20516680,5255940,0,0,0,0,15167980,0
[E3IP-CSV] 4,58,20297560,5180410,0,0,0,0,15018930,0
[E3IP-CSV] 4,59,20145160,5218690,0,0,0,0,14819600,0
[E3IP-CSV] 4,60,20233380,5173580,0,0,0,0,14964860,0
[E3IP-CSV] 4,61,19734870,4819220,0,0,0,0,14822830,0
[E3IP-CSV] 4,62,19925460,4875690,0,0,0,0,14693500,0
[E3IP-CSV] 4,63,20277430,5168000,0,0,0,0,15015740,0
[E3IP-CSV] 4,64,19989320,5112610,0,0,0,0,14783990,0
[E3IP-CSV] 4,65,8673990,3309440,0,0,0,0,5282070,0
[E3IP-CSV] 4,66,14813710,3460760,0,0,0,0,11267030,0
[E3IP-CSV] 4,67,20066720,5086100,0,0,0,0,14884290,0
[E3IP-CSV] 4,68,20488510,5298640,0,0,0,0,15094440,0
[E3IP-CSV] 4,69,21085990,6033950,0,0,0,0,14952270,0
[E3IP-CSV] 4,70,20351240,5198300,0,0,0,0,15047770,0
[E3IP-CSV] 4,71,20722520,4905420,0,0,0,0,15720590,0
[E3IP-CSV] 4,72,20611590,5253480,0,0,0,0,15261480,0
[E3IP-CSV] 4,73,20524710,5281920,0,0,0,0,15148350,0
[E3IP-CSV] 4,74,20250000,5136130,0,0,0,0,15017530,0
[E3IP-CSV] 4,75,20128200,5129430,0,0,0,0,14896350,0
[E3IP-CSV] 4,76,20363940,5183730,0,0,0,0,15079560,0
[E3IP-CSV] 4,77,20162260,5140860,0,0,0,0,14925660,0
[E3IP-CSV] 4,78,8851560,3374660,0,0,0,0,5393730,0
[E3IP-CSV] 4,79,20050460,5163260,0,0,0,0,14791510,0
[E3IP-CSV] 4,80,20307170,5188150,0,0,0,0,15023280,0
[E3IP-CSV] 4,81,20284120,5179230,0,0,0,0,15004610,0
[E3IP-CSV] 4,82,29402460,7069570,0,0,0,0,22229420,0
[E3IP-CSV] 4,83,20254180,4928600,0,0,0,0,14967840,0
[E3IP-CSV] 4,84,20061600,5131570,0,0,0,0,14826880,0
[E3IP-CSV] 4,85,20095950,5094600,0,0,0,0,14908940,0
[E3IP-CSV] 4,86,20241170,5185800,0,0,0,0,14961230,0
[E3IP-CSV] 4,87,20089780,5142070,0,0,0,0,14853010,0
[E3IP-CSV] 4,88,20214630,5154190,0,0,0,0,14962510,0
[E3IP-CSV] 4,89,20244350,5260070,0,0,0,0,14884960,0
[E3IP-CSV] 4,90,20229200,5202720,0,0,0,0,14929520,0
[E3IP-CSV] 4,91,20096120,5137870,0,0,0,0,14864650,0
[E3IP-CSV] 4,92,20282350,5204640,0,0,0,0,14971110,0
[E3IP-CSV] 4,93,10252900,3270800,0,0,0,0,6902500,0
[E3IP-CSV] 4,94,20308050,5184060,0,0,0,0,14982240,0
[E3IP-CSV] 4,95,19985880,5104670,0,0,0,0,14773280,0
[E3IP-CSV] 4,96,13927750,3366250,0,0,0,0,10472050,0
[E3IP-CSV] 4,97,19865520,5068460,0,0,0,0,14703920,0
[E3IP-CSV] 4,98,20100170,5142690,0,0,0,0,14864960,0
[E3IP-CSV] 4,99,20011070,4698340,0,0,0,0,15220400,0
[E3IP-CSV] 4,100,20475020,5230230,0,0,0,0,15147310,0
[E3IP-CSV] 4,101,20305170,5171950,0,0,0,0,15039020,0
[E3IP-CSV] 4,102,20265980,5208760,0,0,0,0,14961610,0
[E3IP-CSV] 4,103,20306220,5222950,0,0,0,0,14974710,0
[E3IP-CSV] 4,104,20205310,5174320,0,0,0,0,14934410,0
[E3IP-CSV] 4,105,8702910,3272870,0,0,0,0,5350400,0
[E3IP-CSV] 4,106,21921150,5149050,0,0,0,0,16667840,0
[E3IP-CSV] 4,107,20434380,5277270,0,0,0,0,15056480,0
[E3IP-CSV] 4,108,8792950,3331400,0,0,0,0,5379550,0
[E3IP-CSV] 4,109,20171640,5223500,0,0,0,0,14851720,0
[E3IP-CSV] 4,110,20534440,5278950,0,0,0,0,15153090,0
[E3IP-CSV] 4,111,20300140,5208530,0,0,0,0,14998400,0
[E3IP-CSV] 4,112,29161140,6654210,0,0,0,0,22398540,0
[E3IP-CSV] 4,113,20084640,5054720,0,0,0,0,14934630,0
[E3IP-CSV] 4,114,20113110,5173260,0,0,0,0,14845950,0
[E3IP-CSV] 4,115,20170800,5160940,0,0,0,0,14914200,0
[E3IP-CSV] 4,116,20229150,5183780,0,0,0,0,14953850,0
[E3IP-CSV] 4,117,18594810,4496080,0,0,0,0,14006060,0
[E3IP-CSV] 4,118,20698640,5301580,0,0,0,0,15292740,0
[E3IP-CSV] 4,119,20184780,5169940,0,0,0,0,14921990,0
[E3IP-CSV] 4,120,20218100,5152570,0,0,0,0,14970590,0
[E3IP-CSV] 4,121,20282950,5163040,0,0,0,0,15026830,0
[E3IP-CSV] 4,122,26994100,6346290,0,0,0,0,20545720,0
[E3IP-CSV] 4,123,20245500,5219640,0,0,0,0,14930550,0
[E3IP-CSV] 4,124,20114120,5123390,0,0,0,0,14896140,0
[E3IP-CSV] 4,125,19685740,5014470,0,0,0,0,14574560,0
[E3IP-CSV] 4,126,20569960,5241370,0,0,0,0,15235280,0
[E3IP-CSV] 4,127,20847590,4966820,0,0,0,0,15789100,0
[E3IP-CSV] 4,128,20303280,5205030,0,0,0,0,14998210,0
[E3IP-CSV] 4,129,20135120,5102220,0,0,0,0,14940220,0
[E3IP-CSV] 4,130,20229940,5167530,0,0,0,0,14961980,0
[E3IP-CSV] 4,131,20101020,5136740,0,0,0,0,14855310,0
[E3IP-CSV] 4,132,21290540,4962450,0,0,0,0,16239210,0
[E3IP-CSV] 4,133,20435400,5229280,0,0,0,0,15111290,0
[E3IP-CSV] 4,134,20247670,5160650,0,0,0,0,14995230,0
[E3IP-CSV] 4,135,20229810,5184340,0,0,0,0,14949930,0
[E3IP-CSV] 4,136,20244310,5159280,0,0,0,0,14992060,0
[E3IP-CSV] 4,137,20254000,5136880,0,0,0,0,15017260,0
[E3IP-CSV] 4,138,20469810,5203290,0,0,0,0,15173900,0
[E3IP-CSV] 4,139,9193140,3102580,0,0,0,0,6001090,0
[E3IP-CSV] 4,140,20153940,5179470,0,0,0,0,14874030,0
[E3IP-CSV] 4,141,8746130,3275540,0,0,0,0,5382900,0
[E3IP-CSV] 4,142,20192200,5186050,0,0,0,0,14906470,0
[E3IP-CSV] 4,143,20558390,5282410,0,0,0,0,15164490,0
[E3IP-CSV] 4,144,20333640,5200650,0,0,0,0,15038110,0
[E3IP-CSV] 4,145,19778600,5080750,0,0,0,0,14601180,0
[E3IP-CSV] 4,146,9016790,3304150,0,0,0,0,5630660,0
[E3IP-CSV] 4,147,20170140,5099280,0,0,0,0,14979620,0
[E3IP-CSV] 4,148,20060240,5088880,0,0,0,0,14873570,0
[E3IP-CSV] 4,149,20315540,5201390,0,0,0,0,15021570,0
[E3IP-CSV] 4,150,19545470,4843970,0,0,0,0,14605240,0
[E3IP-CSV] 4,151,20236740,5194420,0,0,0,0,14948770,0
[E3IP-CSV] 4,152,20456680,5189160,0,0,0,0,15173410,0
[E3IP-CSV] 4,153,20146720,5133510,0,0,0,0,14916490,0
[E3IP-CSV] 4,154,20045340,5146700,0,0,0,0,14804730,0
[E3IP-CSV] 4,155,20672980,4876290,0,0,0,0,15699030,0
[E3IP-CSV] 4,156,19976100,5127870,0,0,0,0,14749700,0
[E3IP-CSV] 4,157,9379900,3040860,0,0,0,0,6259750,0
[E3IP-CSV] 4,158,20022290,5108840,0,0,0,0,14811690,0
[E3IP-CSV] 4,159,19805660,5031390,0,0,0,0,14679930,0
[E3IP-CSV] 4,160,19944490,5056200,0,0,0,0,14789250,0
[E3IP-CSV] 4,161,20082120,5096010,0,0,0,0,14883320,0
[E3IP-CSV] 4,162,28936670,6719770,0,0,0,0,22113690,0
[E3IP-CSV] 4,163,20767230,4885420,0,0,0,0,15500900,0
[E3IP-CSV] 4,164,19905040,5076600,0,0,0,0,14735240,0
[E3IP-CSV] 4,165,19919310,5068020,0,0,0,0,14752890,0
[E3IP-CSV] 4,166,19885340,5040640,0,0,0,0,14749130,0
[E3IP-CSV] 4,167,19929520,5066620,0,0,0,0,14773760,0
[E3IP-CSV] 4,168,21433420,5748090,0,0,0,0,15586410,0
[E3IP-CSV] 4,169,19876150,5116440,0,0,0,0,14665760,0
[E3IP-CSV] 4,170,21673560,5615930,0,0,0,0,15961550,0
[E3IP-CSV] 4,171,20607370,5246790,0,0,0,0,15265980,0
[E3IP-CSV] 4,172,20112500,5141270,0,0,0,0,14878330,0
[E3IP-CSV] 4,173,20064210,5148740,0,0,0,0,14812440,0
[E3IP-CSV] 4,174,20488750,5285210,0,0,0,0,15092490,0
[E3IP-CSV] 4,175,20225020,5172830,0,0,0,0,14958030,0
[E3IP-CSV] 4,176,20433460,5233140,0,0,0,0,15105250,0
[E3IP-CSV] 4,177,20273050,5171360,0,0,0,0,15008280,0
[E3IP-CSV] 4,178,20850140,4872820,0,0,0,0,15873980,0
[E3IP-CSV] 4,179,19525720,4936610,0,0,0,0,14493890,0
[E3IP-CSV] 4,180,20046560,5141830,0,0,0,0,14809960,0
[E3IP-CSV] 4,181,19863270,5103410,0,0,0,0,14657360,0
[E3IP-CSV] 4,182,20083600,5135960,0,0,0,0,14853400,0
[E3IP-CSV] 4,183,20260350,4787960,0,0,0,0,15373570,0
[E3IP-CSV] 4,184,19836170,5038710,0,0,0,0,14698020,0
[E3IP-CSV] 4,185,19962640,5124620,0,0,0,0,14744100,0
[E3IP-CSV] 4,186,19868810,5068900,0,0,0,0,14707450,0
[E3IP-CSV] 4,187,26814190,6144740,0,0,0,0,20567240,0
[E3IP-CSV] 4,188,19645110,4970490,0,0,0,0,14573360,0
[E3IP-CSV] 4,189,20225940,5120900,0,0,0,0,15002960,0
[E3IP-CSV] 4,190,20158220,5156710,0,0,0,0,14906820,0
[E3IP-CSV] 4,191,20408350,5178480,0,0,0,0,15133710,0
[E3IP-CSV] 4,192,29322270,6662710,0,0,0,0,22557320,0
[E3IP-CSV] 4,193,20214540,5093090,0,0,0,0,15018010,0
[E3IP-CSV] 4,194,20279000,5208900,0,0,0,0,14975550,0
[E3IP-CSV] 4,195,20256140,5177440,0,0,0,0,14983680,0
[E3IP-CSV] 4,196,20082950,5167090,0,0,0,0,14820520,0
[E3IP-CSV] 4,197,19478160,4703740,0,0,0,0,14414440,0
[E3IP-CSV] 4,198,20246090,5205530,0,0,0,0,14938540,0
[E3IP-CSV] 4,199,19418820,4901570,0,0,0,0,14413730,0
[E3IP-CSV] 4,200,20232050,5162750,0,0,0,0,14967800,0
[E3IP-CSV] 4,201,19755890,5037100,0,0,0,0,14610160,0
[E3IP-CSV] 4,202,14760020,3399820,0,0,0,0,11268090,0
[E3IP-CSV] 4,203,20453420,5252200,0,0,0,0,15088650,0
[E3IP-CSV] 4,204,19966810,5134970,0,0,0,0,14737850,0
[E3IP-CSV] 4,205,19708950,4836610,0,0,0,0,14778830,0
[E3IP-CSV] 4,206,19431010,4878850,0,0,0,0,14449530,0
[E3IP-CSV] 4,207,29263610,6577100,0,0,0,0,22583820,0
[E3IP-CSV] 4,208,8737920,3204260,0,0,0,0,5451990,0
[E3IP-CSV] 4,209,11165140,3068160,0,0,0,0,7746440,0
[E3IP-CSV] 4,210,20203650,5137490,0,0,0,0,14970510,0
[E3IP-CSV] 4,211,20646250,4877090,0,0,0,0,15672540,0
[E3IP-CSV] 4,212,9106880,3004230,0,0,0,0,6024250,0
[E3IP-CSV] 4,213,20303810,5192800,0,0,0,0,15013980,0
[E3IP-CSV] 4,214,9645450,3217000,0,0,0,0,6342440,0
[E3IP-CSV] 4,215,20522690,5256030,0,0,0,0,15173990,0
[E3IP-CSV] 4,216,9470880,3102540,0,0,0,0,6017330,0
[E3IP-CSV] 4,217,19883640,4869710,0,0,0,0,14919310,0
[E3IP-CSV] 4,218,9436540,3164970,0,0,0,0,6190150,0
[E3IP-CSV] 4,219,9675880,3384050,0,0,0,0,6209040,0
[E3IP-CSV] 4,220,19899060,5066090,0,0,0,0,14737790,0
[E3IP-CSV] 4,221,20152190,5140050,0,0,0,0,14911770,0
[E3IP-CSV] 4,222,20626090,5229730,0,0,0,0,15302100,0
[E3IP-CSV] 4,223,20110970,5157390,0,0,0,0,14858960,0
[E3IP-CSV] 4,224,20110710,5226570,0,0,0,0,14787200,0
[E3IP-CSV] 4,225,20455000,5181170,0,0,0,0,15180960,0
[E3IP-CSV] 4,226,20195240,5180770,0,0,0,0,14918660,0
[E3IP-CSV] 4,227,9475390,3284290,0,0,0,0,6101610,0
[E3IP-CSV] 4,228,20603360,5304590,0,0,0,0,15203790,0
[E3IP-CSV] 4,229,19549750,4946510,0,0,0,0,14502040,0
[E3IP-CSV] 4,230,8699790,3312890,0,0,0,0,5305780,0
[E3IP-CSV] 4,231,19960490,5108840,0,0,0,0,14753880,0
[E3IP-CSV] 4,232,20216040,5164950,0,0,0,0,14949400,0
[E3IP-CSV] 4,233,20250730,5146680,0,0,0,0,14997090,0
[E3IP-CSV] 4,234,20486280,6264650,0,0,0,0,14125820,0
[E3IP-CSV] 4,235,8867530,3298620,0,0,0,0,5488010,0
[E3IP-CSV] 4,236,19991220,5068500,0,0,0,0,14823060,0
[E3IP-CSV] 4,237,19581460,4929470,0,0,0,0,14557160,0
[E3IP-CSV] 4,238,20275320,5205160,0,0,0,0,14967710,0
[E3IP-CSV] 4,239,29503020,8282340,0,0,0,0,21117890,0
[E3IP-CSV] 4,240,20188840,5055770,0,0,0,0,15027830,0
[E3IP-CSV] 4,241,9165440,3288800,0,0,0,0,5784190,0
[E3IP-CSV] 4,242,22238600,6517100,0,0,0,0,15623210,0
[E3IP-CSV] 4,243,8762800,3282350,0,0,0,0,5399460,0
[E3IP-CSV] 4,244,20054550,5055790,0,0,0,0,14906050,0
[E3IP-CSV] 4,245,20184750,5157060,0,0,0,0,14926420,0
[E3IP-CSV] 4,246,20053750,5158080,0,0,0,0,14796040,0
[E3IP-CSV] 4,247,20198340,5143010,0,0,0,0,14955950,0
[E3IP-CSV] 4,248,20219350,5160860,0,0,0,0,14959540,0
[E3IP-CSV] 4,249,20394160,5277920,0,0,0,0,15020740,0
[E3IP-CSV] 4,250,20251160,5176560,0,0,0,0,14966220,0
[E3IP-CSV] 4,251,20036450,5121500,0,0,0,0,14810810,0
[E3IP-CSV] 4,252,20489420,5271220,0,0,0,0,15116810,0
[E3IP-CSV] 4,253,20154970,5162450,0,0,0,0,14889840,0
[E3IP-CSV] 4,254,9118440,3028880,0,0,0,0,6010000,0
[E3IP-CSV] 4,255,14218380,4434610,0,0,0,0,9653590,0
[E3IP-CSV] 4,256,9394910,3007290,0,0,0,0,6031870,0
[E3IP-CSV] 4,257,19012410,4805790,0,0,0,0,14113720,0
[E3IP-CSV] 4,258,19938800,5123410,0,0,0,0,14706830,0
[E3IP-CSV] 4,259,20002320,5052580,0,0,0,0,14857980,0
[E3IP-CSV] 4,260,19981540,5136140,0,0,0,0,14748990,0
[E3IP-CSV] 4,261,19976440,5087560,0,0,0,0,14789280,0
[E3IP-CSV] 4,262,20415940,4810120,0,0,0,0,15437840,0
[E3IP-CSV] 4,263,19809730,5033840,0,0,0,0,14663860,0
[E3IP-CSV] 4,264,16540660,4928560,0,0,0,0,11504350,0
[E3IP-CSV] 4,265,21866120,5080090,0,0,0,0,16686180,0
[E3IP-CSV] 4,266,19913330,5121250,0,0,0,0,14683910,0
[E3IP-CSV] 4,267,19857980,5031850,0,0,0,0,14732380,0
[E3IP-CSV] 4,268,20483960,5228140,0,0,0,0,15152810,0
[E3IP-CSV] 4,269,20749540,5336830,0,0,0,0,15308480,0
[E3IP-CSV] 4,270,20284330,5209920,0,0,0,0,14961450,0
[E3IP-CSV] 4,271,20197210,5075730,0,0,0,0,15027850,0
[E3IP-CSV] 4,272,20307490,5013160,0,0,0,0,15199520,0
[E3IP-CSV] 4,273,20214820,5042100,0,0,0,0,15078480,0
[E3IP-CSV] 4,274,14483840,3178320,0,0,0,0,11224920,0
[E3IP-CSV] 4,275,20200640,5149690,0,0,0,0,14938180,0
[E3IP-CSV] 4,276,19957600,4996000,0,0,0,0,14857770,0
[E3IP-CSV] 4,277,20009620,5141980,0,0,0,0,14756300,0
[E3IP-CSV] 4,278,20056620,5143790,0,0,0,0,14811480,0
[E3IP-CSV] 4,279,19887390,4999260,0,0,0,0,14794840,0
[E3IP-CSV] 4,280,20002760,5138810,0,0,0,0,14759380,0
[E3IP-CSV] 4,281,20136690,5139980,0,0,0,0,14895460,0
[E3IP-CSV] 4,282,20360660,5172940,0,0,0,0,15086920,0
[E3IP-CSV] 4,283,20068000,5030210,0,0,0,0,14944240,0
[E3IP-CSV] 4,284,20130440,5082910,0,0,0,0,14938680,0
[E3IP-CSV] 4,285,19228830,4720970,0,0,0,0,14407680,0
[E3IP-CSV] 4,286,20105810,5065950,0,0,0,0,14940370,0
[E3IP-CSV] 4,287,20059570,5043960,0,0,0,0,14906200,0
[E3IP-CSV] 4,288,20240910,5085010,0,0,0,0,15040160,0
[E3IP-CSV] 4,289,20021200,5027920,0,0,0,0,14898830,0
[E3IP-CSV] 4,290,20640710,4861280,0,0,0,0,15678880,0
[E3IP-CSV] 4,291,20341950,5131840,0,0,0,0,15093770,0
[E3IP-CSV] 4,292,15486550,3841590,0,0,0,0,11294540,0
[E3IP-CSV] 4,293,8756810,3220730,0,0,0,0,5445680,0
[E3IP-CSV] 4,294,20076030,5055670,0,0,0,0,14924530,0
[E3IP-CSV] 4,295,20288300,5180200,0,0,0,0,15012940,0
[E3IP-CSV] 4,296,18940530,4654800,0,0,0,0,14185350,0
[E3IP-CSV] 4,297,19919780,4899520,0,0,0,0,14910160,0
[E3IP-CSV] 4,298,20317990,5092400,0,0,0,0,15129800,0
[E3IP-CSV] 4,299,20203940,5076370,0,0,0,0,15011370,0
[E3IP-CSV] 4,300,20056550,5159830,0,0,0,0,14795910,0
[E3IP-CSV] 4,301,20022350,5034870,0,0,0,0,14891610,0
[E3IP-CSV] 4,302,19726940,4917910,0,0,0,0,14714010,0
[E3IP-CSV] 4,303,11793070,3360380,0,0,0,0,8236020,0
[E3IP-CSV] 4,304,25103880,5968970,0,0,0,0,19029300,0
[E3IP-CSV] 4,305,19930200,4983540,0,0,0,0,14852340,0
[E3IP-CSV] 4,306,20062250,5014990,0,0,0,0,14952390,0
[E3IP-CSV] 4,307,17791930,5002040,0,0,0,0,12698100,0
[E3IP-CSV] 4,308,19963060,5039800,0,0,0,0,14817110,0
[E3IP-CSV] 4,309,20517510,5161960,0,0,0,0,15242380,0
[E3IP-CSV] 4,310,20454420,5217460,0,0,0,0,15138510,0
[E3IP-CSV] 4,311,20348680,5119950,0,0,0,0,15119620,0
[E3IP-CSV] 4,312,8847790,3235270,0,0,0,0,5521890,0
[E3IP-CSV] 4,313,19668910,4941320,0,0,0,0,14609850,0
[E3IP-CSV] 4,314,10117950,3035300,0,0,0,0,7004060,0
[E3IP-CSV] 4,315,20178960,5100830,0,0,0,0,14966560,0
[E3IP-CSV] 4,316,19814530,4953310,0,0,0,0,14744310,0
[E3IP-CSV] 4,317,19979120,4975350,0,0,0,0,14903910,0
[E3IP-CSV] 4,318,20527630,4824130,0,0,0,0,15609060,0
[E3IP-CSV] 4,319,20205550,4947160,0,0,0,0,15019050,0
[E3IP-CSV] 4,320,20516670,5249970,0,0,0,0,15153270,0
[E3IP-CSV] 4,321,20440810,5097840,0,0,0,0,15233110,0
[E3IP-CSV] 4,322,28918600,6629060,0,0,0,0,22040050,0
[E3IP-CSV] 4,323,20211830,5070280,0,0,0,0,15033740,0
[E3IP-CSV] 4,324,9250590,3036560,0,0,0,0,6134250,0
[E3IP-CSV] 4,325,19743610,4990270,0,0,0,0,14647400,0
[E3IP-CSV] 4,326,20327640,5100910,0,0,0,0,15121830,0
[E3IP-CSV] 4,327,21535000,4779490,0,0,0,0,16364750,0
[E3IP-CSV] 4,328,20459540,5186530,0,0,0,0,15165840,0
[E3IP-CSV] 4,329,9532410,3174840,0,0,0,0,6267020,0
[E3IP-CSV] 4,330,27491130,7824600,0,0,0,0,19520880,0
[E3IP-CSV] 4,331,19761760,4937270,0,0,0,0,14713340,0
[E3IP-CSV] 4,332,22039620,6528550,0,0,0,0,15140750,0
[E3IP-CSV] 4,333,20169220,5064580,0,0,0,0,15003410,0
[E3IP-CSV] 4,334,19795330,4974990,0,0,0,0,14727070,0
[E3IP-CSV] 4,335,19806870,5040620,0,0,0,0,14657270,0
[E3IP-CSV] 4,336,19797440,4957690,0,0,0,0,14728680,0
[E3IP-CSV] 4,337,10732540,3228970,0,0,0,0,7415470,0
[E3IP-CSV] 4,338,10419310,2962320,0,0,0,0,7375440,0
[E3IP-CSV] 4,339,10656690,2982320,0,0,0,0,7595900,0
[E3IP-CSV] 4,340,19920710,5003510,0,0,0,0,14810860,0
[E3IP-CSV] 4,341,20751630,5167880,0,0,0,0,15479890,0
[E3IP-CSV] 4,342,20110040,5053370,0,0,0,0,14965230,0
[E3IP-CSV] 4,343,20049110,5071230,0,0,0,0,14883040,0
[E3IP-CSV] 4,344,20431870,5143110,0,0,0,0,15189540,0
[E3IP-CSV] 4,345,20409060,5127550,0,0,0,0,15171430,0
[E3IP-CSV] 4,346,8630490,3152830,0,0,0,0,5380850,0
[E3IP-CSV] 4,347,22636510,6119850,0,0,0,0,16402780,0
[E3IP-CSV] 4,348,20245050,5098450,0,0,0,0,15044140,0
[E3IP-CSV] 4,349,20222520,5064600,0,0,0,0,15066330,0
[E3IP-CSV] 4,350,8625510,3173230,0,0,0,0,5364130,0
[E3IP-CSV] 4,351,13347750,3728440,0,0,0,0,9492150,0
[E3IP-CSV] 4,352,20499850,5102360,0,0,0,0,15301220,0
[E3IP-CSV] 4,353,20364710,5063290,0,0,0,0,15206900,0
[E3IP-CSV] 4,354,21212400,5199300,0,0,0,0,15767600,0
[E3IP-CSV] 4,355,20309240,5104590,0,0,0,0,15109230,0
[E3IP-CSV] 4,356,20343350,5110300,0,0,0,0,15137940,0
[E3IP-CSV] 4,357,20412160,5118280,0,0,0,0,15194680,0
[E3IP-CSV] 4,358,20353940,5084940,0,0,0,0,15173140,0
[E3IP-CSV] 4,359,19467360,4719460,0,0,0,0,14633330,0
[E3IP-CSV] 4,360,8826010,3267750,0,0,0,0,5476630,0
[E3IP-CSV] 4,361,20373410,5087700,0,0,0,0,15192530,0
[E3IP-CSV] 4,362,20423830,5138360,0,0,0,0,15178700,0
[E3IP-CSV] 4,363,20362820,5101290,0,0,0,0,15164990,0
[E3IP-CSV] 4,364,19955740,5003070,0,0,0,0,14843220,0
[E3IP-CSV] 4,365,20385050,4877050,0,0,0,0,15411230,0
[E3IP-CSV] 4,366,20092220,5066990,0,0,0,0,14930240,0
[E3IP-CSV] 4,367,20229720,5110760,0,0,0,0,15017580,0
[E3IP-CSV] 4,368,20949630,5153880,0,0,0,0,15682120,0
[E3IP-CSV] 4,369,21127120,5203110,0,0,0,0,15827160,0
[E3IP-CSV] 4,370,20401920,5200420,0,0,0,0,15098550,0
[E3IP-CSV] 4,371,21094940,4914350,0,0,0,0,16075360,0
[E3IP-CSV] 4,372,20388710,5102280,0,0,0,0,15191680,0
[E3IP-CSV] 4,373,19365370,4620450,0,0,0,0,14642950,0
[E3IP-CSV] 4,374,8718420,3254090,0,0,0,0,5376740,0
[E3IP-CSV] 4,375,20202810,5028990,0,0,0,0,15076490,0
[E3IP-CSV] 4,376,20276660,5162240,0,0,0,0,15011810,0
[E3IP-CSV] 4,377,20019630,5043210,0,0,0,0,14882120,0
[E3IP-CSV] 4,378,10629290,3047260,0,0,0,0,7500880,0
[E3IP-CSV] 4,379,27457970,6084410,0,0,0,0,21258050,0
[E3IP-CSV] 4,380,20025800,5005220,0,0,0,0,14925800,0
[E3IP-CSV] 4,381,19648810,4837410,0,0,0,0,14720770,0
[E3IP-CSV] 4,382,20210200,5073750,0,0,0,0,15034740,0
[E3IP-CSV] 4,383,20494000,5189890,0,0,0,0,15201150,0
[E3IP-CSV] 4,384,20227460,5110970,0,0,0,0,15015970,0
[E3IP-CSV] 4,385,20370050,5151620,0,0,0,0,15116540,0
[E3IP-CSV] 4,386,20313190,5068240,0,0,0,0,15145770,0
[E3IP-CSV] 4,387,20203930,5114290,0,0,0,0,14987640,0
[E3IP-CSV] 4,388,20472930,5115180,0,0,0,0,15260900,0
[E3IP-CSV] 4,389,20210440,5109290,0,0,0,0,15002420,0
[E3IP-CSV] 4,390,20306590,5094470,0,0,0,0,15110620,0
[E3IP-CSV] 4,391,20471030,5125730,0,0,0,0,15251470,0
[E3IP-CSV] 4,392,19762930,4808510,0,0,0,0,14862110,0
[E3IP-CSV] 4,393,19954440,4897590,0,0,0,0,14963330,0
[E3IP-CSV] 4,394,20103100,5191720,0,0,0,0,14813990,0
[E3IP-CSV] 4,395,20250150,5194580,0,0,0,0,14960030,0
[E3IP-CSV] 4,396,20422180,5267040,0,0,0,0,15060760,0
[E3IP-CSV] 4,397,19862610,5074190,0,0,0,0,14690890,0
[E3IP-CSV] 4,398,20754670,5282920,0,0,0,0,15374330,0
[E3IP-CSV] 4,399,20233700,5252990,0,0,0,0,14886000,0
[E3IP-CSV] 4,400,20945260,5304690,0,0,0,0,15544280,0
[E3IP-CSV] 4,401,20303960,5233890,0,0,0,0,14973890,0
[E3IP-CSV] 4,402,20648030,6216440,0,0,0,0,14340270,0
[E3IP-CSV] 4,403,20298910,5241480,0,0,0,0,14961350,0
[E3IP-CSV] 4,404,20015100,5115710,0,0,0,0,14807020,0
[E3IP-CSV] 4,405,20276900,5246240,0,0,0,0,14935200,0
[E3IP-CSV] 4,406,8757650,3288470,0,0,0,0,5390170,0
[E3IP-CSV] 4,407,20244730,5193050,0,0,0,0,14961530,0
[E3IP-CSV] 4,408,20335820,5250720,0,0,0,0,14991380,0
[E3IP-CSV] 4,409,20375270,5219190,0,0,0,0,15062290,0
[E3IP-CSV] 4,410,20174410,5189430,0,0,0,0,14889740,0
[E3IP-CSV] 4,411,19975350,5058450,0,0,0,0,14819640,0
[E3IP-CSV] 4,412,20257020,4903560,0,0,0,0,15254950,0
[E3IP-CSV] 4,413,20403940,5259650,0,0,0,0,15041080,0
[E3IP-CSV] 4,414,20318330,5218820,0,0,0,0,15004790,0
[E3IP-CSV] 4,415,21825360,5414020,0,0,0,0,16029400,0
[E3IP-CSV] 4,416,20002770,5117020,0,0,0,0,14792060,0
[E3IP-CSV] 4,417,19887670,5026050,0,0,0,0,14768550,0
[E3IP-CSV] 4,418,20028530,5073010,0,0,0,0,14852150,0
[E3IP-CSV] 4,419,19957730,5090360,0,0,0,0,14768230,0
[E3IP-CSV] 4,420,20129850,5217450,0,0,0,0,14817200,0
[E3IP-CSV] 4,421,20137920,5216530,0,0,0,0,14829280,0
[E3IP-CSV] 4,422,20336950,5213210,0,0,0,0,15022650,0
[E3IP-CSV] 4,423,20498040,5209560,0,0,0,0,15193460,0
[E3IP-CSV] 4,424,20188130,5173450,0,0,0,0,14922130,0
[E3IP-CSV] 4,425,20045880,5159000,0,0,0,0,14792710,0
[E3IP-CSV] 4,426,20135680,5219860,0,0,0,0,14822590,0
[E3IP-CSV] 4,427,20302750,5174430,0,0,0,0,15033530,0
[E3IP-CSV] 4,428,8704530,3297420,0,0,0,0,5327590,0
[E3IP-CSV] 4,429,20567360,5247370,0,0,0,0,15222560,0
[E3IP-CSV] 4,430,19264250,4802000,0,0,0,0,14368230,0
[E3IP-CSV] 4,431,20180970,5177790,0,0,0,0,14904520,0
[E3IP-CSV] 4,432,19579250,4814910,0,0,0,0,14665360,0
[E3IP-CSV] 4,433,20534050,5271700,0,0,0,0,15159030,0
[E3IP-CSV] 4,434,29526850,6865350,0,0,0,0,22561270,0
[E3IP-CSV] 4,435,20712010,4935830,0,0,0,0,15683270,0
[E3IP-CSV] 4,436,20508500,5292840,0,0,0,0,15121160,0
[E3IP-CSV] 4,437,20168930,5168330,0,0,0,0,14911930,0
[E3IP-CSV] 4,438,20496460,5254630,0,0,0,0,15145680,0
[E3IP-CSV] 4,439,19457500,4776250,0,0,0,0,14586690,0
[E3IP-CSV] 4,440,20521620,5255650,0,0,0,0,15159330,0
[E3IP-CSV] 4,441,18771300,4725220,0,0,0,0,13945680,0
[E3IP-CSV] 4,442,30745730,7443420,0,0,0,0,23194530,0
[E3IP-CSV] 4,443,20288380,5241800,0,0,0,0,14950930,0
[E3IP-CSV] 4,444,19772390,5075260,0,0,0,0,14596760,0
[E3IP-CSV] 4,445,20342560,5232090,0,0,0,0,15016410,0
[E3IP-CSV] 4,446,20233650,5161860,0,0,0,0,14978660,0
[E3IP-CSV] 4,447,20309020,5240430,0,0,0,0,14974960,0
[E3IP-CSV] 4,448,20163460,5176220,0,0,0,0,14891820,0
[E3IP-CSV] 4,449,20262190,4894200,0,0,0,0,15268740,0
[E3IP-CSV] 4,450,18902360,4744350,0,0,0,0,14066630,0
[E3IP-CSV] 4,451,20692600,5268980,0,0,0,0,15330770,0
[E3IP-CSV] 4,452,20203520,4977630,0,0,0,0,15130800,0
[E3IP-CSV] 4,453,19704940,4930190,0,0,0,0,14678730,0
[E3IP-CSV] 4,454,19847870,5084310,0,0,0,0,14670640,0
[E3IP-CSV] 4,455,20292310,5221200,0,0,0,0,14969110,0
[E3IP-CSV] 4,456,20086170,5107080,0,0,0,0,14885060,0
[E3IP-CSV] 4,457,20563250,5237820,0,0,0,0,15231700,0
[E3IP-CSV] 4,458,18402220,4786090,0,0,0,0,13523270,0
[E3IP-CSV] 4,459,20296610,5210750,0,0,0,0,14989210,0
[E3IP-CSV] 4,460,20049030,5152570,0,0,0,0,14801700,0
[E3IP-CSV] 4,461,20099030,5152660,0,0,0,0,14853260,0
[E3IP-CSV] 4,462,20844080,5205900,0,0,0,0,15542100,0
[E3IP-CSV] 4,463,20770890,4874020,0,0,0,0,15803430,0
[E3IP-CSV] 4,464,20580130,5213530,0,0,0,0,15269730,0
[E3IP-CSV] 4,465,20499230,5206600,0,0,0,0,15192530,0
[E3IP-CSV] 4,466,20456390,4861910,0,0,0,0,15227410,0
[E3IP-CSV] 4,467,27599690,6343230,0,0,0,0,21157970,0
[E3IP-CSV] 4,468,20261930,5236010,0,0,0,0,14930750,0
[E3IP-CSV] 4,469,19912290,5126990,0,0,0,0,14684580,0
[E3IP-CSV] 4,470,20333570,5281990,0,0,0,0,14957300,0
[E3IP-CSV] 4,471,20091290,5203370,0,0,0,0,14787920,0
[E3IP-CSV] 4,472,20469880,5203280,0,0,0,0,15175100,0
[E3IP-CSV] 4,473,19783850,4777730,0,0,0,0,14638340,0
[E3IP-CSV] 4,474,20426810,5205880,0,0,0,0,15120370,0
[E3IP-CSV] 4,475,26956830,6378010,0,0,0,0,20479070,0
[E3IP-CSV] 4,476,20129280,5197870,0,0,0,0,14833020,0
[E3IP-CSV] 4,477,20296310,5212880,0,0,0,0,14988430,0
[E3IP-CSV] 4,478,20513950,5215220,0,0,0,0,15203980,0
[E3IP-CSV] 4,479,20042060,5117370,0,0,0,0,14831430,0
[E3IP-CSV] 4,480,8640810,3271920,0,0,0,0,5288190,0
[E3IP-CSV] 4,481,20086530,5124900,0,0,0,0,14862410,0
[E3IP-CSV] 4,482,20544460,5233180,0,0,0,0,15217120,0
[E3IP-CSV] 4,483,20226090,5196820,0,0,0,0,14934530,0
[E3IP-CSV] 4,484,20216210,5184330,0,0,0,0,14932220,0
[E3IP-CSV] 4,485,20438050,5242410,0,0,0,0,15101280,0
[E3IP-CSV] 4,486,19565250,4846550,0,0,0,0,14614260,0
[E3IP-CSV] 4,487,20627210,5196640,0,0,0,0,15336700,0
[E3IP-CSV] 4,488,19758070,4955760,0,0,0,0,14700070,0
[E3IP-CSV] 4,489,9437880,3278170,0,0,0,0,6078480,0
[E3IP-CSV] 4,490,20224020,5183000,0,0,0,0,14945940,0
[E3IP-CSV] 4,491,19211570,4469690,0,0,0,0,14650130,0
[E3IP-CSV] 4,492,20326740,5208790,0,0,0,0,15024480,0
[E3IP-CSV] 4,493,20315820,5195190,0,0,0,0,15025140,0
[E3IP-CSV] 4,494,20256800,5233230,0,0,0,0,14928040,0
[E3IP-CSV] 4,495,20309350,5204470,0,0,0,0,15012050,0
[E3IP-CSV] 4,496,20211860,5236490,0,0,0,0,14873150,0
[E3IP-CSV] 4,497,20497050,5247110,0,0,0,0,15155270,0
[E3IP-CSV] 4,498,20332190,5214670,0,0,0,0,15019770,0
[E3IP-CSV] 4,499,20148120,5200160,0,0,0,0,14851700,0
[E3IP-SUMMARY] chain_len=4 e2e_avg=19301351 publish_avg=4985011 sched_avg=14208557

*** FATAL ***
fatal source: 9 (RTEMS_FATAL_SOURCE_EXCEPTION)

R0   = 0x015957f8 R8  = 0x00000000
R1   = 0x00000000 R9  = 0x00000000
R2   = 0x00000010 R10 = 0x00000000
R3   = 0x015958f8 R11 = 0x00000000
R4   = 0x00c00f78 R12 = 0x015958f8
R5   = 0x002d050d SP  = 0x015957e8
R6   = 0x00000000 LR  = 0x00000000
R7   = 0x015957e8 PC  = 0x002d0594
CPSR = 0x600d0173 VEC = 0x00000001
FPEXC = 0x40000000
FPSCR = 0x20000010
D00 = 0x0000000000000000
D01 = 0x0000000000000001
D02 = 0x0000000000000000
D03 = 0x0000000127970001
D04 = 0x017f0f0100000000
D05 = 0x0324000000000001
D06 = 0x27970001017f0f01
D07 = 0x000186a00061a800
D08 = 0x0000000000000000
D09 = 0x0000000000000000
D10 = 0x0000000000000000
D11 = 0x0000000000000000
D12 = 0x0000000000000000
D13 = 0x0000000000000000
D14 = 0x0000000000000000
D15 = 0x0000000000000000
D16 = 0x0000000000000000
D17 = 0x0000000000000000
D18 = 0x0000000000000000
D19 = 0x0000000000000000
D20 = 0x00a9c76400a9c750
D21 = 0x00a9c79400a9c778
D22 = 0x00a9c6ac00a9c69c
D23 = 0x00a9c6cc00a9c6bc
D24 = 0x00a9c66c00a9c65c
D25 = 0x00a9c68c00a9c67c
D26 = 0x00a9c5f800a9c5d0
D27 = 0x00a9c63800a9c61c
D28 = 0x00a9c57800a9c548
D29 = 0x00a9c5b000a9c594
D30 = 0x00a9ca3000a9ca30
D31 = 0x00a9c53c00a9c530
RTEMS version: 6.1.0.not-released
RTEMS tools: 13.3.0 20240521 (RTEMS 6, RSB no-repo, Newlib 1b3dcfd)
executing thread ID: 0x0a010001
executing thread name: UI1 
