audio: Device lm4549: audiodev default parameter is deprecated, please specify audiodev=none

RTEMS Shell on /dev/console. Use 'help' to list commands.
SHLL [/] # nexus0: <RTEMS Nexus device>
info: lo0: link state changed to UP
=== Exp2-MT: Task Chain (n=3) MultiThreadedExecutor ===
Period: 200ms, Rounds: 500
[E2MT-CSV] chain_len,round,e2e_ns,publish_ns,gc_trigger_ns,invoke_cb_ns,getnext_ns,take_data_ns,sched_ns,dispatch_ns
666666
CPP Msg not nullptr
CPP Msg not nullptr
CPP Msg not nullptr
CPP Msg not nullptr
C Msg not NULL
C Msg not NULL
CPP Srv not nullptr
CPP Srv not nullptr
CPP Srv not nullptr
CPP Srv not nullptr
CPP Srv not nullptr
CPP Srv not nullptr
CPP Msg not nullptr
CPP Msg not nullptr
CPP Msg not nullptr
CPP Msg not nullptr
CPP Msg not nullptr
CPP Msg not nullptr
C Msg not NULL
C Msg not NULL
CPP Srv not nullptr
CPP Srv not nullptr
CPP Srv not nullptr
CPP Srv not nullptr
CPP Srv not nullptr
CPP Srv not nullptr
CPP Msg not nullptr
CPP Msg not nullptr
CPP Msg not nullptr
CPP Msg not nullptr
CPP Msg not nullptr
CPP Msg not nullptr
CPP Msg not nullptr
CPP Msg not nullptr
C Msg not NULL
C Msg not NULL
CPP Srv not nullptr
CPP Srv not nullptr
CPP Srv not nullptr
CPP Srv not nullptr
CPP Srv not nullptr
CPP Srv not nullptr
CPP Msg not nullptr
CPP Msg not nullptr
CPP Msg not nullptr
CPP Msg not nullptr
CPP Msg not nullptr
CPP Msg not nullptr
[E2MT-CSV] 3,10,14208690,1209610,85020,25900,771450,408570,12893470,118560
[E2MT-CSV] 3,11,14086820,1218310,85780,26000,762980,408970,12753690,97510
[E2MT-CSV] 3,12,14432940,1224570,86020,25150,821430,304370,13100320,326720
[E2MT-CSV] 3,13,14898580,1252440,86810,26200,791390,434670,13536110,111340
[E2MT-CSV] 3,14,13925630,1209770,86150,27040,712950,343830,12599530,100920
[E2MT-CSV] 3,15,14660020,1036470,83610,25890,692680,221410,13492380,94270
[E2MT-CSV] 3,16,14455060,1217200,88080,27680,892830,423310,13139620,97950
[E2MT-CSV] 3,17,8222840,889290,61600,23360,326980,140730,7237770,152570
[E2MT-CSV] 3,18,12148300,1882310,93180,27470,497520,82280,10111220,32120
[E2MT-CSV] 3,19,14525230,1350940,99150,25390,897480,285090,12888040,111330
[E2MT-CSV] 3,20,14017140,1300330,85520,27820,776830,425030,12619580,108390
[E2MT-CSV] 3,21,13334240,1113340,80220,25870,576750,227260,12115570,87160
[E2MT-CSV] 3,22,5472930,568300,39580,12870,245190,105860,4845750,42770
[E2MT-CSV] 3,23,14576470,1253590,89820,27310,618280,251250,13217730,101670
[E2MT-CSV] 3,24,17222170,1658780,98520,27730,760220,315790,15451300,129720
[E2MT-CSV] 3,25,13565720,1289770,84050,27140,715510,240460,12169290,94550
[E2MT-CSV] 3,26,14726440,1397260,368740,28380,736590,363250,13215840,269010
[E2MT-CSV] 3,27,6531830,673420,44270,14110,162380,70730,5788250,30530
[E2MT-CSV] 3,28,14690980,1438720,94770,27740,812260,293780,13146180,107870
[E2MT-CSV] 3,29,14802250,1433110,91170,28080,818110,262450,13259210,110040
[E2MT-CSV] 3,30,14066250,1325550,82920,25310,605950,246100,12635900,95500
[E2MT-CSV] 3,31,16641380,1253590,83950,26930,801570,281410,15283470,112160
[E2MT-CSV] 3,32,15171680,1436240,93440,27680,859140,294020,13629490,104510
[E2MT-CSV] 3,33,14460110,1435720,96820,27230,658520,278600,12923400,111350
[E2MT-CSV] 3,34,14512980,1234160,86100,27710,893520,364890,13172860,106090
[E2MT-CSV] 3,35,14630610,1364790,88610,27600,719800,255780,13171480,96000
[E2MT-CSV] 3,36,14468630,1212350,96590,26760,702300,348590,13155650,265880
[E2MT-CSV] 3,37,11848910,911290,70830,25720,717820,241110,10865460,101470
[E2MT-CSV] 3,38,14518030,1564710,266680,29140,821860,269150,12846730,100290
[E2MT-CSV] 3,39,15355460,1454760,95200,28230,567340,220970,13795100,78360
[E2MT-CSV] 3,40,6984650,869080,62310,20130,164580,70770,6016940,29890
[E2MT-CSV] 3,41,17663550,1261180,89010,29350,999600,352060,16292360,304600
[E2MT-CSV] 3,42,6850520,674830,56240,16820,173580,77960,6080790,31000
[E2MT-CSV] 3,43,14365200,1407550,89300,27290,892160,371010,12847310,101750
[E2MT-CSV] 3,44,14961100,1550720,89540,28980,794510,268430,13306510,99530
[E2MT-CSV] 3,45,14813100,1376780,85560,27250,626850,255070,13332250,100200
[E2MT-CSV] 3,46,14685340,1215550,84850,27360,611790,254940,13361390,281630
[E2MT-CSV] 3,47,16365960,1230300,97170,29280,833190,430330,14870610,296080
[E2MT-CSV] 3,48,15606640,1506050,89230,25410,642720,259980,14002120,99680
[E2MT-CSV] 3,49,15018120,1437560,94940,27990,816640,271440,13468620,103030
[E2MT-CSV] 3,50,14634860,1479250,104360,26920,746550,379240,13055730,103480
[E2MT-CSV] 3,51,14909480,1223710,89480,27970,822380,260520,13584000,103610
[E2MT-CSV] 3,52,14650380,1224720,90480,28600,927860,389190,13325540,111520
[E2MT-CSV] 3,53,14958750,1443120,94310,28070,640180,270080,13398350,104150
[E2MT-CSV] 3,54,14911140,1564480,94250,28270,827050,284760,13239680,110490
[E2MT-CSV] 3,55,14660530,1440450,250980,29680,800410,274460,13104000,102780
[E2MT-CSV] 3,56,14553510,1234990,87750,27190,885560,424970,13213570,100580
[E2MT-CSV] 3,57,8874060,610140,51240,15050,767670,367460,8197390,84270
[E2MT-CSV] 3,58,15680670,1357150,91380,28350,1099870,498310,14209120,147830
[E2MT-CSV] 3,59,14874980,1400080,89590,27710,812050,270200,13204060,102490
[E2MT-CSV] 3,60,14169800,1446070,93740,27610,703070,388720,12616120,82820
[E2MT-CSV] 3,61,6226010,884400,62350,17690,159010,63640,5245290,28480
[E2MT-CSV] 3,62,3180240,284750,23650,6530,252210,156470,2863580,32410
[E2MT-CSV] 3,63,17809610,1425190,92560,26850,1394980,862550,16270270,159870
[E2MT-CSV] 3,64,7252010,817010,55070,17460,168470,65530,6335030,26990
[E2MT-CSV] 3,65,6363830,962670,58520,17410,150010,64790,5303970,26180
[E2MT-CSV] 3,66,14700780,1420350,93230,26580,642070,275530,13176700,103530
[E2MT-CSV] 3,67,9352030,779330,67120,25830,581620,313190,8472380,82750
[E2MT-CSV] 3,68,14803570,1539330,90130,28330,802940,271130,13156550,112950
[E2MT-CSV] 3,69,6430680,819830,211340,17320,154750,65600,5505320,30140
[E2MT-CSV] 3,70,14299310,1196180,83570,27720,876170,350710,13002910,105390
[E2MT-CSV] 3,71,18722250,2292080,341850,30130,1244720,361280,16262170,177240
[E2MT-CSV] 3,72,14839740,1605920,92390,27980,828980,282600,13121570,113660
[E2MT-CSV] 3,73,8059870,1030670,59320,19810,159020,69580,6925490,29520
[E2MT-CSV] 3,74,14874650,1454010,274300,28360,799800,267890,13310570,107220
[E2MT-CSV] 3,75,15013250,1370310,87070,27750,802920,279210,13543140,108690
[E2MT-CSV] 3,76,15539500,1334720,99440,27330,695490,338800,14107250,102250
[E2MT-CSV] 3,77,8793710,1049520,67970,18390,389890,168110,7646190,64600
[E2MT-CSV] 3,78,16287500,1419360,360960,29870,893490,483990,14731580,124140
[E2MT-CSV] 3,79,14789740,1368220,90450,27360,759090,413180,13309940,95370
[E2MT-CSV] 3,80,14932130,1454480,90600,28300,617420,259810,13365610,105430
[E2MT-CSV] 3,81,15215580,1251840,87660,28690,619190,257050,13856270,367690
[E2MT-CSV] 3,82,10925840,1242480,319840,20510,532530,223400,9591730,88130
[E2MT-CSV] 3,83,16699010,1574280,258930,31400,1183420,540680,15013370,133760
[E2MT-CSV] 3,84,15318090,1489710,96420,29170,638380,262920,13720830,226380
[E2MT-CSV] 3,85,14726400,1505160,88010,26980,749760,264320,13123010,106130
[E2MT-CSV] 3,86,17188070,1545610,256540,29090,1339310,688100,15539580,147740
[E2MT-CSV] 3,87,13443420,1335020,91370,26530,700990,226100,11991580,91210
[E2MT-CSV] 3,88,17804810,1755540,99250,28460,950480,341300,15932260,121840
[E2MT-CSV] 3,89,6794700,986170,56860,17630,157110,66740,5710110,28370
[E2MT-CSV] 3,90,14966530,1256950,100550,26960,865900,487180,13604740,103790
[E2MT-CSV] 3,91,14150000,1332340,87180,27880,782930,423160,12713880,104270
[E2MT-CSV] 3,92,11053150,1221280,69310,19900,533780,235690,9742350,96470
[E2MT-CSV] 3,93,6721270,911320,59480,16340,160550,71390,5709970,31380
[E2MT-CSV] 3,94,15230990,1531410,89980,26980,657940,268010,13593750,118210
[E2MT-CSV] 3,95,14859780,1220450,260050,29220,802260,264030,13260680,118370
[E2MT-CSV] 3,96,14749320,1513650,86610,27630,628900,251890,13136020,100540
[E2MT-CSV] 3,97,15842240,1146590,83860,24550,969350,519770,14602260,127140
[E2MT-CSV] 3,98,14852660,1365670,91040,28420,798420,266980,13381440,100600
[E2MT-CSV] 3,99,14437130,1542460,91210,185470,871780,252480,12785180,115910
[E2MT-CSV] 3,100,14358050,1064190,84960,27940,881800,429540,12912270,95640
[E2MT-CSV] 3,101,14660180,1015950,83600,26870,810600,442790,13543010,106790
[E2MT-CSV] 3,102,8522670,975450,59250,18350,550020,338270,7455040,71320
[E2MT-CSV] 3,103,6467580,1000160,57530,17460,166300,69960,5367900,30110
[E2MT-CSV] 3,104,15719690,1442270,88910,27610,799300,267820,14166720,99740
[E2MT-CSV] 3,105,6304760,709510,57170,17530,156350,69440,5496990,26840
[E2MT-CSV] 3,106,14617850,1333730,86310,27440,737370,255850,13194530,97870
[E2MT-CSV] 3,107,10792620,1094400,81550,23790,478840,209690,9622380,84490
[E2MT-CSV] 3,108,16994360,1582960,92410,27420,824340,366450,15307120,137600
[E2MT-CSV] 3,109,14958800,1413730,92110,29010,804950,434350,13438020,102100
[E2MT-CSV] 3,110,14892400,1549270,90350,27050,817540,275720,13233860,107320
[E2MT-CSV] 3,111,15242230,1540170,105130,27590,781670,220670,13590930,76260
[E2MT-CSV] 3,112,8683110,1010140,62190,18460,449240,236810,7565760,61230
[E2MT-CSV] 3,113,14903890,1408370,90810,27090,642780,259850,13382220,275290
[E2MT-CSV] 3,114,15508470,2047180,95150,28740,778780,395770,13355320,113090
[E2MT-CSV] 3,115,15007100,1552460,89650,201700,804220,269860,13340250,117930
[E2MT-CSV] 3,116,15037080,1326820,91400,27360,803160,257360,13603350,106100
[E2MT-CSV] 3,117,9388930,961560,260600,23120,444040,185910,8350380,73510
[E2MT-CSV] 3,118,14852200,1560260,92750,29460,790110,262780,13146900,107530
[E2MT-CSV] 3,119,14372020,1412140,245250,26220,628670,270720,12854120,103630
[E2MT-CSV] 3,120,14713200,1365040,86530,28050,607800,248260,13251200,102250
[E2MT-CSV] 3,121,14973430,1350270,87510,27490,785880,253780,13518470,100960
[E2MT-CSV] 3,122,6738310,588090,49160,14570,300210,131240,6074940,48330
[E2MT-CSV] 3,123,14783350,1255240,93380,26250,641030,275870,13245110,103630
[E2MT-CSV] 3,124,14930420,1688810,113240,35130,640740,277000,13130270,102980
[E2MT-CSV] 3,125,14942420,1567940,91070,27260,798370,260020,13263460,101240
[E2MT-CSV] 3,126,14662100,1332520,101780,27340,794240,421260,13219100,106700
[E2MT-CSV] 3,127,5608240,583080,42430,11940,258730,112170,4965690,93980
[E2MT-CSV] 3,128,14896750,1494210,94190,28820,623910,255850,13287540,100310
[E2MT-CSV] 3,129,9685040,621190,52530,16080,1075180,546460,9016240,116500
[E2MT-CSV] 3,130,14960060,1539430,97190,27790,805180,267120,13304450,102240
[E2MT-CSV] 3,131,16354570,1473510,278550,26920,679210,289510,14766530,110110
[E2MT-CSV] 3,132,15949030,2783680,110470,35000,649910,279360,13054120,387770
[E2MT-CSV] 3,133,7981170,893350,66900,20320,160570,70510,6976290,32880
[E2MT-CSV] 3,134,7471630,973470,58650,17050,153360,66740,6397810,29300
[E2MT-CSV] 3,135,6172580,822370,56720,17070,148350,65570,5256630,24720
[E2MT-CSV] 3,136,14160170,1347940,84980,26470,625260,263830,12714790,97850
[E2MT-CSV] 3,137,9309800,789490,62780,18900,343370,144570,8179250,59110
[E2MT-CSV] 3,138,6294030,895660,71990,17630,170150,74560,5300530,31680
[E2MT-CSV] 3,139,7498210,978220,59110,17520,156210,68250,6419890,29120
[E2MT-CSV] 3,140,14704510,1199860,86020,26860,788470,247660,13405970,99550
[E2MT-CSV] 3,141,10740080,1254050,57660,17550,500130,211450,9386520,76120
[E2MT-CSV] 3,142,9112560,669900,45080,14450,601460,192380,8392340,81730
[E2MT-CSV] 3,143,14865900,1362000,89290,28290,633190,260450,13388240,307870
[E2MT-CSV] 3,144,17705320,1434890,92660,28080,814520,329280,16162840,469160
[E2MT-CSV] 3,145,17144750,1541050,100690,28400,843350,366390,15504310,126730
[E2MT-CSV] 3,146,17446470,1888890,554470,39790,1122260,305930,15139560,113020
[E2MT-CSV] 3,147,6293590,911500,59910,17770,167420,74610,5274050,31200
[E2MT-CSV] 3,148,17892620,1475790,101800,29130,973150,359560,16307610,128800
[E2MT-CSV] 3,149,14755410,1351990,89010,36280,795020,429840,13297410,101000
[E2MT-CSV] 3,150,14283840,1578520,90630,27920,576400,247540,12594450,98010
[E2MT-CSV] 3,151,14714240,1359660,98220,27500,806070,436510,13247660,99210
[E2MT-CSV] 3,152,11627490,1397590,81330,23480,807510,237800,10121840,91080
[E2MT-CSV] 3,153,15459160,1106310,92090,26290,837070,281550,13926790,110670
[E2MT-CSV] 3,154,14424550,1287300,92090,29730,606560,246240,12504750,94430
[E2MT-CSV] 3,155,14687470,1365800,90570,28030,807370,448250,13222700,98290
[E2MT-CSV] 3,156,14977630,1352470,89590,27480,790940,264550,13520570,109360
[E2MT-CSV] 3,157,7375410,775500,58110,18740,168630,75530,6209060,32170
[E2MT-CSV] 3,158,15401180,1540310,87030,27690,895310,369000,13751570,107370
[E2MT-CSV] 3,159,14596710,1543730,260830,28760,779370,257280,12943910,99860
[E2MT-CSV] 3,160,15412730,2792540,96470,26500,874760,336970,12514550,102790
[E2MT-CSV] 3,161,13931020,1237100,87450,27020,861730,350480,12582240,103080
[E2MT-CSV] 3,162,14833500,1147670,87640,25100,737640,252620,13590100,98940
[E2MT-CSV] 3,163,17544930,1630620,111650,29150,818260,352150,15792920,131490
[E2MT-CSV] 3,164,17772380,1477220,90290,28480,1143290,539580,16184360,128740
[E2MT-CSV] 3,165,15020260,1568880,89360,28210,814720,278460,13345290,99970
[E2MT-CSV] 3,166,14957030,1615330,94120,28820,650700,290010,13232400,99400
[E2MT-CSV] 3,167,3153580,279910,23370,6650,166080,72330,2838150,33360
[E2MT-CSV] 3,168,17287990,1373610,115750,29470,925610,487790,15651500,87710
[E2MT-CSV] 3,169,14816780,1355930,89170,28900,784060,423880,13352650,101160
[E2MT-CSV] 3,170,14992160,1388530,88330,27870,662240,273960,13498450,120830
[E2MT-CSV] 3,171,7160040,630510,52030,17280,145690,62430,6439660,24770
[E2MT-CSV] 3,172,4845630,458060,32810,8790,393830,236870,4344160,47990
[E2MT-CSV] 3,173,7207430,876670,56350,18300,153410,66250,6227750,28730
[E2MT-CSV] 3,174,15757410,1634360,98890,28660,594900,251120,14015940,86430
[E2MT-CSV] 3,175,14845210,1430100,92290,28450,815390,263430,13310810,101290
[E2MT-CSV] 3,176,6112860,1004210,67160,17520,155260,68290,5008920,27770
[E2MT-CSV] 3,177,7593220,600610,39590,12750,308280,114400,6932910,46370
[E2MT-CSV] 3,178,7214890,885300,58770,18080,163900,73830,6209310,31190
[E2MT-CSV] 3,179,13903440,1295280,86060,25250,709510,235390,12498900,96510
[E2MT-CSV] 3,180,14656430,1321380,95550,27150,806760,263890,13228290,101900
[E2MT-CSV] 3,181,15928700,1670260,103230,34560,464440,202310,13852950,73890
[E2MT-CSV] 3,182,5194490,418430,32600,10480,274500,130080,4728050,110360
[E2MT-CSV] 3,183,7255450,722500,61410,17030,164500,71780,6418090,30700
[E2MT-CSV] 3,184,14649920,1593040,104020,28420,606460,260180,12942310,96300
[E2MT-CSV] 3,185,14635790,1356250,99690,27920,781400,266650,13165170,101080
[E2MT-CSV] 3,186,14590390,1445480,86550,26660,740620,383810,13030290,98480
[E2MT-CSV] 3,187,4836020,474070,42430,16010,233190,99720,4304770,40900
[E2MT-CSV] 3,188,14774470,1309080,90350,37840,750450,266580,13345980,272120
[E2MT-CSV] 3,189,15663210,1456280,90740,28500,673560,295280,14089930,236430
[E2MT-CSV] 3,190,14601860,1478430,90000,27540,735520,375680,13018160,113720
[E2MT-CSV] 3,191,14679960,1492240,85420,28190,732430,267630,13085620,93390
[E2MT-CSV] 3,192,11856940,2016880,113160,37080,960850,431140,9681200,107520
[E2MT-CSV] 3,193,15501690,1370870,90510,28220,903840,445610,14017530,118540
[E2MT-CSV] 3,194,14426610,1347920,90290,28330,906240,531450,12967190,109040
[E2MT-CSV] 3,195,15075680,1356230,91630,28990,848380,464060,13607580,113890
[E2MT-CSV] 3,196,14646500,1218110,99100,26790,805500,434650,13326350,102670
[E2MT-CSV] 3,197,4400460,407690,33290,10470,277430,155900,3941910,37310
[E2MT-CSV] 3,198,15251060,1297100,92820,27060,659830,274790,13829810,283670
[E2MT-CSV] 3,199,14727340,1593110,104340,212250,807230,272900,13020110,107270
[E2MT-CSV] 3,200,16795610,1562110,94040,27970,733700,315400,15116920,125660
[E2MT-CSV] 3,201,14776750,1360590,89680,27910,788570,428120,13304170,110480
[E2MT-CSV] 3,202,5127770,508160,47680,12990,218040,94540,4551100,39130
[E2MT-CSV] 3,203,17092480,1605790,93940,27330,1250360,370360,15374120,150600
[E2MT-CSV] 3,204,6729830,1002250,57490,17600,219810,74250,5629320,29660
[E2MT-CSV] 3,205,6509330,908520,53670,17340,189210,62720,5505060,23640
[E2MT-CSV] 3,206,12208880,1534800,90850,28600,654990,205070,10565450,78470
[E2MT-CSV] 3,207,4523190,400470,32120,10570,216790,93620,4071600,38910
[E2MT-CSV] 3,208,14985840,1583410,94860,36620,799310,271890,13286460,100360
[E2MT-CSV] 3,209,6408570,1003500,59680,18780,156440,68230,5299720,28740
[E2MT-CSV] 3,210,7986760,998870,65800,17590,145960,62850,6885720,25370
[E2MT-CSV] 3,211,14921630,1352140,89290,27920,623070,260180,13468790,297100
[E2MT-CSV] 3,212,7025700,754630,51090,14640,296380,128340,6197060,52720
[E2MT-CSV] 3,213,14488080,1213760,88020,26080,624240,266920,12893230,97560
[E2MT-CSV] 3,214,14657750,1568280,91440,28070,802710,269690,12983340,97140
[E2MT-CSV] 3,215,14320430,1473770,87460,27800,628400,257980,12756980,92640
[E2MT-CSV] 3,216,14137350,1310250,86060,27200,793930,252140,12725270,101270
[E2MT-CSV] 3,217,13716820,1053470,79230,24020,815290,444160,12577720,103570
[E2MT-CSV] 3,218,15643910,1292810,92330,28550,857030,268400,14242230,225550
[E2MT-CSV] 3,219,15056620,1621000,90680,325520,828520,283190,13320890,103470
[E2MT-CSV] 3,220,14535400,1325940,88910,27580,889190,349480,13095770,102320
[E2MT-CSV] 3,221,14919360,1448400,87180,25840,605530,246950,13377380,91420
[E2MT-CSV] 3,222,6045860,637910,62170,23150,264630,115930,5318020,42810
[E2MT-CSV] 3,223,8604690,718580,61660,18450,168400,73540,7612060,29770
[E2MT-CSV] 3,224,14806210,1594050,92590,26730,620540,258050,13084300,111320
[E2MT-CSV] 3,225,14976120,1622760,95000,29670,616250,260000,13240670,108620
[E2MT-CSV] 3,226,14965330,1502720,91890,27700,791250,259960,13344430,99830
[E2MT-CSV] 3,227,5623240,691250,53350,16320,252690,108010,4857010,44800
[E2MT-CSV] 3,228,15122300,1277520,101960,27140,822940,442930,13735150,117200
[E2MT-CSV] 3,229,14951970,1642760,257920,29840,796180,260630,13194560,98390
[E2MT-CSV] 3,230,16674520,1532900,89320,28410,868700,457440,15040120,109820
[E2MT-CSV] 3,231,14818210,1331030,85110,39120,805190,433100,13391700,98030
[E2MT-CSV] 3,232,6512730,609930,44960,14310,318200,140260,5825080,54800
[E2MT-CSV] 3,233,19340730,1914400,118120,34620,599150,263290,17268220,94400
[E2MT-CSV] 3,234,17001060,1574020,92400,27790,968960,348070,15318070,144410
[E2MT-CSV] 3,235,15493360,1680980,102620,35390,485560,221610,13654520,74990
[E2MT-CSV] 3,236,8205310,836790,60690,32230,175350,70960,7259780,30260
[E2MT-CSV] 3,237,16614340,1458630,101280,28920,1213480,346300,15046520,138310
[E2MT-CSV] 3,238,11458770,941140,76220,23780,439270,178270,10251970,79080
[E2MT-CSV] 3,239,13195460,1041390,88210,42650,703900,230710,12046660,88310
[E2MT-CSV] 3,240,14362290,1561470,247300,27780,870150,350570,12690880,102860
[E2MT-CSV] 3,241,7265950,801270,52920,16810,146690,63100,6365520,68380
[E2MT-CSV] 3,242,6746490,544560,53070,13620,172580,75020,6126370,30270
[E2MT-CSV] 3,243,6631040,716210,60870,16570,162070,69700,5802250,30560
[E2MT-CSV] 3,244,14152800,1590250,261270,31250,791880,262440,12442640,104410
[E2MT-CSV] 3,245,14726990,1493790,89550,26450,741830,273030,13135320,107310
[E2MT-CSV] 3,246,16276700,1332710,88290,27700,962770,345860,14836460,133770
[E2MT-CSV] 3,247,6986440,554000,47800,13510,168650,73830,6353550,31340
[E2MT-CSV] 3,248,12268080,1449530,92920,27490,732010,221330,10699320,87650
[E2MT-CSV] 3,249,8462760,727530,56830,18530,201120,73510,7477580,28790
[E2MT-CSV] 3,250,14574250,1334730,85750,27600,909670,430590,13137790,99190
[E2MT-CSV] 3,251,13166430,2540080,125460,40250,814720,515440,10505000,79560
[E2MT-CSV] 3,252,5849510,659480,41830,12980,256090,107960,5124840,42120
[E2MT-CSV] 3,253,14872160,1579710,91670,28680,794230,258000,13177370,105000
[E2MT-CSV] 3,254,14861300,1648970,95000,28830,622880,262040,13100250,107300
[E2MT-CSV] 3,255,15143930,1409080,88250,26900,664540,276440,13626170,104800
[E2MT-CSV] 3,256,14271050,1484100,87680,27310,614940,255880,12691310,95690
[E2MT-CSV] 3,257,5818090,660100,42200,12670,264630,114940,5091800,45480
[E2MT-CSV] 3,258,14768560,1538110,257340,27780,799920,267260,13130330,109690
[E2MT-CSV] 3,259,14871130,1361180,91820,29360,832990,453960,13402760,111070
[E2MT-CSV] 3,260,14997280,1562070,90460,28810,649450,264760,13333810,109250
[E2MT-CSV] 3,261,14740600,1474520,87780,26820,736980,261520,13165200,108470
[E2MT-CSV] 3,262,10602720,1358120,81320,23410,407610,173140,9124760,66100
[E2MT-CSV] 3,263,6852330,843360,58000,18000,152490,65850,5899540,28000
[E2MT-CSV] 3,264,15381650,1253660,88560,184070,661840,286890,14015600,277030
[E2MT-CSV] 3,265,15760560,1641490,96660,29030,666220,279290,13997660,104460
[E2MT-CSV] 3,266,15118120,1488220,92450,27770,819180,262590,13523220,105660
[E2MT-CSV] 3,267,6608660,908530,52570,15340,260730,107130,5611350,35190
[E2MT-CSV] 3,268,15626000,1521840,96040,30110,663270,285800,13980210,116600
[E2MT-CSV] 3,269,14530110,1230240,88750,28540,913240,546900,13194210,102320
[E2MT-CSV] 3,270,14845020,1228710,88500,27200,800840,256750,13517040,98410
[E2MT-CSV] 3,271,14687320,1376240,85320,27700,727450,261750,13218520,93720
[E2MT-CSV] 3,272,5028140,462720,37270,23900,224820,99340,4509850,40340
[E2MT-CSV] 3,273,15394160,1472460,94410,27780,662420,295460,13498130,278910
[E2MT-CSV] 3,274,14173490,1213760,86570,27490,611730,253800,12851210,268010
[E2MT-CSV] 3,275,14690980,1214640,86750,27600,624860,267170,13372170,102200
[E2MT-CSV] 3,276,6642510,876260,56680,17360,154750,69580,5677360,25680
[E2MT-CSV] 3,277,13288360,1011460,90860,49630,761530,379440,12021490,267550
[E2MT-CSV] 3,278,14746950,1429030,91180,205900,794300,268460,13207430,101190
[E2MT-CSV] 3,279,14468720,1339570,89340,28290,902340,526980,13019570,107610
[E2MT-CSV] 3,280,14831970,1230480,88380,35200,793960,261410,13495030,102930
[E2MT-CSV] 3,281,6570440,847880,54460,17440,153120,65090,5626500,26790
[E2MT-CSV] 3,282,10699310,807740,58440,17320,606490,318170,9811210,86780
[E2MT-CSV] 3,283,6092850,864500,57830,17800,163970,76000,5109470,42130
[E2MT-CSV] 3,284,18484860,1734590,103400,31830,986860,364850,16643140,328340
[E2MT-CSV] 3,285,15565940,1267610,91840,28460,775060,199840,14196870,86450
[E2MT-CSV] 3,286,14761540,1228880,86260,27450,645010,274290,13432930,264670
[E2MT-CSV] 3,287,4222120,245100,20510,5830,288600,125880,3947860,51220
[E2MT-CSV] 3,288,6219890,857370,56460,16030,163390,72190,5270150,29490
[E2MT-CSV] 3,289,6460640,683440,56140,17900,162820,69880,5488270,78840
[E2MT-CSV] 3,290,6253210,911240,61840,17370,170240,65110,5240050,27050
[E2MT-CSV] 3,291,9770060,844050,55420,18090,381100,65360,8827680,25260
[E2MT-CSV] 3,292,9375740,958230,61210,20190,612880,174790,8320860,68550
[E2MT-CSV] 3,293,15318860,1228940,88040,27620,673260,279020,13986600,102960
[E2MT-CSV] 3,294,16187500,1498110,96320,27930,968800,239030,14581350,83440
[E2MT-CSV] 3,295,8542380,660860,53530,17590,300490,212690,7615230,27700
[E2MT-CSV] 3,296,14676590,1307400,86370,27880,736640,257510,13266920,264240
[E2MT-CSV] 3,297,4106280,243910,20320,6150,320550,119470,3834220,50610
[E2MT-CSV] 3,298,14890200,1428250,253620,29220,803780,262640,13341730,108770
[E2MT-CSV] 3,299,14430620,1231810,89030,28200,924820,549310,13091540,109030
[E2MT-CSV] 3,300,14987740,1506110,93640,28260,862620,265560,13373270,103150
[E2MT-CSV] 3,301,14942260,1238530,86860,27670,815140,452690,13599410,99330
[E2MT-CSV] 3,302,2926280,252280,21160,6400,209750,72430,2644990,29790
[E2MT-CSV] 3,303,14719690,1433210,91570,27340,797390,268290,13174590,105740
[E2MT-CSV] 3,304,14103530,1376630,97080,26990,778660,244920,12618810,96120
[E2MT-CSV] 3,305,14310730,1204850,245460,28960,787120,252600,12997780,101260
[E2MT-CSV] 3,306,6742440,843300,53890,16560,156150,61580,5811110,23930
[E2MT-CSV] 3,307,9785440,1063500,71320,21910,506840,284050,8615100,69540
[E2MT-CSV] 3,308,14839190,1438550,89420,27590,618920,253500,13292840,99460
[E2MT-CSV] 3,309,16132550,1491390,100580,29260,946130,275740,14531940,95580
[E2MT-CSV] 3,310,14668780,1486760,286000,31020,791550,260800,13073290,100350
[E2MT-CSV] 3,311,14853770,1357380,93990,26830,623050,257990,13398230,100020
[E2MT-CSV] 3,312,13566810,1331540,87740,27220,688520,221860,12127150,89330
[E2MT-CSV] 3,313,14798510,1487300,92860,27630,614740,258880,13193870,106060
[E2MT-CSV] 3,314,8155310,873600,57900,16920,217350,118140,7167190,31640
[E2MT-CSV] 3,315,13268060,1508420,91640,25620,541580,223850,11644070,91400
[E2MT-CSV] 3,316,14533790,1226250,90190,28190,924810,374470,13202220,101230
[E2MT-CSV] 3,317,8985860,919190,66590,20900,441310,158420,7967880,68210
[E2MT-CSV] 3,318,6556210,899380,57290,16930,159110,70590,5559230,30260
[E2MT-CSV] 3,319,6618020,858010,57200,17440,155450,68540,5662080,73280
[E2MT-CSV] 3,320,14915590,1232750,90950,28120,789640,438670,13575690,99510
[E2MT-CSV] 3,321,16860570,1495610,95380,28850,711900,306910,15255580,141720
[E2MT-CSV] 3,322,3098440,363600,22460,6590,167360,74610,2703340,31650
[E2MT-CSV] 3,323,17987090,1322820,94560,28340,1043190,363470,16350200,129880
[E2MT-CSV] 3,324,6036190,986870,61040,17780,153460,65880,4944240,27720
[E2MT-CSV] 3,325,7667860,939950,55680,16960,155370,68420,6623580,34540
[E2MT-CSV] 3,326,14888280,1240510,89470,29170,815750,437830,13537110,105500
[E2MT-CSV] 3,327,3227620,586730,19180,5560,154890,67130,2547290,27590
[E2MT-CSV] 3,328,17790880,1464610,92260,29390,987530,346520,16191480,127780
[E2MT-CSV] 3,329,16678320,1773970,97450,29180,845330,308040,14791870,114780
[E2MT-CSV] 3,330,14132420,1190080,83430,26440,790730,245530,12843150,100300
[E2MT-CSV] 3,331,7203570,961270,56270,18020,152050,65380,6146180,27850
[E2MT-CSV] 3,332,3133800,415460,19360,5880,160620,69330,2622130,30360
[E2MT-CSV] 3,333,12830380,1428180,354070,27780,601250,212990,11289210,88850
[E2MT-CSV] 3,334,8165210,680850,55580,17950,197260,70640,7385460,28920
[E2MT-CSV] 3,335,14484670,1183670,84040,27250,803080,262600,13017450,95220
[E2MT-CSV] 3,336,13623910,942950,80690,26010,752420,249420,12423870,87570
[E2MT-CSV] 3,337,12761670,1266040,79710,24410,465310,187550,11388990,76120
[E2MT-CSV] 3,338,14513070,1031840,85870,27770,794320,429160,13375600,94300
[E2MT-CSV] 3,339,14099590,1031060,88940,26080,626830,274590,12949600,266530
[E2MT-CSV] 3,340,13832320,1191430,85380,26260,723240,235960,12520720,97330
[E2MT-CSV] 3,341,14985080,1477130,97970,27900,812750,266950,13397400,105510
[E2MT-CSV] 3,342,9532870,756210,58900,18590,298580,137340,8674690,53320
[E2MT-CSV] 3,343,16096650,1468700,91220,26920,632340,263110,14510370,104240
[E2MT-CSV] 3,344,14750430,1559700,90980,208800,810600,259890,13082000,98810
[E2MT-CSV] 3,345,14788540,1448300,86690,28870,797440,261460,13232550,99180
[E2MT-CSV] 3,346,14854490,1428070,264280,27860,787000,249760,13321830,96570
[E2MT-CSV] 3,347,6624230,898400,58880,19130,210510,72980,5620640,31680
[E2MT-CSV] 3,348,14978710,1312280,95430,26480,636250,266200,13377760,105780
[E2MT-CSV] 3,349,14811300,1442300,263820,29350,854800,267960,13260450,99830
[E2MT-CSV] 3,350,14660500,1444850,92830,27560,800470,258530,13108300,97550
[E2MT-CSV] 3,351,14892050,1246340,90580,28180,828620,464210,13540490,106150
[E2MT-CSV] 3,352,14800950,1443390,93020,28890,860080,278770,13250680,104960
[E2MT-CSV] 3,353,8919390,1136210,63030,19460,158590,69080,7680670,29320
[E2MT-CSV] 3,354,13787090,1182330,83990,26070,732020,240210,12316780,93970
[E2MT-CSV] 3,355,14533920,1425380,89150,27410,717740,259180,12968790,96250
[E2MT-CSV] 3,356,14588860,1445990,88410,29290,801030,260200,13035130,95650
[E2MT-CSV] 3,357,14674410,1455740,251780,27950,815970,265320,13114510,103820
[E2MT-CSV] 3,358,14958730,1542700,89580,28180,762640,280730,13306380,109960
[E2MT-CSV] 3,359,14628690,1456940,90240,27780,600100,247050,13061340,92320
[E2MT-CSV] 3,360,12801850,1303400,86410,27020,652130,362670,11385280,86350
[E2MT-CSV] 3,361,14369760,1232000,92950,28700,900690,437150,13021730,101930
[E2MT-CSV] 3,362,6238680,845600,55300,17940,161450,70260,5298880,30550
[E2MT-CSV] 3,363,14856470,1270600,90920,26940,614570,259560,13281620,103060
[E2MT-CSV] 3,364,6290970,859930,56750,17640,202280,69740,5330460,27090
[E2MT-CSV] 3,365,13947720,1184690,249560,29620,767450,249530,12484450,105070
[E2MT-CSV] 3,366,5578900,864740,56870,18900,201730,111450,4619420,28520
[E2MT-CSV] 3,367,9524410,886930,58060,17760,307470,70940,8534500,30720
[E2MT-CSV] 3,368,14499310,1244660,89780,27610,906280,440760,13135920,104750
[E2MT-CSV] 3,369,14858930,1241250,93810,27970,802920,439510,13510400,101370
[E2MT-CSV] 3,370,14897320,1496200,98550,27450,870390,270930,13295430,98230
[E2MT-CSV] 3,371,15488260,1387890,86520,26630,699250,253110,13990340,102110
[E2MT-CSV] 3,372,14824090,1462700,92150,28330,829150,267920,13248080,104750
[E2MT-CSV] 3,373,14756130,1469000,94390,27960,635640,266480,13167820,102810
[E2MT-CSV] 3,374,15111420,1574370,109110,33870,626030,266730,13426160,104570
[E2MT-CSV] 3,375,14811390,1225710,89010,28360,791920,252350,13474700,97440
[E2MT-CSV] 3,376,14879120,1437940,89740,27670,829620,261630,13336840,101500
[E2MT-CSV] 3,377,9913770,1092060,54450,16760,479520,192050,8725950,73460
[E2MT-CSV] 3,378,14536210,1278210,91840,26080,641060,267300,12983960,109660
[E2MT-CSV] 3,379,13149460,1140170,82050,186460,546650,229130,11902240,95490
[E2MT-CSV] 3,380,14261760,1149420,85370,26600,886750,430880,13014590,97110
[E2MT-CSV] 3,381,13730110,1160690,79670,25600,734380,234870,12292260,93580
[E2MT-CSV] 3,382,13755780,1354080,85290,25520,544420,231590,12291390,96790
[E2MT-CSV] 3,383,15105530,1254190,92060,27460,804160,450130,13732900,97740
[E2MT-CSV] 3,384,14960040,1579100,91920,27970,616930,255480,13268810,98670
[E2MT-CSV] 3,385,14944460,1388110,88900,26320,619160,255940,13460830,106460
[E2MT-CSV] 3,386,14834660,1240290,88520,28170,796730,272450,13485400,103090
[E2MT-CSV] 3,387,11966270,1296120,76190,23780,454050,189400,10564350,72880
[E2MT-CSV] 3,388,8528940,968030,64440,19070,171800,74470,7444830,32300
[E2MT-CSV] 3,389,13624160,996360,86730,26530,534870,220900,12507030,94090
[E2MT-CSV] 3,390,14884420,1254420,88300,27560,824470,457670,13524480,100790
[E2MT-CSV] 3,391,14784360,1238950,88530,26770,599190,244570,13432110,261950
[E2MT-CSV] 3,392,15012050,1476020,95960,28710,627520,261440,13427180,102210
[E2MT-CSV] 3,393,14003310,1388830,89660,25070,713610,235090,12188740,97390
[E2MT-CSV] 3,394,16164850,1180980,89070,26650,1126240,522100,14866160,140340
[E2MT-CSV] 3,395,14907760,1361140,89930,28290,825870,456850,13443550,103310
[E2MT-CSV] 3,396,14788560,1483460,94200,27340,615950,257060,13192590,108100
[E2MT-CSV] 3,397,14434790,1675710,103710,33880,692930,248940,12649410,103660
[E2MT-CSV] 3,398,14484380,1338140,88920,28000,610560,361710,13032100,77110
[E2MT-CSV] 3,399,18779550,1689430,98680,28920,939830,305760,16978170,123230
[E2MT-CSV] 3,400,6489500,898760,57090,18300,162930,73910,5485040,29570
[E2MT-CSV] 3,401,14926970,1480720,88390,27800,829170,290930,13344950,104670
[E2MT-CSV] 3,402,15044850,1478060,92390,27720,643620,271820,13457060,103750
[E2MT-CSV] 3,403,6633050,976640,60230,18760,187120,85250,5554770,36740
[E2MT-CSV] 3,404,6138730,903710,60060,17660,152540,66760,5135670,29030
[E2MT-CSV] 3,405,15322260,1307840,93510,27250,645070,266750,13908970,105610
[E2MT-CSV] 3,406,18475040,1510160,285200,30430,1161560,340810,16852600,129330
[E2MT-CSV] 3,407,7388110,855710,216350,17970,164360,72380,6432260,30330
[E2MT-CSV] 3,408,5702460,1042910,367740,17750,173760,80800,4561320,32910
[E2MT-CSV] 3,409,15123500,1518130,96150,28650,633280,267820,13494150,105790
[E2MT-CSV] 3,410,6372470,665430,54990,17750,153180,66370,5603810,28360
[E2MT-CSV] 3,411,6177730,901010,55960,17610,155960,69080,5173500,28440
[E2MT-CSV] 3,412,14881220,1239300,89340,27520,830830,443320,13543920,103120
[E2MT-CSV] 3,413,15048080,1327670,90960,28450,630020,262490,13600480,291400
[E2MT-CSV] 3,414,14787230,1478670,93740,27960,620230,257500,13191680,98900
[E2MT-CSV] 3,415,14675240,1364660,90680,27180,724830,266200,13211240,101950
[E2MT-CSV] 3,416,14926590,1218040,86560,26360,750280,258260,13599650,121320
[E2MT-CSV] 3,417,15033130,1267450,87580,28700,811920,454180,13660180,100830
[E2MT-CSV] 3,418,13472190,1292770,78720,24250,645640,225300,12071240,84280
[E2MT-CSV] 3,419,19564430,1958950,121880,40380,753100,320910,17440790,120290
[E2MT-CSV] 3,420,12209250,1101770,74750,23360,432560,182760,11002240,226200
[E2MT-CSV] 3,421,14691360,1246540,87410,27890,915640,257200,13343700,99880
[E2MT-CSV] 3,422,13637420,1256060,79440,24820,709720,237650,12282230,93070
[E2MT-CSV] 3,423,15842370,1279090,96890,27120,808900,338850,14280530,130680
[E2MT-CSV] 3,424,6756100,702630,58920,17450,161270,70690,5775210,30010
[E2MT-CSV] 3,425,14934310,1427030,268110,28620,809500,263680,13399640,99340
[E2MT-CSV] 3,426,6568270,954410,56270,17660,159250,68690,5508760,29250
[E2MT-CSV] 3,427,16232920,1248520,89450,28300,889050,479410,14876520,116480
[E2MT-CSV] 3,428,14845500,1454340,91860,28670,804860,264750,13278310,102250
[E2MT-CSV] 3,429,6639070,870540,57060,18070,161460,69990,5665720,32430
[E2MT-CSV] 3,430,14581360,1334220,89060,28020,908090,256770,13146680,98820
[E2MT-CSV] 3,431,14201880,1213710,89640,27580,779200,252780,12878670,102490
[E2MT-CSV] 3,432,14663630,1192410,87690,26980,911220,265540,13370820,108390
[E2MT-CSV] 3,433,14522030,1432810,90180,27240,651370,274370,12974750,110790
[E2MT-CSV] 3,434,6180140,681420,56990,17490,206610,72330,5397150,31440
[E2MT-CSV] 3,435,14741490,1467810,93800,26980,620770,258030,13157170,99090
[E2MT-CSV] 3,436,6221790,877900,56210,17410,151960,66040,5247090,26990
[E2MT-CSV] 3,437,5902060,848100,56910,17620,150450,62980,4963070,25160
[E2MT-CSV] 3,438,13762990,1345790,91460,24810,744610,258630,12307810,96570
[E2MT-CSV] 3,439,6592690,654280,54360,17410,170770,77080,5840090,29140
[E2MT-CSV] 3,440,8310990,958750,57680,18480,152090,65900,7241540,25910
[E2MT-CSV] 3,441,14277920,1361940,84970,26230,607430,249880,12824280,98660
[E2MT-CSV] 3,442,15364980,1407780,89450,28940,967230,379430,13855380,106510
[E2MT-CSV] 3,443,18582640,2207870,123390,39640,1057440,489480,16205650,138300
[E2MT-CSV] 3,444,12291420,1661690,92290,28070,691400,215480,10524270,83130
[E2MT-CSV] 3,445,15447270,1490120,97750,29420,792230,277800,13847550,104580
[E2MT-CSV] 3,446,13691990,1486130,88940,31070,756580,246500,12098330,95720
[E2MT-CSV] 3,447,6940400,642550,51360,17050,151220,65740,6036070,28050
[E2MT-CSV] 3,448,12993310,1421970,96220,24750,527180,220830,11461160,92790
[E2MT-CSV] 3,449,14420070,1199580,87890,27670,800080,269710,12939340,102640
[E2MT-CSV] 3,450,16442250,1389240,87600,28000,766570,323550,14955210,294460
[E2MT-CSV] 3,451,14619270,1213500,86260,30130,807060,431850,13302900,99320
[E2MT-CSV] 3,452,16850490,1461040,93500,27950,801500,323540,15286500,127210
[E2MT-CSV] 3,453,13636220,1153460,84310,24530,610730,246540,12114250,92690
[E2MT-CSV] 3,454,14803070,1475840,97390,26930,631150,260830,13215230,103400
[E2MT-CSV] 3,455,15212720,1163030,83690,26380,782370,435310,13952110,94150
[E2MT-CSV] 3,456,14630230,1213810,87390,27220,911790,266700,13318180,111380
[E2MT-CSV] 3,457,6053420,655720,54590,16840,184840,101490,5295040,24670
[E2MT-CSV] 3,458,14661610,1063580,89190,25890,777200,414000,13299970,101440
[E2MT-CSV] 3,459,6420570,695860,57110,18590,167160,71020,5616580,29050
[E2MT-CSV] 3,460,14578060,1195210,85470,27490,700610,249460,13283560,277860
[E2MT-CSV] 3,461,14203590,1222460,88550,28230,783860,432530,12874410,97530
[E2MT-CSV] 3,462,17252440,1253780,93390,29460,973840,514080,15896350,131780
[E2MT-CSV] 3,463,14085020,1264990,240940,27690,782590,261750,12538830,97870
[E2MT-CSV] 3,464,6112940,681070,57300,17300,198330,108540,5330410,30310
[E2MT-CSV] 3,465,8070290,875520,50860,16660,141160,60140,7103300,23500
[E2MT-CSV] 3,466,5776180,618150,49420,17030,143240,60540,4892180,24550
[E2MT-CSV] 3,467,6512090,660240,52130,17240,208270,104200,5599550,26240
[E2MT-CSV] 3,468,14205010,1228420,96190,25800,736530,269430,12716570,102380
[E2MT-CSV] 3,469,14332370,1244340,90200,27960,800100,265820,12972140,104100
[E2MT-CSV] 3,470,14728390,1172680,85400,28550,894420,313940,13447700,117420
[E2MT-CSV] 3,471,6244800,838300,54120,16710,144780,61470,5314270,24420
[E2MT-CSV] 3,472,14881500,1394290,88530,28020,793980,274250,13366120,99380
[E2MT-CSV] 3,473,13615770,1360650,85800,25950,736850,241550,12146720,96070
[E2MT-CSV] 3,474,13876680,1219270,85870,28410,789550,417540,12550600,99870
[E2MT-CSV] 3,475,14570700,1435810,257910,29410,838800,284140,13023820,107520
[E2MT-CSV] 3,476,14418190,1232800,90440,27190,895800,362550,13077760,115530
[E2MT-CSV] 3,477,14542520,1423980,93380,28570,819060,275260,13007650,107150
[E2MT-CSV] 3,478,14440650,1443430,92540,26400,678420,246250,12886670,95590
[E2MT-CSV] 3,479,14743890,1424820,91360,27040,811790,264010,13211080,108210
[E2MT-CSV] 3,480,14407450,1363040,243210,26000,895080,349840,12945490,102630
[E2MT-CSV] 3,481,14430350,1181410,84470,27180,771200,262800,13156690,94420
[E2MT-CSV] 3,482,14557260,1179950,79280,25030,802310,383600,13278490,88000
[E2MT-CSV] 3,483,14502120,972150,85500,23480,668040,234230,13408520,88900
[E2MT-CSV] 3,484,14528680,1405720,88440,26980,612940,246180,13018000,97120
[E2MT-CSV] 3,485,14703140,1481760,83850,25800,821130,275740,13123980,96550
[E2MT-CSV] 3,486,14507760,1343910,245680,27390,875590,251540,13058820,97820
[E2MT-CSV] 3,487,14791680,1393450,86780,26590,615680,247480,13301270,94200
[E2MT-CSV] 3,488,14603570,1436650,91980,27780,640410,263860,13055640,101100
[E2MT-CSV] 3,489,14741190,1483730,94580,29490,811230,257660,13150610,110320
[E2MT-CSV] 3,490,14584800,1219450,84400,26940,885270,247610,13267110,102070
[E2MT-CSV] 3,491,14651360,1205160,87670,26730,717120,256620,13350020,294230
[E2MT-CSV] 3,492,14551950,1175940,82860,25730,713160,233480,13274420,99730
[E2MT-CSV] 3,493,14286850,1237520,84550,26980,660550,326200,12779400,94070
[E2MT-CSV] 3,494,14574270,1455130,91140,27210,629540,261820,13011680,97720
[E2MT-CSV] 3,495,14539510,1383300,93170,27870,711150,358890,13062690,103280
[E2MT-CSV] 3,496,14560720,1211790,87820,27520,705500,351230,13253210,279540
[E2MT-CSV] 3,497,14626930,1383280,91800,26150,719510,361660,13151550,94060
[E2MT-CSV] 3,498,11393050,1071480,80230,22520,422070,176430,10214760,68850
[E2MT-CSV] 3,499,11980750,1093100,80140,23720,461930,196010,10607090,74060
[E2MT-CSV] 3,500,14285420,1411830,89620,26510,793060,264720,12765000,203470
[E2MT-CSV] 3,501,13998420,1164980,83940,27570,797780,437830,12729680,90780
[E2MT-CSV] 3,502,13504710,1147710,83440,25300,561520,227690,12246920,87740
[E2MT-CSV] 3,503,12442240,958460,79200,24590,623110,345130,11197860,81770
[E2MT-CSV] 3,504,15691860,1742840,99550,31360,900720,488340,13836900,108590
[E2MT-CSV] 3,505,14146380,1189580,84170,27150,794160,268800,12854010,98550
[E2MT-CSV] 3,506,13931320,1171300,84940,26210,779770,427020,12651860,93540
[E2MT-CSV] 3,507,15007930,1725320,104770,32590,930760,552160,13175510,126880
[E2MT-CSV] 3,508,11668670,1235110,385870,23770,654040,321140,10324120,75950
[E2MT-CSV] 3,509,14017980,1387660,91260,26030,586560,242710,12511480,100520
[E2MT-SUMMARY] chain_len=3 e2e_avg=12822329 publish_avg=1237813 gc_trigger_avg=96009 invoke_cb_avg=28160 getnext_avg=631880 take_data_avg=258266 sched_avg=11462113 dispatch_avg=99655
