audio: Device lm4549: audiodev default parameter is deprecated, please specify audiodev=none

RTEMS Shell on /dev/console. Use 'help' to list commands.
SHLL [/] # nexus0: <RTEMS Nexus device>
info: lo0: link state changed to UP
=== Exp2-MT: Task Chain (n=2) MultiThreadedExecutor ===
Period: 200ms, Rounds: 500
[E2MT-CSV] chain_len,round,e2e_ns,publish_ns,gc_trigger_ns,invoke_cb_ns,getnext_ns,take_data_ns,sched_ns,dispatch_ns
666666
CPP Msg not nullptr
CPP Msg not nullptr
CPP Msg not nullptr
CPP Msg not nullptr
C Msg not NULL
C Msg not NULL
CPP Srv not nullptr
CPP Srv not nullptr
CPP Srv not nullptr
CPP Srv not nullptr
CPP Srv not nullptr
CPP Srv not nullptr
CPP Msg not nullptr
CPP Msg not nullptr
CPP Msg not nullptr
CPP Msg not nullptr
CPP Msg not nullptr
CPP Msg not nullptr
C Msg not NULL
C Msg not NULL
CPP Srv not nullptr
CPP Srv not nullptr
CPP Srv not nullptr
CPP Srv not nullptr
CPP Srv not nullptr
CPP Srv not nullptr
CPP Msg not nullptr
CPP Msg not nullptr
CPP Msg not nullptr
CPP Msg not nullptr
CPP Msg not nullptr
CPP Msg not nullptr
[E2MT-CSV] 2,10,6647640,523270,41490,13230,412240,175000,6040090,108520
[E2MT-CSV] 2,11,4340760,495480,32860,113170,325170,145600,3780150,58350
[E2MT-CSV] 2,12,5081240,776200,48880,14670,120320,69430,4181180,20760
[E2MT-CSV] 2,13,6556290,601870,47540,14750,424280,178400,5844760,71780
[E2MT-CSV] 2,14,6627910,595840,48090,14480,597580,194540,5756410,70640
[E2MT-CSV] 2,15,7670910,724290,43520,14320,608940,181060,6861460,65940
[E2MT-CSV] 2,16,7276410,602320,47220,14650,571980,183340,6400210,77820
[E2MT-CSV] 2,17,6730870,608730,47880,15030,576660,179980,5864380,78910
[E2MT-CSV] 2,18,7015140,864750,49650,15140,602490,354660,6053840,86610
[E2MT-CSV] 2,19,6619770,594020,47270,14620,589560,199930,5767700,74060
[E2MT-CSV] 2,20,5373780,712150,43140,13260,78010,34240,4577450,13900
[E2MT-CSV] 2,21,5665240,597740,41180,10320,581450,343220,4990470,83810
[E2MT-CSV] 2,22,6693220,767990,56150,14970,560750,171330,5824240,75940
[E2MT-CSV] 2,23,6427950,874910,325270,20590,403040,173990,5455230,72280
[E2MT-CSV] 2,24,6580930,912290,50230,15580,414780,184390,5567570,74120
[E2MT-CSV] 2,25,6577370,604230,48760,14500,412880,173880,5854780,72990
[E2MT-CSV] 2,26,6840180,618630,47990,15570,446620,190750,5943060,74370
[E2MT-CSV] 2,27,6994480,633670,51230,16230,420590,180580,6259530,238390
[E2MT-CSV] 2,28,6627040,589520,47570,14660,406450,177100,5932260,71890
[E2MT-CSV] 2,29,5711340,812790,41900,13710,116470,37960,4809160,16740
[E2MT-CSV] 2,30,6597920,599410,47940,14460,579550,186820,5735580,72270
[E2MT-CSV] 2,31,5532050,933370,49660,15070,97430,44420,4486410,20670
[E2MT-CSV] 2,32,6644200,585770,45670,14100,593790,203440,5805920,72660
[E2MT-CSV] 2,33,6700980,590530,47930,14570,417040,183960,6009850,78530
[E2MT-CSV] 2,34,6721310,602160,46790,14370,416110,180460,5854770,79680
[E2MT-CSV] 2,35,6717610,597820,49160,15160,402790,175300,6010930,72250
[E2MT-CSV] 2,36,7014330,698930,42820,14040,418240,182000,6233790,67300
[E2MT-CSV] 2,37,6547490,617350,47250,15160,420370,179940,5833500,72330
[E2MT-CSV] 2,38,6556460,593270,48330,14860,426610,183990,5864000,71500
[E2MT-CSV] 2,39,6366720,834960,311480,14960,401210,171800,5435880,68160
[E2MT-CSV] 2,40,7055400,590020,46610,14130,574480,187190,6361130,74690
[E2MT-CSV] 2,41,8132980,1088370,66060,22090,366410,163430,6928890,67670
[E2MT-CSV] 2,42,7726290,1476190,70310,23910,589610,361020,6108800,79030
[E2MT-CSV] 2,43,6518390,605760,47360,14730,434050,180350,5819000,70830
[E2MT-CSV] 2,44,6565930,579570,45290,14640,583690,188710,5721440,71340
[E2MT-CSV] 2,45,5334390,596710,47730,14730,89190,41420,4477280,19120
[E2MT-CSV] 2,46,7066040,611180,47880,14380,431480,181940,6357800,78590
[E2MT-CSV] 2,47,6650170,583010,46520,14700,598080,190060,5809310,71500
[E2MT-CSV] 2,48,7193830,767690,49660,184990,617970,206330,6328190,81480
[E2MT-CSV] 2,49,6615820,579460,45800,13710,580320,188010,5771290,70800
[E2MT-CSV] 2,50,7060210,584550,45070,14160,425310,186740,6211670,72030
[E2MT-CSV] 2,51,5098870,776400,43990,11520,279870,127970,4229380,74440
[E2MT-CSV] 2,52,6838770,597240,46800,14090,426470,185880,5970220,71290
[E2MT-CSV] 2,53,6949670,968820,65810,16670,602330,201840,5875360,73890
[E2MT-CSV] 2,54,6458500,760620,51970,14190,424430,186220,5594100,72610
[E2MT-CSV] 2,55,6761780,594800,49190,14570,424660,178450,5897230,71680
[E2MT-CSV] 2,56,6563410,596770,48200,14460,440250,201470,5869610,74410
[E2MT-CSV] 2,57,9163500,1549150,75720,25470,1010520,187510,7456770,136780
[E2MT-CSV] 2,58,5030880,902400,47200,14420,91160,42280,4032370,19360
[E2MT-CSV] 2,59,7031090,1068860,57680,15210,465150,269090,5869350,19190
[E2MT-CSV] 2,60,5666540,737470,48150,14040,86170,38060,4843430,17120
[E2MT-CSV] 2,61,6484310,1096090,81670,21920,404850,134140,4862700,58850
[E2MT-CSV] 2,62,4855780,752880,47580,14530,97580,43800,4010740,18840
[E2MT-CSV] 2,63,7179650,969020,65130,15830,422830,192350,6107050,79360
[E2MT-CSV] 2,64,6513060,602090,48970,13950,411700,177740,5809670,72670
[E2MT-CSV] 2,65,6497510,585420,48600,14430,417150,185290,5815410,73470
[E2MT-CSV] 2,66,11841240,3451560,74350,24010,615780,209530,8262350,75530
[E2MT-CSV] 2,67,6884650,798880,51480,14400,609700,198560,5982270,76940
[E2MT-CSV] 2,68,6622560,595800,46920,14000,436440,179200,5932680,93430
[E2MT-CSV] 2,69,6553160,584950,48070,15000,425610,179590,5873530,71320
[E2MT-CSV] 2,70,6772640,580820,46880,14060,432060,192440,5921690,69780
[E2MT-CSV] 2,71,5860960,451380,36870,11040,558090,333150,5334290,66570
[E2MT-CSV] 2,72,5717160,884560,48470,15060,89100,39690,4737890,18250
[E2MT-CSV] 2,73,6667880,819420,57810,14520,567550,171520,5753460,74520
[E2MT-CSV] 2,74,6561580,598980,47160,14970,420930,180690,5867150,71530
[E2MT-CSV] 2,75,10318630,1574210,76770,25320,348660,152940,8586890,58140
[E2MT-CSV] 2,76,6880680,806830,218050,15770,573310,174440,5963310,74200
[E2MT-CSV] 2,77,6556730,615280,50610,14730,425430,184660,5839900,74290
[E2MT-CSV] 2,78,6824060,898050,51620,14690,576430,180500,5815820,81990
[E2MT-CSV] 2,79,6886750,594600,46730,14430,421550,176620,6010650,68390
[E2MT-CSV] 2,80,6618620,743150,44600,13810,680430,448830,5784610,84360
[E2MT-CSV] 2,81,7065470,711540,42870,12960,614050,203310,6269190,74810
[E2MT-CSV] 2,82,6969390,818040,51550,15000,599420,187940,6046800,74090
[E2MT-CSV] 2,83,6980670,1057360,59740,16480,600260,206140,5824260,77420
[E2MT-CSV] 2,84,6711870,590430,47160,14960,423010,187160,5855560,70110
[E2MT-CSV] 2,85,6505600,590050,46670,14750,428050,194250,5818460,76640
[E2MT-CSV] 2,86,5452090,788540,51660,14500,102090,49880,4559530,21390
[E2MT-CSV] 2,87,7287550,611390,47910,14520,416800,181010,6412050,283720
[E2MT-CSV] 2,88,4897730,880990,48170,25160,88770,39560,3921930,18490
[E2MT-CSV] 2,89,6634510,603000,47200,15150,426180,174850,5933930,70990
[E2MT-CSV] 2,90,6866080,616610,47300,14740,423540,177910,5931410,72890
[E2MT-CSV] 2,91,6872090,855740,48860,12770,692690,414690,5918170,83700
[E2MT-CSV] 2,92,4926920,928260,47780,15120,87850,40420,3894170,31480
[E2MT-CSV] 2,93,6838350,782390,48090,20510,601850,369280,5957490,87660
[E2MT-CSV] 2,94,10020210,1511130,74140,24120,1930230,197000,8358330,84720
[E2MT-CSV] 2,95,7198580,792070,52650,14780,621120,219730,6301990,75070
[E2MT-CSV] 2,96,5725630,793820,55700,14430,97100,45440,4832240,21340
[E2MT-CSV] 2,97,6485560,592500,47560,14740,420540,185460,5793260,71780
[E2MT-CSV] 2,98,6532870,888550,46680,14990,305400,42350,5552480,18850
[E2MT-CSV] 2,99,5211160,773410,223760,14920,117090,58030,4327890,18780
[E2MT-CSV] 2,100,8071550,1216290,74100,24590,605450,200560,6703460,73390
[E2MT-CSV] 2,101,4755110,534070,42450,13000,266810,117110,3975690,48060
[E2MT-CSV] 2,102,6630930,573890,45870,14610,580330,185920,5794290,73750
[E2MT-CSV] 2,103,6610470,580390,45350,14880,584920,185310,5757630,71550
[E2MT-CSV] 2,104,6459740,741030,45670,13660,563190,337650,5632930,70620
[E2MT-CSV] 2,105,6059260,887560,47550,21440,88800,40970,5074230,19060
[E2MT-CSV] 2,106,4214450,476400,38640,11400,253850,112960,3649300,59000
[E2MT-CSV] 2,107,7315480,593130,48260,14670,590660,196160,6453020,86760
[E2MT-CSV] 2,108,4853840,927500,50120,15390,92090,43250,3829690,25120
[E2MT-CSV] 2,109,1656180,416980,10130,3020,81290,36770,970460,17120
[E2MT-CSV] 2,110,6318960,560470,45120,13860,560950,169100,5667790,68550
[E2MT-CSV] 2,111,5253820,488910,37890,12580,284340,125130,4679120,45370
[E2MT-CSV] 2,112,6972720,1032060,282560,15370,402380,175310,5846070,253990
[E2MT-CSV] 2,113,6778630,723420,45140,14010,404380,179620,5950860,232390
[E2MT-CSV] 2,114,10337150,1241280,74490,25210,444250,200600,8930070,74010
[E2MT-CSV] 2,115,7214050,738370,62650,17510,405690,175440,6217610,257810
[E2MT-CSV] 2,116,3867150,693610,40120,13200,296600,94590,3070200,37360
[E2MT-CSV] 2,117,9592180,1541590,76020,23430,525070,154140,7893020,63560
[E2MT-CSV] 2,118,5136940,930240,49100,14680,90620,42500,4099590,18350
[E2MT-CSV] 2,119,10669070,1233400,76920,25510,634590,203460,9282270,79230
[E2MT-CSV] 2,120,6772850,615210,47830,14520,416610,180400,6065540,71610
[E2MT-CSV] 2,121,4555160,529640,41100,13450,224730,99580,3965080,42820
[E2MT-CSV] 2,122,9530760,928880,49170,15100,424170,185580,8500440,245110
[E2MT-CSV] 2,123,6771830,777170,51380,14850,591710,194280,5899030,86330
[E2MT-CSV] 2,124,6765150,594130,48640,14120,429730,191780,5890170,71570
[E2MT-CSV] 2,125,6557620,605020,49760,14550,424400,187270,5858710,71450
[E2MT-CSV] 2,126,4279660,327520,25790,8040,301230,136510,3897640,53970
[E2MT-CSV] 2,127,6664970,780120,48040,14800,414250,178240,5787380,73390
[E2MT-CSV] 2,128,5490740,818760,52660,15240,99010,47210,4560100,20000
[E2MT-CSV] 2,129,7182110,834360,49920,16030,610700,365110,6238150,73480
[E2MT-CSV] 2,130,7505300,963610,54080,15080,443510,191730,6416950,75870
[E2MT-CSV] 2,131,1385180,180950,13890,3860,96440,45730,1173640,20340
[E2MT-CSV] 2,132,6845830,978120,52240,15590,554130,178540,5759970,71380
[E2MT-CSV] 2,133,6641840,582640,46920,14750,579140,174760,5776220,70350
[E2MT-CSV] 2,134,6834000,587040,46580,14620,418170,184090,5956280,69320
[E2MT-CSV] 2,135,6613130,583380,47890,14800,569280,177660,5767400,81810
[E2MT-CSV] 2,136,1410440,171060,13530,3840,95860,44330,1207160,20160
[E2MT-CSV] 2,137,6735270,603270,47880,14080,426360,199240,5855870,70260
[E2MT-CSV] 2,138,6660500,880940,49440,14460,427220,188980,5683440,74160
[E2MT-CSV] 2,139,6741220,880560,45400,13580,606470,176650,5776310,77620
[E2MT-CSV] 2,140,6661760,759760,43350,13500,587870,170200,5812310,77660
[E2MT-CSV] 2,141,4719950,395150,31870,10710,136000,62290,4262020,82500
[E2MT-CSV] 2,142,7297860,817820,49990,14440,425050,193830,6042000,266560
[E2MT-CSV] 2,143,6690840,603640,48390,15400,421770,180020,5991080,68830
[E2MT-CSV] 2,144,6740340,592550,47070,14030,675680,249920,5868630,95190
[E2MT-CSV] 2,145,6711910,728030,49860,13300,754600,499480,5897700,84410
[E2MT-CSV] 2,146,6695940,602540,48350,14520,419360,180560,5992630,90550
[E2MT-CSV] 2,147,6657030,596400,48730,15170,575170,181650,5794150,84370
[E2MT-CSV] 2,148,6780980,594990,49480,14490,423500,195680,5922580,69520
[E2MT-CSV] 2,149,6445550,733330,53950,13610,558570,329240,5623800,66170
[E2MT-CSV] 2,150,6509350,729140,49680,13730,568680,341240,5693910,66840
[E2MT-CSV] 2,151,1391800,173930,14490,3550,96780,45610,1181910,19700
[E2MT-CSV] 2,152,6937690,608000,47580,14710,440290,187250,6064710,73330
[E2MT-CSV] 2,153,6535650,593170,47200,14140,426140,190750,5849510,75090
[E2MT-CSV] 2,154,6535930,743790,58030,13900,564450,335720,5705180,66860
[E2MT-CSV] 2,155,6600690,745500,60590,14630,598170,366950,5769300,66110
[E2MT-CSV] 2,156,1368290,178210,13940,4770,94790,44350,1160130,20860
[E2MT-CSV] 2,157,6623600,603560,47240,14390,425370,192130,5920350,81510
[E2MT-CSV] 2,158,8437280,592410,48740,14860,616860,184470,7749950,87590
[E2MT-CSV] 2,159,8434790,1157270,66780,404400,358670,158320,7180080,61830
[E2MT-CSV] 2,160,5927890,766160,50940,14550,457700,144580,5048210,58400
[E2MT-CSV] 2,161,1477850,176540,14540,3850,153970,47330,1269360,20040
[E2MT-CSV] 2,162,5458860,880950,47890,13860,281900,129620,4477310,53610
[E2MT-CSV] 2,163,6657950,574450,46010,13700,812540,277650,5993250,97070
[E2MT-CSV] 2,164,6512400,563640,43530,13940,550850,173390,5688220,66330
[E2MT-CSV] 2,165,6471770,558070,45230,14440,426100,176810,5825090,68050
[E2MT-CSV] 2,166,1662820,182780,13350,3800,158230,48240,1449450,20650
[E2MT-CSV] 2,167,6613520,594650,48380,14120,422730,184920,5919630,73390
[E2MT-CSV] 2,168,8010240,2100850,48470,14380,575850,343620,5815140,80970
[E2MT-CSV] 2,169,6436650,593040,47570,14940,578400,187420,5750630,81600
[E2MT-CSV] 2,170,6675720,820580,44360,13920,571380,179370,5768810,68030
[E2MT-CSV] 2,171,1372910,171700,13520,3670,97530,47040,1167640,20570
[E2MT-CSV] 2,172,5352020,804960,50430,15000,90160,41800,4424070,19520
[E2MT-CSV] 2,173,5564260,754730,48870,14260,90510,40790,4702020,17780
[E2MT-CSV] 2,174,10389290,1253410,74350,25480,426100,192810,8971180,67920
[E2MT-CSV] 2,175,5575550,865080,45050,19430,88050,39130,4616390,17090
[E2MT-CSV] 2,176,1572660,187030,19310,3870,172910,111700,1349250,25080
[E2MT-CSV] 2,177,6606040,594950,48230,15070,429050,199700,5914460,71530
[E2MT-CSV] 2,178,6761950,624990,47520,14840,411500,177940,5774510,72000
[E2MT-CSV] 2,179,7288210,594920,49190,14550,467290,192160,6424840,242670
[E2MT-CSV] 2,180,6962210,794700,50280,15130,431060,183610,6047150,76560
[E2MT-CSV] 2,181,2416120,325440,31220,8190,126550,57420,2036230,27980
[E2MT-CSV] 2,182,6666900,821200,50250,15520,245450,48400,5721630,19230
[E2MT-CSV] 2,183,8713630,1340240,78190,25330,607880,203090,6926310,79850
[E2MT-CSV] 2,184,6689030,621730,48570,14660,560580,175520,5805420,77130
[E2MT-CSV] 2,185,7242410,1084600,64030,14810,410900,183540,6002100,69920
[E2MT-CSV] 2,186,6003070,389340,38350,9940,363290,158750,5550420,254780
[E2MT-CSV] 2,187,6684360,603290,48390,14600,448720,211920,5987170,73880
[E2MT-CSV] 2,188,6747240,583390,47040,14510,528210,239800,6069130,86360
[E2MT-CSV] 2,189,4776550,970530,53300,14270,90930,42310,3698960,19580
[E2MT-CSV] 2,190,6503240,598220,48690,15240,414970,180490,5807890,72280
[E2MT-CSV] 2,191,4289220,776280,44930,14930,141410,64830,3385810,25980
[E2MT-CSV] 2,192,7035310,801250,49050,15200,598670,364660,6127290,77830
[E2MT-CSV] 2,193,6656370,601940,47980,15290,576740,177320,5699190,72450
[E2MT-CSV] 2,194,5348420,743530,45370,14260,80870,35090,4515230,16460
[E2MT-CSV] 2,195,6534040,740010,42840,13580,563500,341860,5708280,67310
[E2MT-CSV] 2,196,5647460,909580,56540,15210,491460,140620,4639180,48160
[E2MT-CSV] 2,197,5683340,608470,50800,15130,101310,47800,4977600,21460
[E2MT-CSV] 2,198,6016070,623600,50220,14800,90240,42140,4994570,20530
[E2MT-CSV] 2,199,6429080,738540,44210,14210,571320,168350,5603710,70690
[E2MT-CSV] 2,200,6048730,608600,48270,13810,102340,46280,5339720,24360
[E2MT-CSV] 2,201,5856330,761230,209890,14870,418630,257490,4994140,55990
[E2MT-CSV] 2,202,5457180,899650,57060,14990,100380,46080,4455140,20820
[E2MT-CSV] 2,203,5759020,588160,53930,14250,89480,42120,4907810,18060
[E2MT-CSV] 2,204,6767730,561260,44250,14180,410220,179100,5951480,86970
[E2MT-CSV] 2,205,6712960,776690,49890,14940,591280,346760,5833950,74200
[E2MT-CSV] 2,206,6404270,597780,48620,14760,480590,294100,5528570,61100
[E2MT-CSV] 2,207,7252820,605220,47960,14500,636710,388540,6549760,74460
[E2MT-CSV] 2,208,6667100,885110,46530,14520,597880,366270,5692710,72020
[E2MT-CSV] 2,209,11288040,1472060,75810,25130,556760,210970,9649250,78920
[E2MT-CSV] 2,210,6840060,841960,236000,15700,438630,193590,5892910,243740
[E2MT-CSV] 2,211,5964800,882350,67300,15910,317980,137550,4951320,53990
[E2MT-CSV] 2,212,6476210,603000,46750,14500,483350,162030,5477960,69070
[E2MT-CSV] 2,213,6687250,608930,47740,14760,435310,207400,5979570,76730
[E2MT-CSV] 2,214,6590190,612940,56620,14910,567720,184710,5711940,70610
[E2MT-CSV] 2,215,6587960,612220,50100,15420,422760,181720,5873740,72170
[E2MT-CSV] 2,216,1541740,186120,11760,3230,89630,41410,1102650,18890
[E2MT-CSV] 2,217,6591390,597250,48840,14830,416900,175440,5895830,71820
[E2MT-CSV] 2,218,5809180,597130,55930,14570,89540,40570,4943090,18580
[E2MT-CSV] 2,219,6150780,713640,42810,14280,393000,167330,5352820,64530
[E2MT-CSV] 2,220,6675080,600540,55100,14660,571390,178040,5786490,71330
[E2MT-CSV] 2,221,9183570,1521170,76260,24580,295630,133050,7485350,41630
[E2MT-CSV] 2,222,6055180,790440,48040,185590,93970,44130,5167910,20000
[E2MT-CSV] 2,223,5315650,609900,60190,14960,94350,43810,4445550,19910
[E2MT-CSV] 2,224,7961320,584740,45530,21950,428400,191440,7118580,71330
[E2MT-CSV] 2,225,6358760,893390,55860,14560,384370,201550,5367990,23500
[E2MT-CSV] 2,226,6105100,599450,47930,14170,461020,277460,5405210,59140
[E2MT-CSV] 2,227,6943030,899260,49760,14860,433930,189570,5939250,77620
[E2MT-CSV] 2,228,7052510,937780,61270,15490,471760,213810,6012350,79720
[E2MT-CSV] 2,229,5487050,596920,59020,14900,89910,42070,4619490,19020
[E2MT-CSV] 2,230,5978930,856650,47390,14330,87120,39310,5028300,18440
[E2MT-CSV] 2,231,6795210,603740,55390,15190,690680,184740,5931210,87960
[E2MT-CSV] 2,232,6663850,613220,48580,14770,419430,177930,5779970,73110
[E2MT-CSV] 2,233,6512500,609710,47680,14300,404730,178130,5804690,73240
[E2MT-CSV] 2,234,6310370,898210,48120,14180,259620,75330,5309030,19570
[E2MT-CSV] 2,235,5619780,947810,63770,14470,384200,233830,4416450,48160
[E2MT-CSV] 2,236,6675070,612670,51170,14520,459120,217470,5961110,76680
[E2MT-CSV] 2,237,6709090,606710,49330,14690,421740,191550,5999280,76760
[E2MT-CSV] 2,238,6476850,606500,47190,14420,420130,181300,5776050,71300
[E2MT-CSV] 2,239,11254360,1521350,73740,24900,351840,154600,9560650,67710
[E2MT-CSV] 2,240,7005330,814340,47520,14770,583370,187420,6092250,72250
[E2MT-CSV] 2,241,6796540,616750,48290,14270,426250,193270,5783130,73770
[E2MT-CSV] 2,242,7263680,601860,48140,14690,597140,358230,6564790,74860
[E2MT-CSV] 2,243,6646750,591770,48390,13430,442310,202400,5963680,80570
[E2MT-CSV] 2,244,11022210,1562710,76800,25310,614210,190620,9280580,72140
[E2MT-CSV] 2,245,6975550,615390,49000,14490,589060,197030,6267440,223860
[E2MT-CSV] 2,246,10604310,1550980,76640,24850,424490,189910,8883290,242520
[E2MT-CSV] 2,247,7943700,1686340,379230,17500,753360,517720,6082070,76070
[E2MT-CSV] 2,248,7103430,596930,48840,14850,598440,356940,6407700,73890
[E2MT-CSV] 2,249,7095570,779720,50130,14870,592380,348620,6213080,76400
[E2MT-CSV] 2,250,6964220,612390,49820,20920,434880,202520,6255720,248530
[E2MT-CSV] 2,251,6610190,607380,59670,14890,424110,185710,5906280,82060
[E2MT-CSV] 2,252,6622570,610500,50090,14630,420030,179180,5909170,72610
[E2MT-CSV] 2,253,6640440,623210,52160,20990,425780,185140,5920990,73480
[E2MT-CSV] 2,254,6692530,590760,49830,13860,437080,188820,5997740,71400
[E2MT-CSV] 2,255,7170760,1009920,52580,15850,435950,193770,6054360,82640
[E2MT-CSV] 2,256,6589830,581270,46700,14950,570480,175000,5740830,70320
[E2MT-CSV] 2,257,6642230,787380,50700,14760,423970,190980,5750340,236150
[E2MT-CSV] 2,258,10715750,1531580,330340,26240,556800,174830,9027100,70310
[E2MT-CSV] 2,259,6478690,800940,49980,20970,102230,46740,5241400,20470
[E2MT-CSV] 2,260,7775230,909030,48820,14370,567980,231370,6766650,123850
[E2MT-CSV] 2,261,6110200,599420,48480,14190,439210,268140,5413200,57300
[E2MT-CSV] 2,262,8724150,1578800,71430,22420,599140,199560,6992330,77500
[E2MT-CSV] 2,263,7301310,1066710,55590,14860,757560,266310,6137340,124980
[E2MT-CSV] 2,264,6678400,596620,46010,14740,414670,181720,5815310,70300
[E2MT-CSV] 2,265,10741010,1544260,75760,24850,584370,339810,9027360,70680
[E2MT-CSV] 2,266,12014070,1513850,88940,24540,938460,623750,10347530,69090
[E2MT-CSV] 2,267,6694640,794650,50150,14590,416760,190210,5797610,240910
[E2MT-CSV] 2,268,9223280,1531720,93470,26160,737270,192580,7536810,86100
[E2MT-CSV] 2,269,6163430,889860,46910,21810,124030,76170,5176960,18110
[E2MT-CSV] 2,270,1897140,588810,53190,14760,143420,45600,1214800,19790
[E2MT-CSV] 2,271,11221550,1523420,78040,24770,424590,175760,9509460,65710
[E2MT-CSV] 2,272,6563950,789880,203600,15410,449130,207770,5669680,76400
[E2MT-CSV] 2,273,6848190,943270,353330,17000,594650,188750,5803780,80420
[E2MT-CSV] 2,274,6602870,598940,46530,13920,571600,179130,5741160,72810
[E2MT-CSV] 2,275,7256320,599250,46270,14050,610250,196450,6547720,73920
[E2MT-CSV] 2,276,6667930,614000,58140,15370,591630,178800,5677490,70280
[E2MT-CSV] 2,277,8702320,1579770,94220,24980,438570,201430,6968050,392270
[E2MT-CSV] 2,278,6784730,615520,47420,14590,596510,194630,5885610,73450
[E2MT-CSV] 2,279,5837750,835150,220270,17220,100030,47950,4479330,20310
[E2MT-CSV] 2,280,5836650,883190,49210,14220,91470,42260,4853490,18780
[E2MT-CSV] 2,281,6647340,566400,43690,13450,585820,184090,5805820,68660
[E2MT-CSV] 2,282,11946580,1528320,100400,26930,605300,185360,10261670,66130
[E2MT-CSV] 2,283,6707010,610260,58670,14600,447890,196320,5999760,78310
[E2MT-CSV] 2,284,5236280,630930,62230,19910,92140,41580,4506330,19190
[E2MT-CSV] 2,285,7056710,603520,49640,14960,433420,202340,6347960,76990
[E2MT-CSV] 2,286,6770670,605270,48550,14330,412780,182080,5760110,73060
[E2MT-CSV] 2,287,5984460,781640,49510,14370,95800,43890,5099380,20090
[E2MT-CSV] 2,288,5712400,607010,58090,14630,89930,41380,4720950,19710
[E2MT-CSV] 2,289,6166650,773200,53130,14080,206490,44110,5290180,20600
[E2MT-CSV] 2,290,6429880,755310,48210,14330,421610,187610,5577230,72870
[E2MT-CSV] 2,291,7497560,910770,48350,14850,615140,361990,6482630,74430
[E2MT-CSV] 2,292,5366150,799510,49890,177880,89740,41840,4465300,19580
[E2MT-CSV] 2,293,6724880,596920,61460,15180,433450,199810,6030410,73030
[E2MT-CSV] 2,294,6708730,585880,46900,14060,407430,172470,5848870,70710
[E2MT-CSV] 2,295,5347850,599910,46500,14680,84570,38670,4365100,17380
[E2MT-CSV] 2,296,7352800,917390,50240,14960,599540,186710,6329610,77560
[E2MT-CSV] 2,297,6672900,966560,49510,14710,360290,45110,5600660,20440
[E2MT-CSV] 2,298,6481660,876330,47500,290370,409060,178690,5509720,82680
[E2MT-CSV] 2,299,6509320,771730,48170,15350,415980,184630,5636810,70300
[E2MT-CSV] 2,300,6287590,616780,49170,14310,599370,365840,5567730,74230
[E2MT-CSV] 2,301,7427060,692280,49940,14620,606470,187330,6632210,73690
[E2MT-CSV] 2,302,7158770,791790,61370,17350,627370,374010,6263820,73670
[E2MT-CSV] 2,303,9185760,1320640,77070,25380,304310,137030,7710040,48360
[E2MT-CSV] 2,304,10784070,1241820,73920,24490,599690,368050,9390110,68190
[E2MT-CSV] 2,305,7404900,1488760,77130,16400,427380,187410,5760870,78340
[E2MT-CSV] 2,306,5919340,619500,49180,31520,98500,46330,4903320,21160
[E2MT-CSV] 2,307,7639110,1031030,55170,16280,453690,209770,6495820,266510
[E2MT-CSV] 2,308,6550520,613620,48810,15090,406390,178210,5835260,72050
[E2MT-CSV] 2,309,6462290,761270,48380,14620,405510,176830,5603900,77540
[E2MT-CSV] 2,310,6672030,579870,48270,14060,570040,165140,5837070,65690
[E2MT-CSV] 2,311,6689750,615100,53350,14560,422890,188840,5969680,91420
[E2MT-CSV] 2,312,8463140,821160,54360,14440,435230,197840,7525440,86870
[E2MT-CSV] 2,313,6696990,591330,48380,14800,596560,208910,5838320,69110
[E2MT-CSV] 2,314,6620830,634300,48260,14030,404970,176720,5889750,77320
[E2MT-CSV] 2,315,6241210,892350,48950,14790,337670,151040,5252360,70060
[E2MT-CSV] 2,316,8442750,585120,47730,14960,619970,360420,7598920,77540
[E2MT-CSV] 2,317,6017000,782120,206770,15560,96610,44740,5133330,24840
[E2MT-CSV] 2,318,2908770,889110,55840,14520,97470,45640,1921950,21900
[E2MT-CSV] 2,319,6425840,586350,48730,14700,349260,151160,5740600,60250
[E2MT-CSV] 2,320,6088380,592930,47210,15030,484000,286170,5396400,74870
[E2MT-CSV] 2,321,6496700,780610,51250,14690,409500,178950,5607250,81380
[E2MT-CSV] 2,322,6867200,793940,49920,14840,443940,189130,5971060,261990
[E2MT-CSV] 2,323,6674730,589800,49290,15100,575500,179440,5802450,69830
[E2MT-CSV] 2,324,6511880,849980,46060,14430,579150,351790,5565120,71090
[E2MT-CSV] 2,325,6514850,865720,46140,14170,584350,353810,5564980,68520
[E2MT-CSV] 2,326,6427580,711580,44040,13850,566760,174740,5623360,66970
[E2MT-CSV] 2,327,7055440,1186710,77930,21080,528040,317040,5766730,63650
[E2MT-CSV] 2,328,10162800,1247150,74610,25400,332630,150400,8763680,60220
[E2MT-CSV] 2,329,6783470,880920,46650,15390,586220,182910,5803010,74280
[E2MT-CSV] 2,330,7409270,606630,49740,14590,611360,368880,6424320,73160
[E2MT-CSV] 2,331,6636150,702240,43380,13830,580090,174080,5836290,65990
[E2MT-CSV] 2,332,6667120,794170,48970,15010,348540,154950,5490700,57240
[E2MT-CSV] 2,333,6520420,593120,46720,13770,415970,186400,5828330,78780
[E2MT-CSV] 2,334,6543100,813620,52770,24520,416640,184030,5624260,73650
[E2MT-CSV] 2,335,6634940,713610,43100,12890,603740,200120,5832730,77030
[E2MT-CSV] 2,336,6465540,761200,44340,15170,570490,173370,5615270,67380
[E2MT-CSV] 2,337,6680940,618800,51290,14560,410200,182480,5959920,79380
[E2MT-CSV] 2,338,5744950,745350,43640,14050,83790,37320,4912140,16960
[E2MT-CSV] 2,339,6558540,580380,45740,14200,563240,177980,5711860,77680
[E2MT-CSV] 2,340,6061200,818960,43080,13570,382810,164100,5159680,66740
[E2MT-CSV] 2,341,6504140,572410,44820,14760,578290,348340,5669130,70200
[E2MT-CSV] 2,342,7101610,796360,52750,28940,646750,397550,6195110,75560
[E2MT-CSV] 2,343,6589260,581190,44410,14490,602910,368450,5619260,67680
[E2MT-CSV] 2,344,6557320,577180,46650,14520,578560,178010,5719410,71530
[E2MT-CSV] 2,345,7320880,582380,48690,14220,590590,189010,6473050,73490
[E2MT-CSV] 2,346,6507060,857970,45840,15270,580720,355910,5549240,68710
[E2MT-CSV] 2,347,4812040,767130,208730,15360,357460,217770,3944740,39290
[E2MT-CSV] 2,348,6963910,926000,311920,16170,611940,373530,5942600,82070
[E2MT-CSV] 2,349,7321670,570910,46060,14620,617450,202610,6378110,74910
[E2MT-CSV] 2,350,7094360,776460,47960,14280,616360,372070,6218790,76090
[E2MT-CSV] 2,351,6846560,584510,47340,15140,423610,188320,5992770,69680
[E2MT-CSV] 2,352,6549060,604510,49140,15220,430030,189620,5844200,75050
[E2MT-CSV] 2,353,6418250,578470,48510,14090,295900,101820,5746420,18550
[E2MT-CSV] 2,354,7848840,573100,46360,14660,410030,177980,6990530,68870
[E2MT-CSV] 2,355,6652370,589710,48370,14770,426360,189030,5965330,74550
[E2MT-CSV] 2,356,6892390,1234540,82380,24450,131640,60450,5213480,24880
[E2MT-CSV] 2,357,7112510,968580,51940,15480,618840,374810,6024860,80900
[E2MT-CSV] 2,358,7762980,1687520,55850,15300,654890,195120,5914110,76320
[E2MT-CSV] 2,359,6397300,790080,48280,23790,408460,176160,5504640,72210
[E2MT-CSV] 2,360,10317040,1518140,75240,25670,384450,162330,8643810,64300
[E2MT-CSV] 2,361,7040830,673890,50630,15330,457540,203210,5938760,88390
[E2MT-CSV] 2,362,7485820,787880,205390,15820,421890,184840,6596560,74760
[E2MT-CSV] 2,363,5169900,815410,51710,14640,98350,48440,4248900,22170
[E2MT-CSV] 2,364,6641620,580360,48800,14780,579660,179580,5780860,68620
[E2MT-CSV] 2,365,6619590,593480,46790,14690,569400,179720,5626710,68600
[E2MT-CSV] 2,366,6615580,605450,47690,13620,582220,186790,5737680,71050
[E2MT-CSV] 2,367,6399180,763000,48500,14710,420320,189780,5535190,73740
[E2MT-CSV] 2,368,5095600,765040,49350,15060,94760,43810,4229810,19620
[E2MT-CSV] 2,369,6871130,598640,49410,15160,416100,183870,6173830,78170
[E2MT-CSV] 2,370,6717890,767340,49930,14950,407740,179750,5548240,72850
[E2MT-CSV] 2,371,6258860,751320,49680,14450,405460,179450,5415460,71760
[E2MT-CSV] 2,372,6569520,779430,50320,15050,419500,184940,5688430,74980
[E2MT-CSV] 2,373,6714550,629930,49280,14310,576170,177390,5662300,68850
[E2MT-CSV] 2,374,6996410,900490,48830,14530,410340,182670,5600210,71560
[E2MT-CSV] 2,375,6547160,908680,56810,19370,561870,338770,5544850,66860
[E2MT-CSV] 2,376,6981020,731810,44110,14030,416390,182360,6163350,70090
[E2MT-CSV] 2,377,6853590,812140,49630,14780,436030,188620,5937810,267880
[E2MT-CSV] 2,378,6764380,921240,48610,14390,580230,179790,5751970,79570
[E2MT-CSV] 2,379,6545500,586600,47480,15200,399670,173410,5865190,70220
[E2MT-CSV] 2,380,6596640,967040,52710,14360,569370,179710,5537640,68970
[E2MT-CSV] 2,381,6778520,582220,47400,13760,404540,178940,5799040,69880
[E2MT-CSV] 2,382,6538470,761070,48420,14600,412560,183560,5674610,73470
[E2MT-CSV] 2,383,6608100,774640,48400,14680,407060,177070,5734500,70260
[E2MT-CSV] 2,384,6556730,870690,44460,14030,566470,345470,5594160,67440
[E2MT-CSV] 2,385,6571730,563360,44010,14020,568690,174570,5607350,66810
[E2MT-CSV] 2,386,6186580,736560,215760,15230,571510,176040,5357150,70650
[E2MT-CSV] 2,387,6726170,613220,56680,14930,425440,192420,6011960,74270
[E2MT-CSV] 2,388,6614900,909820,55220,14430,577340,185260,5609700,69530
[E2MT-CSV] 2,389,6445710,758700,43360,13770,560740,162690,5594820,69360
[E2MT-CSV] 2,390,6694980,588660,47170,14520,603990,184790,5722190,71880
[E2MT-CSV] 2,391,6391780,866750,47710,14620,394190,172910,5427800,70020
[E2MT-CSV] 2,392,6743130,831540,53130,14770,590490,362370,5802680,74350
[E2MT-CSV] 2,393,4955860,914670,47410,14670,93580,42170,3945660,20220
[E2MT-CSV] 2,394,6655690,595380,48300,14980,582530,179290,5784650,72600
[E2MT-CSV] 2,395,6670450,589050,48410,14590,575570,179020,5688760,78420
[E2MT-CSV] 2,396,6578290,872340,45330,13680,567980,345770,5618410,67970
[E2MT-CSV] 2,397,6265280,810760,48810,14680,104880,47530,5349960,19400
[E2MT-CSV] 2,398,6816010,599260,48330,13750,437830,189220,5817350,70760
[E2MT-CSV] 2,399,6429650,880030,44870,14880,387250,164510,5460640,241610
[E2MT-CSV] 2,400,6391650,776190,54910,15140,398890,172640,5508260,72700
[E2MT-CSV] 2,401,6462930,891850,47300,13850,567070,340520,5478680,68250
[E2MT-CSV] 2,402,6512400,767390,48610,14010,401640,175870,5642910,73080
[E2MT-CSV] 2,403,6690320,580480,46630,14250,592540,174980,5711930,70200
[E2MT-CSV] 2,404,6476140,852080,43590,13640,615060,182480,5537450,67230
[E2MT-CSV] 2,405,8207790,2032220,47610,14570,595750,188360,6074640,68550
[E2MT-CSV] 2,406,6696730,594240,48620,14360,590980,188470,5729070,71670
[E2MT-CSV] 2,407,6953030,853150,53810,16210,615150,373040,5978430,74580
[E2MT-CSV] 2,408,6829210,790630,219150,15660,421720,188160,5939760,263250
[E2MT-CSV] 2,409,6569140,875470,46990,14830,589920,361860,5602470,72460
[E2MT-CSV] 2,410,6665920,586210,46560,14100,587280,177240,5691390,71160
[E2MT-CSV] 2,411,6695600,592890,47590,15100,577380,175680,5690470,70950
[E2MT-CSV] 2,412,6826880,598840,48370,14630,427930,189340,5857740,73480
[E2MT-CSV] 2,413,6760560,594850,48660,14540,420390,182660,5758080,70120
[E2MT-CSV] 2,414,6741190,900350,49610,13810,609850,187690,5749770,73220
[E2MT-CSV] 2,415,6598710,585290,46710,14400,578330,176110,5625570,68960
[E2MT-CSV] 2,416,6919940,580330,46680,14410,406860,174810,5912690,69490
[E2MT-CSV] 2,417,6879580,806070,50860,209710,400420,173090,5971880,280600
[E2MT-CSV] 2,418,7240610,588390,49170,13940,431890,183710,6240110,272540
[E2MT-CSV] 2,419,6731690,589440,47700,14730,609440,175180,5740410,70120
[E2MT-CSV] 2,420,6711040,587550,48300,15140,397400,172430,5731200,69420
[E2MT-CSV] 2,421,6701780,578510,45680,13970,596200,176510,5716660,78020
[E2MT-CSV] 2,422,6540290,602260,48900,14630,414250,182800,5839720,74620
[E2MT-CSV] 2,423,6985590,581850,48680,13990,608150,187550,6313130,79960
[E2MT-CSV] 2,424,6620320,582920,46370,14940,577130,185140,5756150,67710
[E2MT-CSV] 2,425,6898350,598290,51630,14490,409450,177700,5898740,69650
[E2MT-CSV] 2,426,6933290,884920,332260,15580,642420,388650,5947290,74740
[E2MT-CSV] 2,427,6618920,799830,49600,14450,424430,195520,5719650,72720
[E2MT-CSV] 2,428,6685220,612910,47580,14170,586000,176450,5673940,68670
[E2MT-CSV] 2,429,6750860,584080,47110,15140,406590,181890,5740330,68960
[E2MT-CSV] 2,430,6501650,793600,49550,14060,413370,179700,5608170,72520
[E2MT-CSV] 2,431,2875270,550960,20670,5160,148700,71490,1795410,30850
[E2MT-CSV] 2,432,7253130,1156480,49960,14910,601140,187930,5943140,75310
[E2MT-CSV] 2,433,6879400,584940,48740,14000,416900,178180,6020600,72090
[E2MT-CSV] 2,434,6630420,908810,57000,14080,577180,181610,5627100,68330
[E2MT-CSV] 2,435,6804300,590000,46630,14340,426430,182830,5777990,72130
[E2MT-CSV] 2,436,6814720,576900,47090,14360,426990,188960,5864440,72180
[E2MT-CSV] 2,437,6697640,597330,47450,14350,417920,187750,5711780,70760
[E2MT-CSV] 2,438,6492530,779590,49640,14750,409390,179630,5615900,76490
[E2MT-CSV] 2,439,6612890,556060,44950,13890,592060,177420,5781290,64840
[E2MT-CSV] 2,440,6575400,852530,46000,13390,574690,354020,5631080,66820
[E2MT-CSV] 2,441,6425630,817950,42320,13880,564180,166020,5525240,67170
[E2MT-CSV] 2,442,6885850,799990,51970,14750,419540,190240,5983070,256340
[E2MT-CSV] 2,443,6745150,578400,46480,14300,417540,174590,5746580,69370
[E2MT-CSV] 2,444,6490310,784900,47360,13490,407460,180390,5608330,69540
[E2MT-CSV] 2,445,6896170,593890,49170,14710,428320,187290,5919730,70530
[E2MT-CSV] 2,446,6442710,773530,49010,14370,406610,176440,5568920,70620
[E2MT-CSV] 2,447,6427200,600020,48520,14890,415180,186990,5729150,72200
[E2MT-CSV] 2,448,6811870,599230,51540,18560,411860,171440,5802620,71290
[E2MT-CSV] 2,449,6502450,835620,43320,13860,588460,355360,5582790,66440
[E2MT-CSV] 2,450,6618000,873920,46790,14590,593070,180150,5656290,66060
[E2MT-CSV] 2,451,6623500,850550,46520,13960,583090,359300,5688790,65870
[E2MT-CSV] 2,452,6452700,796210,47040,14600,404380,175970,5557270,71580
[E2MT-CSV] 2,453,6893530,776260,221400,16330,420160,185360,6018480,370060
[E2MT-CSV] 2,454,6571090,852630,46270,13870,579200,348920,5635740,66570
[E2MT-CSV] 2,455,6675710,570550,45830,14310,596950,173470,5693890,76010
[E2MT-CSV] 2,456,7785680,754980,46160,14310,395450,172840,5495500,78010
[E2MT-CSV] 2,457,4632270,768640,50790,14780,109260,50760,3759330,23040
[E2MT-CSV] 2,458,6596410,579380,46960,14130,416200,186990,5916390,78600
[E2MT-CSV] 2,459,6584730,554060,43120,12910,584960,172010,5675790,65910
[E2MT-CSV] 2,460,6530790,556480,45730,14270,565260,188480,5585260,64910
[E2MT-CSV] 2,461,6591470,552040,45390,13450,589750,185180,5659890,67200
[E2MT-CSV] 2,462,6799680,802620,48880,13870,607310,191440,5894810,73650
[E2MT-CSV] 2,463,6464850,775740,47730,14370,402320,174600,5592930,79040
[E2MT-CSV] 2,464,6324380,578290,48100,14010,577780,181470,5652860,69380
[E2MT-CSV] 2,465,6656640,556180,44200,13980,569580,173850,5721340,73840
[E2MT-CSV] 2,466,6297120,551650,44080,13240,588090,178620,5659370,67110
[E2MT-CSV] 2,467,6540140,798590,64650,15190,411780,180580,5641110,73540
[E2MT-CSV] 2,468,6467060,774110,225870,15580,409290,181900,5599790,80950
[E2MT-CSV] 2,469,6657770,964590,43120,13720,600060,174040,5607190,67670
[E2MT-CSV] 2,470,6612050,958340,43470,13290,581580,362700,5568530,64750
[E2MT-CSV] 2,471,6530610,928540,43610,14020,573100,353390,5517820,66790
[E2MT-CSV] 2,472,6957680,924050,238300,15630,415330,178040,5933420,355490
[E2MT-CSV] 2,473,6676520,966950,47410,14460,583800,173510,5617760,68670
[E2MT-CSV] 2,474,6638340,863730,45020,14580,572750,189080,5689610,66090
[E2MT-CSV] 2,475,6653840,842960,44820,14810,571510,186450,5724000,68940
[E2MT-CSV] 2,476,6627490,550600,43310,13650,585430,174350,5704920,67720
[E2MT-CSV] 2,477,7040640,793590,47330,14450,621750,384940,6148640,72640
[E2MT-CSV] 2,478,7381630,933710,51000,14680,652400,399860,5935250,76790
[E2MT-CSV] 2,479,6880400,580590,46630,14340,407130,180500,5913620,68970
[E2MT-CSV] 2,480,6688750,561060,45590,13790,585270,175230,5769740,65360
[E2MT-CSV] 2,481,6471720,555070,44300,14260,389970,167440,5822060,65430
[E2MT-CSV] 2,482,7026420,771120,46560,14470,666190,174200,6157440,104100
[E2MT-CSV] 2,483,6616250,767000,48320,14800,420580,185390,5752880,78760
[E2MT-CSV] 2,484,6963390,763690,47270,15230,593610,185820,6108450,69970
[E2MT-CSV] 2,485,6697970,858410,44780,13440,578170,177650,5747040,69240
[E2MT-CSV] 2,486,6382810,544920,43990,13340,419950,174240,5749420,65940
[E2MT-CSV] 2,487,8545840,962360,311460,23810,410450,178200,7484400,66660
[E2MT-CSV] 2,488,6990530,591020,48330,14610,406740,179140,6002780,67010
[E2MT-CSV] 2,489,6722090,572590,45290,14770,579960,169230,5755550,65100
[E2MT-CSV] 2,490,6624280,822420,42740,13420,573860,187990,5716750,65080
[E2MT-CSV] 2,491,6543840,815700,42450,13750,574620,356240,5644310,63360
[E2MT-CSV] 2,492,7217030,792850,51470,15380,611830,205310,6323330,94490
[E2MT-CSV] 2,493,6556440,585930,47620,14310,416390,185480,5862440,71100
[E2MT-CSV] 2,494,7079090,839450,45000,14360,428870,184950,6153750,71970
[E2MT-CSV] 2,495,5665870,568430,45230,14100,79580,34940,4739510,15050
[E2MT-CSV] 2,496,6469630,748990,44960,13940,566080,334380,5630270,69430
[E2MT-CSV] 2,497,7035010,882570,47860,15010,605360,372000,6052430,73520
[E2MT-CSV] 2,498,6492060,780370,209610,15230,417770,184770,5613640,77800
[E2MT-CSV] 2,499,6504960,756600,47520,14490,415750,182180,5646980,80060
[E2MT-CSV] 2,500,6143470,741950,54600,14800,368830,170940,5312240,16350
[E2MT-CSV] 2,501,6693100,590890,48400,14830,422590,191980,5997040,72610
[E2MT-CSV] 2,502,6410660,778890,48880,15020,429810,189920,5529110,73470
[E2MT-CSV] 2,503,6407470,588520,47710,15220,415480,178770,5722970,72580
[E2MT-CSV] 2,504,6467860,831320,44950,14100,578490,337700,5547800,68710
[E2MT-CSV] 2,505,6428250,839330,46070,13610,554150,323330,5500910,73790
[E2MT-CSV] 2,506,10738430,1219310,72190,24520,404620,174240,9371540,236380
[E2MT-CSV] 2,507,6636560,607340,51640,14060,422490,190190,5924730,75860
[E2MT-CSV] 2,508,6664390,599890,49100,14190,577400,178590,5678020,70070
[E2MT-CSV] 2,509,5769700,774570,49010,14130,83960,37050,4897200,16380
[E2MT-SUMMARY] chain_len=2 e2e_avg=6635079 publish_avg=761814 gc_trigger_avg=59849 invoke_cb_avg=18155 getnext_avg=444203 take_data_avg=186686 sched_avg=5705008 dispatch_avg=75008
