
RTEMS Shell on /dev/console. Use 'help' to list commands.
SHLL [/] # nexus0: <RTEMS Nexus device>
info: lo0: link state changed to UP
=== Exp3inter-ST: Task Chain (n=3) SingleThreadedExecutor ===
Period: 200ms, Rounds: 500
[E3IST-CSV] chain_len,round,e2e_ns,publish_ns,gc_trigger_ns,invoke_cb_ns,getnext_ns,take_data_ns,sched_ns,dispatch_ns
666666
CPP Msg not nullptr
CPP Msg not nullptr
CPP Msg not nullptr
CPP Msg not nullptr
C Msg not NULL
C Msg not NULL
CPP Srv not nullptr
CPP Srv not nullptr
CPP Srv not nullptr
CPP Srv not nullptr
CPP Srv not nullptr
CPP Srv not nullptr
CPP Msg not nullptr
CPP Msg not nullptr
CPP Msg not nullptr
CPP Msg not nullptr
CPP Msg not nullptr
CPP Msg not nullptr
C Msg not NULL
C Msg not NULL
CPP Srv not nullptr
CPP Srv not nullptr
CPP Srv not nullptr
CPP Srv not nullptr
CPP Srv not nullptr
CPP Srv not nullptr
CPP Msg not nullptr
CPP Msg not nullptr
CPP Msg not nullptr
CPP Msg not nullptr
CPP Msg not nullptr
CPP Msg not nullptr
CPP Msg not nullptr
CPP Msg not nullptr
C Msg not NULL
C Msg not NULL
CPP Srv not nullptr
CPP Srv not nullptr
CPP Srv not nullptr
CPP Srv not nullptr
CPP Srv not nullptr
CPP Srv not nullptr
CPP Msg not nullptr
CPP Msg not nullptr
CPP Msg not nullptr
CPP Msg not nullptr
CPP Msg not nullptr
CPP Msg not nullptr
[E3IST-CSV] 3,0,13481970,1207300,0,0,91130,0,12003480,3753954028
[E3IST-CSV] 3,1,4286900,1291910,0,0,102270,0,2960670,3873133768
[E3IST-CSV] 3,2,14257150,4275600,0,0,432680,0,9894400,4292062988
[E3IST-CSV] 3,3,14155540,4259460,0,0,574360,0,9806120,4694342088
[E3IST-CSV] 3,4,14576570,4412220,0,0,315200,0,10073590,5094395038
[E3IST-CSV] 3,5,7159650,2615670,0,0,69660,0,4460050,5483614528
[E3IST-CSV] 3,6,14617500,4413680,0,0,317530,0,10110560,5892178698
[E3IST-CSV] 3,7,14636710,4459700,0,0,320170,0,10084740,6294245968
[E3IST-CSV] 3,8,14898210,4448120,0,0,303800,0,10355160,6692885818
[E3IST-CSV] 3,9,14512120,4365050,0,0,322840,0,10052470,7094054098
[E3IST-CSV] 3,10,14186450,4212540,0,0,302600,0,9879530,7493750638
[E3IST-CSV] 3,11,14544230,4373470,0,0,316970,0,10072010,7894176848
[E3IST-CSV] 3,12,14584310,4409480,0,0,313850,0,10079680,8294229268
[E3IST-CSV] 3,13,14557940,4388020,0,0,314960,0,10076220,8694205868
[E3IST-CSV] 3,14,15153650,4566600,0,0,463800,0,10485230,9095452318
[E3IST-CSV] 3,15,14470680,4332940,0,0,459430,0,10048410,9493934628
[E3IST-CSV] 3,16,14283770,4334580,0,0,415180,0,9846640,9894132328
[E3IST-CSV] 3,17,14652270,4434290,0,0,321730,0,10127530,10294297038
[E3IST-CSV] 3,18,14892430,4396870,0,0,308820,0,10399410,10694610828
[E3IST-CSV] 3,19,14759020,4516310,0,0,450830,0,10152310,11094912878
[E3IST-CSV] 3,20,8548630,3212650,0,0,67420,0,5237350,11486619238
[E3IST-CSV] 3,21,14619560,4332010,0,0,315050,0,10195830,11892317888
[E3IST-CSV] 3,22,14627180,4370410,0,0,315250,0,10161180,12294239138
[E3IST-CSV] 3,23,15090990,4439640,0,0,471360,0,10545080,12695364198
[E3IST-CSV] 3,24,14686790,4429650,0,0,309690,0,10164140,13094271088
[E3IST-CSV] 3,25,13253280,4790450,0,0,359690,0,8361630,13493107608
[E3IST-CSV] 3,26,14838120,4437860,0,0,325700,0,10308160,13892327018
[E3IST-CSV] 3,27,14611600,4405460,0,0,316190,0,10116140,14294072998
[E3IST-CSV] 3,28,14485260,4369370,0,0,326380,0,10024760,14693947198
[E3IST-CSV] 3,29,17044890,4598800,0,0,404700,0,12351350,15097376448
[E3IST-CSV] 3,30,6297540,2606280,0,0,74050,0,3610280,15481669218
[E3IST-CSV] 3,31,14602140,4483000,0,0,340110,0,10019250,15893170368
[E3IST-CSV] 3,32,14467640,4336390,0,0,299110,0,10039970,16294183538
[E3IST-CSV] 3,33,14220580,4175690,0,0,483870,0,9951620,16694152598
[E3IST-CSV] 3,34,5992630,2691140,0,0,75910,0,3220080,17081498528
[E3IST-CSV] 3,35,14415180,4136470,0,0,504780,0,10183300,17492649088
[E3IST-CSV] 3,36,14509850,4368840,0,0,310130,0,10049370,17894258918
[E3IST-CSV] 3,37,14538940,4388620,0,0,324290,0,10058390,18294182448
[E3IST-CSV] 3,38,14153300,4228580,0,0,289780,0,9832740,18693905418
[E3IST-CSV] 3,39,15017250,4364920,0,0,332670,0,10560620,19094745348
[E3IST-CSV] 3,40,16342880,4438030,0,0,859590,0,11811220,19495924138
[E3IST-CSV] 3,41,14675500,4429070,0,0,327590,0,10148120,19894159538
[E3IST-CSV] 3,42,14560570,4364550,0,0,307170,0,10103640,20294242008
[E3IST-CSV] 3,43,14620350,4407750,0,0,301850,0,10120200,20694303268
[E3IST-CSV] 3,44,14574330,4339870,0,0,331550,0,10141590,21094124688
[E3IST-CSV] 3,45,14516520,4369750,0,0,323280,0,10052490,21494052808
[E3IST-CSV] 3,46,14605160,4401160,0,0,330220,0,10111560,21894121648
[E3IST-CSV] 3,47,14556720,4386100,0,0,333050,0,10076920,22294171958
[E3IST-CSV] 3,48,14913170,4561570,0,0,463960,0,10258550,22694733868
[E3IST-CSV] 3,49,14470490,4341460,0,0,306480,0,10041030,23094289008
[E3IST-CSV] 3,50,14596490,4404270,0,0,317400,0,10098910,23494192068
[E3IST-CSV] 3,51,14592780,4361060,0,0,328660,0,10141810,23894147888
[E3IST-CSV] 3,52,14567610,4355680,0,0,324050,0,10107240,24294116268
[E3IST-CSV] 3,53,14842290,4368930,0,0,307940,0,10380490,24694619648
[E3IST-CSV] 3,54,14554830,4391140,0,0,315490,0,10070350,25094166158
[E3IST-CSV] 3,55,14494060,4334530,0,0,323370,0,10066540,25494079488
[E3IST-CSV] 3,56,14563550,4374930,0,0,333500,0,10096180,25894135208
[E3IST-CSV] 3,57,14451520,4360180,0,0,300110,0,9988390,26294015888
[E3IST-CSV] 3,58,14439740,4329930,0,0,330740,0,10015940,26694091808
[E3IST-CSV] 3,59,14510540,4352200,0,0,333110,0,10065780,27094119088
[E3IST-CSV] 3,60,14472800,4317260,0,0,315170,0,10054280,27493993018
[E3IST-CSV] 3,61,14489300,4361490,0,0,319150,0,10033930,27894108728
[E3IST-CSV] 3,62,14209990,4259010,0,0,309980,0,9858020,28293768868
[E3IST-CSV] 3,63,14510010,4357120,0,0,329160,0,10047180,28694064168
[E3IST-CSV] 3,64,14774400,4370720,0,0,453270,0,10315790,29094598718
[E3IST-CSV] 3,65,16142190,4490310,0,0,513310,0,11560310,29496244088
[E3IST-CSV] 3,66,14892660,4374310,0,0,325230,0,10417440,29894485188
[E3IST-CSV] 3,67,14795350,4374710,0,0,478300,0,10138300,30296649608
[E3IST-CSV] 3,68,14460540,4412050,0,0,317900,0,9943760,30693898488
[E3IST-CSV] 3,69,7064320,2968380,0,0,68630,0,4009720,31083812018
[E3IST-CSV] 3,70,14515790,4336450,0,0,486780,0,10086680,31494713038
[E3IST-CSV] 3,71,15394310,4311330,0,0,618480,0,10981790,31896128978
[E3IST-CSV] 3,72,14516630,4343200,0,0,309290,0,10075440,32293951918
[E3IST-CSV] 3,73,15568680,4680810,0,0,480160,0,10789470,32695921518
[E3IST-CSV] 3,74,14907040,4371210,0,0,321140,0,10437710,33095181158
[E3IST-CSV] 3,75,14625960,4563670,0,0,313260,0,9965850,33494355628
[E3IST-CSV] 3,76,14501580,4281960,0,0,491210,0,10115970,33894237688
[E3IST-CSV] 3,77,14560200,4358020,0,0,326970,0,10098240,34294078438
[E3IST-CSV] 3,78,14623510,4405310,0,0,324320,0,10115530,34693966338
[E3IST-CSV] 3,79,14518790,4342230,0,0,308100,0,10088180,35094100098
[E3IST-CSV] 3,80,15510480,4418470,0,0,588370,0,10999240,35495164248
[E3IST-CSV] 3,81,6341660,2655030,0,0,72380,0,3596520,35883621108
[E3IST-CSV] 3,82,14583510,4374190,0,0,317600,0,10121340,36293822128
[E3IST-CSV] 3,83,17031470,4966290,0,0,580880,0,11961970,36696489088
[E3IST-CSV] 3,84,14481490,4297310,0,0,494610,0,10089820,37094488638
[E3IST-CSV] 3,85,14575900,4245810,0,0,482680,0,10230030,37494595398
[E3IST-CSV] 3,86,14974180,4342140,0,0,490460,0,10524510,37895038758
[E3IST-CSV] 3,87,14963940,4339880,0,0,320870,0,10529620,38295155758
[E3IST-CSV] 3,88,14875940,4374350,0,0,480590,0,10200140,38694641648
[E3IST-CSV] 3,89,14431110,4260250,0,0,481480,0,10065700,39094179028
[E3IST-CSV] 3,90,7083350,2910370,0,0,68880,0,4088680,39483496818
[E3IST-CSV] 3,91,14696780,4436990,0,0,327070,0,10169230,39894022108
[E3IST-CSV] 3,92,14588210,4351470,0,0,334760,0,10133300,40293976958
[E3IST-CSV] 3,93,14574750,4396600,0,0,325050,0,10080680,40693981228
[E3IST-CSV] 3,94,14127180,4237380,0,0,297820,0,9802310,41093693588
[E3IST-CSV] 3,95,14486760,4381130,0,0,313890,0,10002840,41493931268
[E3IST-CSV] 3,96,14585250,4390760,0,0,337230,0,10101130,41893892668
[E3IST-CSV] 3,97,14613000,4407020,0,0,335380,0,10116850,42293954958
[E3IST-CSV] 3,98,14596370,4398820,0,0,321940,0,10096210,42694080008
[E3IST-CSV] 3,99,14594130,4388310,0,0,327080,0,10114180,43093923838
[E3IST-CSV] 3,100,14485270,4407120,0,0,315440,0,9984470,43493812338
[E3IST-CSV] 3,101,14646720,4403670,0,0,324110,0,10147900,43894098078
[E3IST-CSV] 3,102,14568730,4336770,0,0,320340,0,10139640,44293915198
[E3IST-CSV] 3,103,14668250,4426310,0,0,310920,0,10135310,44694195578
[E3IST-CSV] 3,104,14890160,4380140,0,0,333310,0,10417550,45094239848
[E3IST-CSV] 3,105,14409210,4340180,0,0,313050,0,9976890,45493751068
[E3IST-CSV] 3,106,14628650,4418730,0,0,323080,0,10119360,45893902008
[E3IST-CSV] 3,107,14428430,4322040,0,0,299520,0,10012970,46293766268
[E3IST-CSV] 3,108,14591700,4400180,0,0,326520,0,10098450,46693955418
[E3IST-CSV] 3,109,14791100,4406970,0,0,311330,0,10292380,47094367118
[E3IST-CSV] 3,110,14268280,4303930,0,0,406970,0,9872350,47493596168
[E3IST-CSV] 3,111,14657640,4381390,0,0,326760,0,10186250,47893864088
[E3IST-CSV] 3,112,14413370,4349910,0,0,315950,0,9952780,48293814758
[E3IST-CSV] 3,113,14526110,4379090,0,0,317100,0,10054860,48693811628
[E3IST-CSV] 3,114,14532170,4399440,0,0,310450,0,10033470,49093702118
[E3IST-CSV] 3,115,14278800,4273550,0,0,407140,0,9914190,49493661418
[E3IST-CSV] 3,116,14545120,4359200,0,0,322070,0,10094170,49893848318
[E3IST-CSV] 3,117,14479310,4361460,0,0,312930,0,10026850,50293772718
[E3IST-CSV] 3,118,14683180,4416980,0,0,328630,0,10169880,50694075868
[E3IST-CSV] 3,119,14615140,4399480,0,0,324740,0,10123890,51093847918
[E3IST-CSV] 3,120,13766240,4106590,0,0,275700,0,9567750,51493322148
[E3IST-CSV] 3,121,14903740,4457460,0,0,323670,0,10353280,51894366438
[E3IST-CSV] 3,122,14381100,4272750,0,0,304080,0,10015660,52293871138
[E3IST-CSV] 3,123,14602060,4387830,0,0,450600,0,10119200,52694113538
[E3IST-CSV] 3,124,14820060,4340690,0,0,471650,0,10382320,53094398218
[E3IST-CSV] 3,125,13238610,3926790,0,0,363700,0,9222460,53492402318
[E3IST-CSV] 3,126,14886310,4511740,0,0,334020,0,10284100,53894135638
[E3IST-CSV] 3,127,15497550,4235810,0,0,301920,0,11172260,54295905178
[E3IST-CSV] 3,128,14540430,4388660,0,0,312410,0,10059440,54693852288
[E3IST-CSV] 3,129,14633180,4380500,0,0,328140,0,10161920,55093872608
[E3IST-CSV] 3,130,12342260,3641950,0,0,234630,0,8608860,55493693998
[E3IST-CSV] 3,131,14531080,4407260,0,0,306010,0,10031400,55893731228
[E3IST-CSV] 3,132,6649330,2753900,0,0,68610,0,3815310,56281962898
[E3IST-CSV] 3,133,14591720,4429290,0,0,316310,0,10066360,56693983538
[E3IST-CSV] 3,134,14563250,4419580,0,0,316550,0,10055120,57093713468
[E3IST-CSV] 3,135,15839750,4078040,0,0,663280,0,11672910,57496986618
[E3IST-CSV] 3,136,6456860,2681540,0,0,72700,0,3698410,57881596898
[E3IST-CSV] 3,137,6504090,2709540,0,0,69950,0,3720660,58281653038
[E3IST-CSV] 3,138,14691700,4440180,0,0,331150,0,10162350,58693836228
[E3IST-CSV] 3,139,14600290,4403800,0,0,330410,0,10110760,59093913058
[E3IST-CSV] 3,140,14586310,4394250,0,0,313090,0,10100990,59493698748
[E3IST-CSV] 3,141,14670270,4495690,0,0,312980,0,10082240,59893789028
[E3IST-CSV] 3,142,14661310,4451060,0,0,324470,0,10119410,60293797158
[E3IST-CSV] 3,143,14834180,4433380,0,0,333140,0,10304160,60694266308
[E3IST-CSV] 3,144,14688270,4422710,0,0,323550,0,10174320,61093783788
[E3IST-CSV] 3,145,14542150,4379740,0,0,331910,0,10073240,61493588718
[E3IST-CSV] 3,146,15028330,4475320,0,0,330910,0,10460720,61894230588
[E3IST-CSV] 3,147,6265290,2624880,0,0,70300,0,3560500,62281271538
[E3IST-CSV] 3,148,14518610,4342650,0,0,307680,0,10082520,62693756348
[E3IST-CSV] 3,149,14636730,4344820,0,0,320850,0,10201780,63093780728
[E3IST-CSV] 3,150,13857760,4137910,0,0,287180,0,9627240,63493116758
[E3IST-CSV] 3,151,14459460,4354400,0,0,314650,0,10012840,63893628398
[E3IST-CSV] 3,152,14627320,4412030,0,0,317940,0,10121550,64293806768
[E3IST-CSV] 3,153,14648390,4438100,0,0,318460,0,10114460,64693810798
[E3IST-CSV] 3,154,6396360,2673000,0,0,71390,0,3639430,65081579228
[E3IST-CSV] 3,155,14342890,4295420,0,0,437210,0,9955480,65493409738
[E3IST-CSV] 3,156,14556740,4337300,0,0,315150,0,10118700,65893736678
[E3IST-CSV] 3,157,14547490,4339370,0,0,334980,0,10117200,66293763648
[E3IST-CSV] 3,158,14387240,4312650,0,0,301710,0,9963480,66693795058
[E3IST-CSV] 3,159,14899710,4469260,0,0,322860,0,10339020,67093926998
[E3IST-CSV] 3,160,14676310,4372240,0,0,342310,0,10213930,67493601068
[E3IST-CSV] 3,161,14855140,4403750,0,0,327520,0,10348810,67894173708
[E3IST-CSV] 3,162,6551680,2709960,0,0,72310,0,3766080,68281639548
[E3IST-CSV] 3,163,14574000,4381710,0,0,317610,0,10100920,68693669298
[E3IST-CSV] 3,164,14623440,4404790,0,0,331880,0,10107920,69093495598
[E3IST-CSV] 3,165,14926950,4483890,0,0,330640,0,10352260,69493884348
[E3IST-CSV] 3,166,14651660,4431800,0,0,332130,0,10129130,69893666578
[E3IST-CSV] 3,167,14668850,4392980,0,0,321280,0,10182000,70293672988
[E3IST-CSV] 3,168,6435210,2662090,0,0,70420,0,3693450,70681416688
[E3IST-CSV] 3,169,6549630,2752050,0,0,70760,0,3723150,71081837768
[E3IST-CSV] 3,170,14619320,4398660,0,0,324120,0,10130740,71493699938
[E3IST-CSV] 3,171,14842070,4576650,0,0,317180,0,10170800,71894240938
[E3IST-CSV] 3,172,14631310,4482820,0,0,321690,0,10045850,72293685078
[E3IST-CSV] 3,173,13404740,4038600,0,0,257550,0,9271780,72692544778
[E3IST-CSV] 3,174,14595740,4358860,0,0,312630,0,10146620,73093718998
[E3IST-CSV] 3,175,14656970,4375170,0,0,319530,0,10190590,73493889788
[E3IST-CSV] 3,176,14843290,4476150,0,0,309530,0,10272930,73894001048
[E3IST-CSV] 3,177,14683230,4412580,0,0,318630,0,10178690,74293803838
[E3IST-CSV] 3,178,11815310,3682390,0,0,321470,0,8045060,74689955858
[E3IST-CSV] 3,179,14633650,4407630,0,0,341520,0,10137320,75093597908
[E3IST-CSV] 3,180,14633350,4404760,0,0,336460,0,10132430,75493594788
[E3IST-CSV] 3,181,14615060,4390560,0,0,312580,0,10131840,75893775278
[E3IST-CSV] 3,182,6812510,2752600,0,0,70840,0,3980970,76282072908
[E3IST-CSV] 3,183,16802550,4442790,0,0,221400,0,12271120,76699531918
[E3IST-CSV] 3,184,14515180,4409130,0,0,306070,0,10016330,77093775948
[E3IST-CSV] 3,185,14601730,4396040,0,0,325860,0,10117550,77493502708
[E3IST-CSV] 3,186,14811820,4404180,0,0,303710,0,10309910,77894087208
[E3IST-CSV] 3,187,14576120,4423400,0,0,325100,0,10064380,78293507858
[E3IST-CSV] 3,188,14930950,4383650,0,0,324150,0,10452900,78694042658
[E3IST-CSV] 3,189,14587180,4418980,0,0,319520,0,10076530,79093636328
[E3IST-CSV] 3,190,14896860,4490460,0,0,314050,0,10305260,79493979318
[E3IST-CSV] 3,191,14476920,4373910,0,0,308220,0,10008530,79893600478
[E3IST-CSV] 3,192,14606820,4440440,0,0,310530,0,10066800,80293644208
[E3IST-CSV] 3,193,14829120,4425530,0,0,465300,0,10149720,80694249238
[E3IST-CSV] 3,194,14515100,4375410,0,0,313900,0,10045300,81093675758
[E3IST-CSV] 3,195,14589950,4405590,0,0,319280,0,10091750,81493618008
[E3IST-CSV] 3,196,14599370,4581370,0,0,292740,0,9924850,81893778458
[E3IST-CSV] 3,197,14547640,4392710,0,0,331990,0,10064050,82293458568
[E3IST-CSV] 3,198,14929320,4433330,0,0,311870,0,10396090,82693991088
[E3IST-CSV] 3,199,14886990,4419800,0,0,315310,0,10378800,83094157178
[E3IST-CSV] 3,200,14638770,4394560,0,0,320160,0,10151950,83493685658
[E3IST-CSV] 3,201,14504280,4387530,0,0,337040,0,10022820,83893477228
[E3IST-CSV] 3,202,14670450,4260210,0,0,340910,0,10318590,84293753478
[E3IST-CSV] 3,203,14559610,4135100,0,0,457790,0,10171530,84693896818
[E3IST-CSV] 3,204,14577540,4417390,0,0,311370,0,10058720,85093692408
[E3IST-CSV] 3,205,14469180,4385660,0,0,342030,0,9982920,85493267298
[E3IST-CSV] 3,206,14303750,4316600,0,0,403100,0,9890780,85893409998
[E3IST-CSV] 3,207,6868380,2777240,0,0,70240,0,4010160,86282079278
[E3IST-CSV] 3,208,14570810,4426750,0,0,331320,0,10051330,86693479718
[E3IST-CSV] 3,209,14868570,4447400,0,0,318710,0,10327970,87093989588
[E3IST-CSV] 3,210,14344370,4214830,0,0,411210,0,10037660,87493386998
[E3IST-CSV] 3,211,13666480,4088850,0,0,278870,0,9476420,87892557508
[E3IST-CSV] 3,212,14530700,4358790,0,0,330030,0,10080380,88293495568
[E3IST-CSV] 3,213,14767500,4297690,0,0,312870,0,10359500,88693978668
[E3IST-CSV] 3,214,14791770,4357940,0,0,310310,0,10334200,89094028978
[E3IST-CSV] 3,215,14409820,4323140,0,0,313180,0,9994280,89493348138
[E3IST-CSV] 3,216,14400420,4334540,0,0,320980,0,9973010,89893327428
[E3IST-CSV] 3,217,14381190,4279330,0,0,333830,0,10011280,90293351588
[E3IST-CSV] 3,218,14888530,4406260,0,0,305010,0,10388290,90693859478
[E3IST-CSV] 3,219,14484430,4301900,0,0,297170,0,10081370,91093662438
[E3IST-CSV] 3,220,14761020,4336770,0,0,303560,0,10329320,91494050018
[E3IST-CSV] 3,221,14375570,4259490,0,0,452550,0,10024790,91893879038
[E3IST-CSV] 3,222,14469690,4417760,0,0,310760,0,9959010,92293498738
[E3IST-CSV] 3,223,15029380,4374350,0,0,303120,0,10561620,92694127008
[E3IST-CSV] 3,224,14327810,4281000,0,0,299230,0,9948120,93093346698
[E3IST-CSV] 3,225,15107430,4607180,0,0,307310,0,10407670,93494143668
[E3IST-CSV] 3,226,14931130,4556320,0,0,353980,0,10281280,93894142758
[E3IST-CSV] 3,227,14857810,4608410,0,0,301990,0,10155170,94294033658
[E3IST-CSV] 3,228,14494520,4304750,0,0,329490,0,10098080,94693411118
[E3IST-CSV] 3,229,14375720,4299490,0,0,444890,0,9987360,95093689248
[E3IST-CSV] 3,230,14807640,4379010,0,0,291250,0,10338050,95493988418
[E3IST-CSV] 3,231,14814350,4544520,0,0,454030,0,10177120,95894079418
[E3IST-CSV] 3,232,14474350,4364940,0,0,299120,0,10014520,96293517698
[E3IST-CSV] 3,233,14610360,4396650,0,0,326640,0,10120610,96693520768
[E3IST-CSV] 3,234,14395380,4331610,0,0,299000,0,9970190,97093357498
[E3IST-CSV] 3,235,14639850,4354300,0,0,339430,0,10193660,97493498338
[E3IST-CSV] 3,236,14607300,4592340,0,0,303290,0,9916640,97893661428
[E3IST-CSV] 3,237,15009820,4677370,0,0,320690,0,10239240,98294075298
[E3IST-CSV] 3,238,14595380,4378410,0,0,315940,0,10124100,98693606248
[E3IST-CSV] 3,239,15221580,4158760,0,0,443850,0,10969310,99095274628
[E3IST-CSV] 3,240,14974360,4473570,0,0,330210,0,10407990,99493872618
[E3IST-CSV] 3,241,14609490,4415020,0,0,313460,0,10107080,99893229518
[E3IST-CSV] 3,242,14576120,4434580,0,0,316460,0,10048100,100293261998
[E3IST-CSV] 3,243,6905300,2668430,0,0,117380,0,4158610,100682026098
[E3IST-CSV] 3,244,14460540,4346260,0,0,298670,0,10026380,101093504988
[E3IST-CSV] 3,245,14587350,4403470,0,0,323620,0,10091440,101493484798
[E3IST-CSV] 3,246,14621220,4442960,0,0,308020,0,10083170,101893567508
[E3IST-CSV] 3,247,14668490,4434980,0,0,319560,0,10137190,102293602338
[E3IST-CSV] 3,248,14680270,4464830,0,0,339860,0,10119840,102693607778
[E3IST-CSV] 3,249,14587750,4460010,0,0,319490,0,10032100,103093465848
[E3IST-CSV] 3,250,14529380,4356600,0,0,326470,0,10083540,103493335388
[E3IST-CSV] 3,251,14656350,4470590,0,0,327560,0,10093300,103893501798
[E3IST-CSV] 3,252,14581010,4359510,0,0,324680,0,10126900,104293444988
[E3IST-CSV] 3,253,14593180,4405340,0,0,324740,0,10094290,104693358688
[E3IST-CSV] 3,254,14910180,4431680,0,0,309950,0,10382400,105093878148
[E3IST-CSV] 3,255,14588100,4399210,0,0,326430,0,10098730,105493356508
[E3IST-CSV] 3,256,14555740,4388980,0,0,329710,0,10070940,105893329408
[E3IST-CSV] 3,257,14870760,4381720,0,0,329860,0,10394210,106293766428
[E3IST-CSV] 3,258,14536380,4402200,0,0,331040,0,10039340,106693322718
[E3IST-CSV] 3,259,14443290,4366020,0,0,442090,0,9981750,107093520068
[E3IST-CSV] 3,260,14632020,4420630,0,0,320860,0,10116300,107493311928
[E3IST-CSV] 3,261,14669480,4400820,0,0,314180,0,10177900,107893193128
[E3IST-CSV] 3,262,14136590,4247820,0,0,319910,0,9789360,108292951618
[E3IST-CSV] 3,263,14583330,4416180,0,0,311290,0,10073730,108693470258
[E3IST-CSV] 3,264,14602070,4411340,0,0,460700,0,10094040,109093587398
[E3IST-CSV] 3,265,14487780,4335830,0,0,323500,0,10056340,109493292708
[E3IST-CSV] 3,266,14535870,4345210,0,0,315460,0,10096890,109893335998
[E3IST-CSV] 3,267,15312100,4013800,0,0,641600,0,11044160,110295300708
[E3IST-CSV] 3,268,14608240,4374780,0,0,315310,0,10139370,110693455408
[E3IST-CSV] 3,269,14311880,4298190,0,0,440910,0,9921280,111093004478
[E3IST-CSV] 3,270,14563540,4395350,0,0,315400,0,10071510,111493192318
[E3IST-CSV] 3,271,6679630,2730940,0,0,68750,0,3869580,111881592148
[E3IST-CSV] 3,272,14596450,4412480,0,0,318380,0,10092350,112293368008
[E3IST-CSV] 3,273,14543480,4371690,0,0,311600,0,10082290,112693313668
[E3IST-CSV] 3,274,14518140,4315740,0,0,450980,0,10113880,113093765608
[E3IST-CSV] 3,275,14566730,4341570,0,0,307850,0,10129990,113493445688
[E3IST-CSV] 3,276,14608310,4384740,0,0,331010,0,10132410,113893326178
[E3IST-CSV] 3,277,14596150,4480540,0,0,330880,0,10025690,114293166048
[E3IST-CSV] 3,278,14964660,4463390,0,0,321940,0,10407240,114693592438
[E3IST-CSV] 3,279,14847720,4534780,0,0,456880,0,10218710,115093848558
[E3IST-CSV] 3,280,14587260,4370660,0,0,332040,0,10121890,115493274988
[E3IST-CSV] 3,281,14954580,4466730,0,0,323080,0,10398450,115893474318
[E3IST-CSV] 3,282,14594560,4394060,0,0,308390,0,10109660,116293118408
[E3IST-CSV] 3,283,14901520,4472480,0,0,324400,0,10340560,116693441398
[E3IST-CSV] 3,284,14680820,4412110,0,0,306260,0,10174840,117093673848
[E3IST-CSV] 3,285,14937620,4431390,0,0,340310,0,10409300,117493645518
[E3IST-CSV] 3,286,6771620,2680080,0,0,71810,0,4009170,117881673878
[E3IST-CSV] 3,287,14949490,4493650,0,0,330340,0,10365430,118293528268
[E3IST-CSV] 3,288,14626770,4398570,0,0,332250,0,10134380,118693210398
[E3IST-CSV] 3,289,6557290,2714660,0,0,74580,0,3768390,119081359758
[E3IST-CSV] 3,290,14470100,4324090,0,0,318350,0,10049640,119493186688
[E3IST-CSV] 3,291,14600970,4416110,0,0,326100,0,10093880,119893228448
[E3IST-CSV] 3,292,14802010,4559810,0,0,316050,0,10148590,120293686048
[E3IST-CSV] 3,293,14563880,4419600,0,0,334840,0,10052310,120693225038
[E3IST-CSV] 3,294,14539980,4378910,0,0,330640,0,10068090,121093154598
[E3IST-CSV] 3,295,15427900,4198420,0,0,295990,0,11137340,121495218768
[E3IST-CSV] 3,296,14837250,4373860,0,0,306650,0,10367250,121893630998
[E3IST-CSV] 3,297,14587450,4302090,0,0,453180,0,10016770,122293493768
[E3IST-CSV] 3,298,14532500,4411370,0,0,306820,0,10016170,122693322208
[E3IST-CSV] 3,299,14615370,4397840,0,0,313370,0,10126050,123092927708
[E3IST-CSV] 3,300,14852170,4432530,0,0,329240,0,10321980,123493530368
[E3IST-CSV] 3,301,14884140,4425030,0,0,320240,0,10366810,123893355728
[E3IST-CSV] 3,302,14305040,4364480,0,0,303370,0,9847970,124293248388
[E3IST-CSV] 3,303,14735890,4325510,0,0,456360,0,10313940,124694022638
[E3IST-CSV] 3,304,14484520,4360570,0,0,464480,0,10033060,125093391948
[E3IST-CSV] 3,305,14575060,4391610,0,0,342770,0,10089630,125493182128
[E3IST-CSV] 3,306,14521440,4342900,0,0,322570,0,10081520,125893170528
[E3IST-CSV] 3,307,14340610,4249190,0,0,434720,0,10000230,126292890838
[E3IST-CSV] 3,308,14528180,4362300,0,0,308720,0,10069410,126693288268
[E3IST-CSV] 3,309,14877020,4427490,0,0,320900,0,10357360,127093444488
[E3IST-CSV] 3,310,14885810,4519360,0,0,450110,0,10095110,127493748698
[E3IST-CSV] 3,311,14572560,4375720,0,0,318100,0,10101750,127893089168
[E3IST-CSV] 3,312,14893670,4399090,0,0,314570,0,10399980,128293384278
[E3IST-CSV] 3,313,14643780,4391000,0,0,315360,0,10160350,128693169008
[E3IST-CSV] 3,314,14682190,4426930,0,0,317480,0,10164530,129093356398
[E3IST-CSV] 3,315,14893630,4625010,0,0,317540,0,10159520,129493528998
[E3IST-CSV] 3,316,14587780,4376360,0,0,315330,0,10115470,129893049668
[E3IST-CSV] 3,317,13366240,4018390,0,0,281860,0,9256630,130291716708
[E3IST-CSV] 3,318,14358940,4298060,0,0,442510,0,9965340,130693185538
[E3IST-CSV] 3,319,14477690,4337580,0,0,316880,0,10052780,131093109738
[E3IST-CSV] 3,320,14953260,4451890,0,0,328770,0,10409500,131493464148
[E3IST-CSV] 3,321,14402970,4322870,0,0,320450,0,9986430,131893054738
[E3IST-CSV] 3,322,12131600,3642750,0,0,225930,0,8398410,132290116358
[E3IST-CSV] 3,323,15608550,4254540,0,0,311090,0,11263360,132695762878
[E3IST-CSV] 3,324,14684270,4391420,0,0,311620,0,10201660,133093169548
[E3IST-CSV] 3,325,14964760,4573490,0,0,498810,0,10294530,133493754108
[E3IST-CSV] 3,326,14849090,4506090,0,0,489090,0,10248910,133893609508
[E3IST-CSV] 3,327,15309750,4272770,0,0,332870,0,10946080,134294601938
[E3IST-CSV] 3,328,14993370,4585690,0,0,461010,0,10312290,134693748278
[E3IST-CSV] 3,329,15002710,4450920,0,0,309010,0,10464030,135093341088
[E3IST-CSV] 3,330,14592750,4424220,0,0,327770,0,10072950,135493127608
[E3IST-CSV] 3,331,14986140,4454510,0,0,303240,0,10433270,135894165248
[E3IST-CSV] 3,332,14912730,4438970,0,0,318280,0,10371220,136293364678
[E3IST-CSV] 3,333,14840760,4404000,0,0,479870,0,10163170,136693605628
[E3IST-CSV] 3,334,14790100,4385360,0,0,483960,0,10136330,137093653588
[E3IST-CSV] 3,335,14400210,4315900,0,0,460100,0,9991970,137493279768
[E3IST-CSV] 3,336,14353340,4346040,0,0,312720,0,9909290,137893201298
[E3IST-CSV] 3,337,14461940,4427870,0,0,304430,0,9941890,138293206298
[E3IST-CSV] 3,338,14671560,4382990,0,0,317960,0,10197790,138693107118
[E3IST-CSV] 3,339,14634340,4397100,0,0,323140,0,10146690,139093166308
[E3IST-CSV] 3,340,14886300,4411040,0,0,311550,0,10380410,139493284948
[E3IST-CSV] 3,341,14535130,4384960,0,0,314230,0,10059930,139893000588
[E3IST-CSV] 3,342,14895950,4417470,0,0,323870,0,10384170,140293373838
[E3IST-CSV] 3,343,14588020,4424000,0,0,309140,0,10069940,140693036618
[E3IST-CSV] 3,344,14621160,4372190,0,0,321280,0,10158010,141093055358
[E3IST-CSV] 3,345,14943260,4641930,0,0,317470,0,10207450,141493495508
[E3IST-CSV] 3,346,14267480,4233500,0,0,401140,0,9940960,141892774388
[E3IST-CSV] 3,347,14672320,4464770,0,0,304950,0,10111490,142293113008
[E3IST-CSV] 3,348,14625100,4434260,0,0,314570,0,10095960,142693066418
[E3IST-CSV] 3,349,14883600,4486530,0,0,475160,0,10292360,143093557248
[E3IST-CSV] 3,350,15048640,4503010,0,0,311780,0,10448750,143493463428
[E3IST-CSV] 3,351,15437160,4224270,0,0,475000,0,11119460,143895076468
[E3IST-CSV] 3,352,6787630,2687770,0,0,72100,0,4023130,144281291408
[E3IST-CSV] 3,353,14916840,4453380,0,0,322780,0,10352880,144693347958
[E3IST-CSV] 3,354,14932450,4471020,0,0,466060,0,10361530,145093944008
[E3IST-CSV] 3,355,14586510,4464780,0,0,313090,0,10027940,145494821788
[E3IST-CSV] 3,356,6757620,2685260,0,0,67400,0,3994850,145881239798
[E3IST-CSV] 3,357,16366780,5065960,0,0,340540,0,11198620,146295475718
[E3IST-CSV] 3,358,14595990,4433580,0,0,310720,0,10066410,146692896558
[E3IST-CSV] 3,359,14890650,4474930,0,0,318130,0,10321390,147093393498
[E3IST-CSV] 3,360,15982880,4471620,0,0,380010,0,11418930,147494331498
[E3IST-CSV] 3,361,16132100,4702780,0,0,336640,0,11335800,147897046938
[E3IST-CSV] 3,362,14627990,4417870,0,0,307390,0,10113540,148293068188
[E3IST-CSV] 3,363,14625660,4390020,0,0,320740,0,10140790,148692771918
[E3IST-CSV] 3,364,8001930,2801680,0,0,68740,0,5121430,149084580668
[E3IST-CSV] 3,365,6838050,2679700,0,0,69770,0,4080910,149481354438
[E3IST-CSV] 3,366,14589400,4376460,0,0,305470,0,10120070,149892879858
[E3IST-CSV] 3,367,14688390,4585190,0,0,459460,0,10006050,150293393828
[E3IST-CSV] 3,368,14640200,4431230,0,0,318380,0,10115610,150692835168
[E3IST-CSV] 3,369,16527810,4721920,0,0,364770,0,11712080,151094970808
[E3IST-CSV] 3,370,14606590,4435960,0,0,318790,0,10073180,151494734068
[E3IST-CSV] 3,371,14505910,4374850,0,0,301700,0,10037010,151892885858
[E3IST-CSV] 3,372,6517320,2718770,0,0,68310,0,3715280,152280910678
[E3IST-CSV] 3,373,14618230,4492060,0,0,304410,0,10034740,152692892908
[E3IST-CSV] 3,374,14234770,4228050,0,0,303470,0,9911480,153092353978
[E3IST-CSV] 3,375,14836520,4396580,0,0,318760,0,10346080,153493040938
[E3IST-CSV] 3,376,14838240,4393230,0,0,322690,0,10353860,153893131738
[E3IST-CSV] 3,377,14831640,4504830,0,0,308830,0,10228310,154293120518
[E3IST-CSV] 3,378,14686060,4397340,0,0,310220,0,10194820,154692828258
[E3IST-CSV] 3,379,14813410,4401320,0,0,308180,0,10309940,155093265418
[E3IST-CSV] 3,380,6667440,2676250,0,0,69550,0,3913550,155481014528
[E3IST-CSV] 3,381,14614350,4367140,0,0,326010,0,10157150,155892690398
[E3IST-CSV] 3,382,13329780,3993280,0,0,278680,0,9247530,156291305288
[E3IST-CSV] 3,383,13227900,3962370,0,0,384590,0,9176660,156691231988
[E3IST-CSV] 3,384,14690980,4432780,0,0,313240,0,10166250,157092896568
[E3IST-CSV] 3,385,14960680,4419180,0,0,306560,0,10449220,157493280158
[E3IST-CSV] 3,386,6676410,2704470,0,0,69980,0,3893950,157881021588
[E3IST-CSV] 3,387,14702550,4429850,0,0,314970,0,10183180,158292844468
[E3IST-CSV] 3,388,14659550,4386530,0,0,317820,0,10181730,158692810158
[E3IST-CSV] 3,389,14384580,4470550,0,0,470480,0,9819400,159093081308
[E3IST-CSV] 3,390,14890420,4441670,0,0,310510,0,10357640,159493050188
[E3IST-CSV] 3,391,6677410,2743420,0,0,68710,0,3855160,159880920318
[E3IST-CSV] 3,392,7549530,2859900,0,0,73700,0,4607820,160283687838
[E3IST-CSV] 3,393,14219080,4281890,0,0,302350,0,9842330,160692380398
[E3IST-CSV] 3,394,14728850,4430320,0,0,306770,0,10202250,161093125338
[E3IST-CSV] 3,395,14639350,4409370,0,0,318880,0,10140280,161492603538
[E3IST-CSV] 3,396,14239610,4269660,0,0,304190,0,9877810,161892349158
[E3IST-CSV] 3,397,14545680,4384510,0,0,310450,0,10067380,162292807848
[E3IST-CSV] 3,398,6466520,2723470,0,0,69720,0,3660700,162680610468
[E3IST-CSV] 3,399,14656650,4405570,0,0,318020,0,10158210,163092781318
[E3IST-CSV] 3,400,8173720,2648780,0,0,68220,0,5443910,163486519978
[E3IST-CSV] 3,401,19535900,4460020,0,0,747220,0,14983390,163897709638
[E3IST-CSV] 3,402,13609680,4674420,0,0,222880,0,8844330,164291924008
[E3IST-CSV] 3,403,7140160,2668390,0,0,159210,0,4391540,164681867428
[E3IST-CSV] 3,404,14579560,4371850,0,0,322050,0,10113250,165092919998
[E3IST-CSV] 3,405,14384660,4324930,0,0,302700,0,9966730,165492481208
[E3IST-CSV] 3,406,14590160,4400600,0,0,313110,0,10099630,165892541428
[E3IST-CSV] 3,407,15382750,4212960,0,0,430200,0,11079140,166294489378
[E3IST-CSV] 3,408,14643790,4400370,0,0,315830,0,10150490,166692830248
[E3IST-CSV] 3,409,13993080,4199990,0,0,284660,0,9699140,167092339418
[E3IST-CSV] 3,410,14923100,4663470,0,0,451110,0,10164690,167493534708
[E3IST-CSV] 3,411,14715140,4436390,0,0,354340,0,10188320,167892672208
[E3IST-CSV] 3,412,14646500,4411870,0,0,313350,0,10143950,168292605918
[E3IST-CSV] 3,413,14566690,4458870,0,0,307960,0,10010430,168692702138
[E3IST-CSV] 3,414,14507150,4382920,0,0,309350,0,10028810,169092472028
[E3IST-CSV] 3,415,14519590,4382790,0,0,310300,0,10045530,169492460918
[E3IST-CSV] 3,416,14854970,4410410,0,0,325490,0,10353640,169892866888
[E3IST-CSV] 3,417,14574850,4399460,0,0,305450,0,10085130,170292444748
[E3IST-CSV] 3,418,14572520,4367810,0,0,309920,0,10107820,170692714738
[E3IST-CSV] 3,419,14540400,4393560,0,0,313300,0,10049980,171092506128
[E3IST-CSV] 3,420,14584580,4341560,0,0,315600,0,10145490,171492739498
[E3IST-CSV] 3,421,14621840,4432150,0,0,311590,0,10096070,171892651788
[E3IST-CSV] 3,422,14510840,4359370,0,0,314010,0,10054790,172292505758
[E3IST-CSV] 3,423,14854790,4474800,0,0,309660,0,10283460,172693027558
[E3IST-CSV] 3,424,15012810,4425080,0,0,318580,0,10493860,173093876608
[E3IST-CSV] 3,425,16169370,4454130,0,0,338330,0,11622260,173494943868
[E3IST-CSV] 3,426,14865570,4606370,0,0,301390,0,10164060,173893134008
[E3IST-CSV] 3,427,11213300,2853550,0,0,488270,0,8266970,174289924528
[E3IST-CSV] 3,428,14541750,4463360,0,0,300760,0,9983570,174692686498
[E3IST-CSV] 3,429,14903080,4422080,0,0,311660,0,10389070,175092777158
[E3IST-CSV] 3,430,14314130,4308040,0,0,437770,0,9914060,175492246948
[E3IST-CSV] 3,431,13453770,4040630,0,0,272480,0,9320460,175891287138
[E3IST-CSV] 3,432,15032240,4475710,0,0,329300,0,10460830,176293138048
[E3IST-CSV] 3,433,6340320,2723620,0,0,67980,0,3528940,176680745768
[E3IST-CSV] 3,434,14673750,4420360,0,0,322940,0,10159010,177092613018
[E3IST-CSV] 3,435,15365560,4213440,0,0,437490,0,11060180,177494435368
[E3IST-CSV] 3,436,14648880,4384960,0,0,310040,0,10170410,177892589148
[E3IST-CSV] 3,437,14886210,4402390,0,0,329310,0,10386380,178293021138
[E3IST-CSV] 3,438,14523950,4362020,0,0,318010,0,10066340,178692495448
[E3IST-CSV] 3,439,14495390,4290000,0,0,314150,0,10114740,179092701338
[E3IST-CSV] 3,440,15053460,4377540,0,0,328170,0,10588140,179492813238
[E3IST-CSV] 3,441,14636850,4398380,0,0,324370,0,10146350,179892648098
[E3IST-CSV] 3,442,6778320,2683860,0,0,110870,0,4012060,180283501238
[E3IST-CSV] 3,443,14946310,4407620,0,0,314910,0,10448430,180693067998
[E3IST-CSV] 3,444,14622870,4424490,0,0,314850,0,10103130,181094647488
[E3IST-CSV] 3,445,14294760,4320630,0,0,305170,0,9883830,181492065908
[E3IST-CSV] 3,446,14512600,4387380,0,0,296830,0,10030790,181894601638
[E3IST-CSV] 3,447,13651660,5570630,0,0,211070,0,7946450,182297977058
[E3IST-CSV] 3,448,14563590,4374190,0,0,308620,0,10092860,182692551578
[E3IST-CSV] 3,449,14628630,4428730,0,0,318790,0,10112010,183092444568
[E3IST-CSV] 3,450,6914780,2659210,0,0,70350,0,4177710,183483216638
[E3IST-CSV] 3,451,14816440,4423520,0,0,347500,0,10297590,183892858998
[E3IST-CSV] 3,452,14604110,4394030,0,0,311860,0,10117940,184294380068
[E3IST-CSV] 3,453,14464890,4289570,0,0,311390,0,10077500,184692421658
[E3IST-CSV] 3,454,14166220,4386630,0,0,448750,0,9686940,185092997198
[E3IST-CSV] 3,455,14867030,4414950,0,0,320210,0,10357790,185492698328
[E3IST-CSV] 3,456,14306480,4303100,0,0,305920,0,9912900,185894065398
[E3IST-CSV] 3,457,14624300,4405220,0,0,314750,0,10125790,186294416088
[E3IST-CSV] 3,458,13939180,4171900,0,0,296280,0,9674550,186691746868
[E3IST-CSV] 3,459,14626590,4441960,0,0,311780,0,10090170,187092536738
[E3IST-CSV] 3,460,14593100,4410640,0,0,313360,0,10091570,187494315158
[E3IST-CSV] 3,461,13961210,4175820,0,0,293170,0,9692590,187891993968
[E3IST-CSV] 3,462,6682780,2619980,0,0,115690,0,3984290,188281204038
[E3IST-CSV] 3,463,14404300,4336020,0,0,306110,0,9972880,188692215558
[E3IST-CSV] 3,464,14277190,4336440,0,0,416510,0,9847080,189094107148
[E3IST-CSV] 3,465,16740480,4694670,0,0,707530,0,11959020,189496861248
[E3IST-CSV] 3,466,14569620,4433440,0,0,310790,0,10043360,189894347848
[E3IST-CSV] 3,467,14654390,4385180,0,0,319140,0,10173720,190292354318
[E3IST-CSV] 3,468,14526090,4386040,0,0,310440,0,10046090,190694226138
[E3IST-CSV] 3,469,14512600,4367690,0,0,311290,0,10046830,191092448778
[E3IST-CSV] 3,470,14657750,4414090,0,0,320070,0,10153850,191492418618
[E3IST-CSV] 3,471,14145090,4238870,0,0,306000,0,9811400,191891944488
[E3IST-CSV] 3,472,14583210,4392170,0,0,320320,0,10097610,192294196758
[E3IST-CSV] 3,473,14592620,4404000,0,0,312690,0,10093770,192694373968
[E3IST-CSV] 3,474,14791010,4643320,0,0,464160,0,10052560,193095429268
[E3IST-CSV] 3,475,14694830,4379150,0,0,308770,0,10221980,193492602398
[E3IST-CSV] 3,476,13832270,3944440,0,0,276300,0,9795520,193892388508
[E3IST-CSV] 3,477,14849040,4523190,0,0,308590,0,10233790,194293107308
[E3IST-CSV] 3,478,14680850,4448120,0,0,311420,0,10138960,194694508008
[E3IST-CSV] 3,479,14435580,4446680,0,0,319100,0,9896220,195094192828
[E3IST-CSV] 3,480,10516980,2814090,0,0,219590,0,7624270,195490333368
[E3IST-CSV] 3,481,14508760,4378430,0,0,308210,0,10038530,195892225248
[E3IST-CSV] 3,482,14614830,4397850,0,0,312250,0,10122200,196292231678
[E3IST-CSV] 3,483,14640070,4440260,0,0,314090,0,10106690,196694382838
[E3IST-CSV] 3,484,14485820,4410510,0,0,301220,0,9978620,197094639588
[E3IST-CSV] 3,485,15102440,4419460,0,0,337860,0,10588630,197494960698
[E3IST-CSV] 3,486,14412330,4343050,0,0,452310,0,9979210,197892061888
[E3IST-CSV] 3,487,14432030,4366060,0,0,297770,0,9973370,198292524018
[E3IST-CSV] 3,488,15614430,4418700,0,0,351570,0,11101650,198695211938
[E3IST-CSV] 3,489,13444160,4068920,0,0,285750,0,9282430,199092969248
[E3IST-CSV] 3,490,14579870,4419880,0,0,320540,0,10068440,199494268858
[E3IST-CSV] 3,491,15554210,4279310,0,0,309370,0,11183780,199896444748
[E3IST-CSV] 3,492,14278710,4324500,0,0,412860,0,9860540,200293945478
[E3IST-CSV] 3,493,14673260,4401540,0,0,324570,0,10179190,200694254038
[E3IST-CSV] 3,494,6627470,2890680,0,0,115530,0,3653570,201083055088
[E3IST-CSV] 3,495,6616420,2754120,0,0,69560,0,3780020,201480467268
[E3IST-CSV] 3,496,14878380,4394260,0,0,320860,0,10390970,201892506858
[E3IST-CSV] 3,497,14651950,4382390,0,0,324380,0,10172750,202294356138
[E3IST-CSV] 3,498,14599320,4423510,0,0,313380,0,10081170,202694300858
[E3IST-CSV] 3,499,14543190,4344890,0,0,322350,0,10112920,203094460088
[E3IST-SUMMARY] chain_len=3 e2e_avg=14005013 publish_avg=4238535 gc_trigger_avg=0 invoke_cb_avg=0 getnext_avg=321592 take_data_avg=0 sched_avg=9670042 dispatch_avg=103293244437

*** FATAL ***
fatal source: 9 (RTEMS_FATAL_SOURCE_EXCEPTION)

R0   = 0x01596a10 R8  = 0x00000000
R1   = 0x00000000 R9  = 0x00000000
R2   = 0x00000010 R10 = 0x00000000
R3   = 0x01596b10 R11 = 0x00000000
R4   = 0x00c00c88 R12 = 0x01596b10
R5   = 0x0030cbd1 SP  = 0x01596a00
R6   = 0x00000000 LR  = 0x00000000
R7   = 0x01596a00 PC  = 0x0030cc58
CPSR = 0x600d0173 VEC = 0x00000001
FPEXC = 0x40000000
FPSCR = 0x20000010
D00 = 0x0000000000000000
D01 = 0x0000000000000001
D02 = 0x0000000000000000
D03 = 0x0000000000000000
D04 = 0x0000000000000000
D05 = 0x0000000000000000
D06 = 0x00abc85400abc854
D07 = 0x000186a00061a800
D08 = 0x0000000000000000
D09 = 0x0000000000000000
D10 = 0x0000000000000000
D11 = 0x0000000000000000
D12 = 0x0000000000000000
D13 = 0x0000000000000000
D14 = 0x0000000000000000
D15 = 0x0000000000000000
D16 = 0x0000000000000000
D17 = 0x0000000000000000
D18 = 0x0000000000000000
D19 = 0x0000000000000000
D20 = 0x00abcaac00abca98
D21 = 0x00abcadc00abcac0
D22 = 0x00abc9f400abc9e4
D23 = 0x00abca1400abca04
D24 = 0x00abc9b400abc9a4
D25 = 0x00abc9d400abc9c4
D26 = 0x00abc94000abc918
D27 = 0x00abc98000abc964
D28 = 0x00abc8c000abc890
D29 = 0x00abc8f800abc8dc
D30 = 0x00abcd7800abcd78
D31 = 0x00abc88400abc878
RTEMS version: 6.1.0.not-released
RTEMS tools: 13.3.0 20240521 (RTEMS 6, RSB no-repo, Newlib 1b3dcfd)
executing thread ID: 0x0a010001
executing thread name: UI1 
