
RTEMS Shell on /dev/console. Use 'help' to list commands.
SHLL [/] # nexus0: <RTEMS Nexus device>
info: lo0: link state changed to UP
=== Exp3inter-MT: Task Chain (n=5) MultiThreadedExecutor ===
Period: 200ms, Rounds: 500
[E3IMT-CSV] chain_len,round,e2e_ns,publish_ns,gc_trigger_ns,invoke_cb_ns,getnext_ns,take_data_ns,sched_ns,dispatch_ns
666666
CPP Msg not nullptr
CPP Msg not nullptr
CPP Msg not nullptr
CPP Msg not nullptr
C Msg not NULL
C Msg not NULL
CPP Srv not nullptr
CPP Srv not nullptr
CPP Srv not nullptr
CPP Srv not nullptr
CPP Srv not nullptr
CPP Srv not nullptr
CPP Msg not nullptr
CPP Msg not nullptr
CPP Msg not nullptr
CPP Msg not nullptr
CPP Msg not nullptr
CPP Msg not nullptr
C Msg not NULL
C Msg not NULL
CPP Srv not nullptr
CPP Srv not nullptr
CPP Srv not nullptr
CPP Srv not nullptr
CPP Srv not nullptr
CPP Srv not nullptr
CPP Msg not nullptr
CPP Msg not nullptr
CPP Msg not nullptr
CPP Msg not nullptr
CPP Msg not nullptr
CPP Msg not nullptr
CPP Msg not nullptr
CPP Msg not nullptr
C Msg not NULL
C Msg not NULL
CPP Srv not nullptr
CPP Srv not nullptr
CPP Srv not nullptr
CPP Srv not nullptr
CPP Srv not nullptr
CPP Srv not nullptr
CPP Msg not nullptr
CPP Msg not nullptr
CPP Msg not nullptr
CPP Msg not nullptr
CPP Msg not nullptr
CPP Msg not nullptr
CPP Msg not nullptr
CPP Msg not nullptr
C Msg not NULL
C Msg not NULL
CPP Srv not nullptr
CPP Srv not nullptr
CPP Srv not nullptr
CPP Srv not nullptr
CPP Srv not nullptr
CPP Srv not nullptr
CPP Msg not nullptr
CPP Msg not nullptr
CPP Msg not nullptr
CPP Msg not nullptr
CPP Msg not nullptr
CPP Msg not nullptr
CPP Msg not nullptr
CPP Msg not nullptr
C Msg not NULL
C Msg not NULL
CPP Srv not nullptr
CPP Srv not nullptr
CPP Srv not nullptr
CPP Srv not nullptr
CPP Srv not nullptr
CPP Srv not nullptr
CPP Msg not nullptr
CPP Msg not nullptr
CPP Msg not nullptr
CPP Msg not nullptr
CPP Msg not nullptr
CPP Msg not nullptr
[E3IMT-CSV] 5,0,18465540,1966460,0,0,266580,0,16182030,8278482746
[E3IMT-CSV] 5,1,5462590,1451050,0,0,217390,0,3988230,8568666056
[E3IMT-CSV] 5,2,18470550,5248900,0,0,392960,0,13121980,9418896506
[E3IMT-CSV] 5,3,18306200,5362750,0,0,377980,0,12842340,10218560556
[E3IMT-CSV] 5,4,19612300,5781440,0,0,503400,0,13730630,11022446266
[E3IMT-CSV] 5,5,19971390,5703670,0,0,505970,0,14165860,11822631566
[E3IMT-CSV] 5,6,19868000,5632350,0,0,436300,0,14128960,12622299576
[E3IMT-CSV] 5,7,19863800,5704750,0,0,450340,0,14058730,13422006076
[E3IMT-CSV] 5,8,19978980,5805230,0,0,442930,0,14065490,14223174436
[E3IMT-CSV] 5,9,18824520,5198410,0,0,467190,0,13526820,15019514076
[E3IMT-CSV] 5,10,19894550,5609950,0,0,447950,0,14183130,15822236216
[E3IMT-CSV] 5,11,8686810,3749660,0,0,176910,0,4847500,16585949866
[E3IMT-CSV] 5,12,19707290,5878840,0,0,491600,0,13721150,17422208556
[E3IMT-CSV] 5,13,20045260,5825240,0,0,448570,0,14114230,18222877206
[E3IMT-CSV] 5,14,8813220,3640240,0,0,177330,0,5087170,18985931146
[E3IMT-CSV] 5,15,20063910,5664840,0,0,448760,0,14298840,19822621636
[E3IMT-CSV] 5,16,8465940,3670270,0,0,271520,0,4709680,20584686866
[E3IMT-CSV] 5,17,20522470,6540500,0,0,841780,0,13871430,21413154596
[E3IMT-CSV] 5,18,19928480,5769300,0,0,513770,0,14047870,22222813766
[E3IMT-CSV] 5,19,26261760,7752110,0,0,651740,0,18393360,23035635946
[E3IMT-CSV] 5,20,8846790,3700500,0,0,175100,0,5055500,23786039916
[E3IMT-CSV] 5,21,20051110,5828410,0,0,436860,0,14113310,24623096096
[E3IMT-CSV] 5,22,8530900,3638090,0,0,236440,0,4808420,25384897566
[E3IMT-CSV] 5,23,19334010,5806490,0,0,540990,0,13423110,26221477516
[E3IMT-CSV] 5,24,10815300,3888790,0,0,170620,0,6834560,26995004946
[E3IMT-CSV] 5,25,19980190,5917810,0,0,449550,0,13954480,27823085716
[E3IMT-CSV] 5,26,19532820,5855530,0,0,410100,0,13571020,28621781206
[E3IMT-CSV] 5,27,19911670,5695640,0,0,528860,0,14112720,29422745906
[E3IMT-CSV] 5,28,19818850,5856150,0,0,439400,0,13860680,30222195246
[E3IMT-CSV] 5,29,20006250,5765910,0,0,443400,0,14135900,31023008996
[E3IMT-CSV] 5,30,19983650,5796620,0,0,449730,0,14079360,31823064596
[E3IMT-CSV] 5,31,20033160,5806300,0,0,443760,0,14125620,32622895616
[E3IMT-CSV] 5,32,23680110,6659720,0,0,669640,0,16793200,33433991476
[E3IMT-CSV] 5,33,19643860,5673780,0,0,658570,0,13864710,34222753536
[E3IMT-CSV] 5,34,19444530,5714660,0,0,573240,0,13621560,35021936296
[E3IMT-CSV] 5,35,19673370,5796920,0,0,643790,0,13773800,35822456516
[E3IMT-CSV] 5,36,19542970,5798220,0,0,410580,0,13638450,36621841516
[E3IMT-CSV] 5,37,18961930,5262760,0,0,420980,0,13597130,37419734846
[E3IMT-CSV] 5,38,8635690,3634900,0,0,181190,0,4913270,38184985856
[E3IMT-CSV] 5,39,19310700,5521530,0,0,391130,0,13689040,39022162446
[E3IMT-CSV] 5,40,19624600,5786780,0,0,415090,0,13736320,39821676916
[E3IMT-CSV] 5,41,19727960,5592990,0,0,415980,0,14032100,40622046696
[E3IMT-CSV] 5,42,19895790,6435210,0,0,413890,0,13358300,41422680186
[E3IMT-CSV] 5,43,19997540,5749490,0,0,449330,0,14145150,42222760876
[E3IMT-CSV] 5,44,19928430,5811180,0,0,514650,0,14015620,43022451246
[E3IMT-CSV] 5,45,19761900,5894370,0,0,513090,0,13766490,43822080576
[E3IMT-CSV] 5,46,19626370,5744600,0,0,411940,0,13780240,44622123376
[E3IMT-CSV] 5,47,19785570,5759980,0,0,422580,0,13924020,45422571056
[E3IMT-CSV] 5,48,19506980,5826630,0,0,421210,0,13569200,46221468096
[E3IMT-CSV] 5,49,19628290,5518830,0,0,582260,0,14008690,47022888076
[E3IMT-CSV] 5,50,8756240,3707420,0,0,177510,0,4952480,47785779306
[E3IMT-CSV] 5,51,8900600,3724780,0,0,173870,0,5087000,48585957426
[E3IMT-CSV] 5,52,22401900,6802090,0,0,645790,0,15310660,49429344106
[E3IMT-CSV] 5,53,19980050,5890950,0,0,449440,0,13980550,50222684246
[E3IMT-CSV] 5,54,16348600,5925450,0,0,520980,0,10320760,51013993326
[E3IMT-CSV] 5,55,19274130,5757900,0,0,421370,0,13414780,51820480366
[E3IMT-CSV] 5,56,17885680,5679990,0,0,544120,0,12097970,52618801776
[E3IMT-CSV] 5,57,19746450,5795360,0,0,506290,0,13851060,53421602246
[E3IMT-CSV] 5,58,19647050,5856750,0,0,436740,0,13689970,54221267476
[E3IMT-CSV] 5,59,19732600,5776330,0,0,498840,0,13853070,55021851446
[E3IMT-CSV] 5,60,19573260,5793380,0,0,445240,0,13679140,55821209226
[E3IMT-CSV] 5,61,19483830,5754510,0,0,421110,0,13622150,56621068466
[E3IMT-CSV] 5,62,19588820,5860910,0,0,432820,0,13626380,57421322536
[E3IMT-CSV] 5,63,19743220,5842510,0,0,509650,0,13796960,58221823066
[E3IMT-CSV] 5,64,19608560,5772400,0,0,493520,0,13735920,59021974576
[E3IMT-CSV] 5,65,19306080,5721010,0,0,414240,0,13479740,59820721036
[E3IMT-CSV] 5,66,19617710,5828470,0,0,437020,0,13684110,60621353836
[E3IMT-CSV] 5,67,19563080,5758790,0,0,429110,0,13700530,61421525916
[E3IMT-CSV] 5,68,19650970,5726810,0,0,503690,0,13811860,62221762416
[E3IMT-CSV] 5,69,19279940,5799550,0,0,424180,0,13376280,63020914776
[E3IMT-CSV] 5,70,18966480,5659770,0,0,490200,0,13201730,63820068216
[E3IMT-CSV] 5,71,17757300,5239720,0,0,359800,0,12408330,64616828896
[E3IMT-CSV] 5,72,19596170,5835420,0,0,439110,0,13651630,65421250036
[E3IMT-CSV] 5,73,19643120,5811040,0,0,413770,0,13729010,66221639056
[E3IMT-CSV] 5,74,19598920,5743720,0,0,437800,0,13753160,67021625176
[E3IMT-CSV] 5,75,12974180,5243980,0,0,167340,0,7642260,67802301626
[E3IMT-CSV] 5,76,19701150,5845740,0,0,435840,0,13754730,68621528976
[E3IMT-CSV] 5,77,19360200,5766740,0,0,414690,0,13492240,69420835166
[E3IMT-CSV] 5,78,19503480,5828760,0,0,415240,0,13564990,70221321286
[E3IMT-CSV] 5,79,19461530,5754860,0,0,557170,0,13606100,71021677036
[E3IMT-CSV] 5,80,19567240,5792880,0,0,430840,0,13672230,71821251326
[E3IMT-CSV] 5,81,19648500,5797610,0,0,424130,0,13746040,72621478546
[E3IMT-CSV] 5,82,19631630,5847190,0,0,426520,0,13683320,73421043686
[E3IMT-CSV] 5,83,19366150,5753140,0,0,421430,0,13510340,74220774066
[E3IMT-CSV] 5,84,8436000,3621620,0,0,211070,0,4726610,74984893506
[E3IMT-CSV] 5,85,19542680,5782710,0,0,428740,0,13656080,75821251136
[E3IMT-CSV] 5,86,19600710,5791650,0,0,446070,0,13701250,76621128256
[E3IMT-CSV] 5,87,19952600,5930410,0,0,499950,0,13912930,77421984816
[E3IMT-CSV] 5,88,20149340,5748830,0,0,451290,0,14287630,78222673446
[E3IMT-CSV] 5,89,27589230,7526880,0,0,607320,0,19947820,79042355156
[E3IMT-CSV] 5,90,12846590,4077310,0,0,171610,0,8679690,79803009626
[E3IMT-CSV] 5,91,19619330,5748240,0,0,439250,0,13770690,80621446836
[E3IMT-CSV] 5,92,9164480,3724020,0,0,253190,0,5353780,81387984066
[E3IMT-CSV] 5,93,19323980,5861170,0,0,412350,0,13357500,82220927406
[E3IMT-CSV] 5,94,20098240,5853060,0,0,454040,0,14145550,83022153606
[E3IMT-CSV] 5,95,19420400,5747410,0,0,433190,0,13570910,83824663676
[E3IMT-CSV] 5,96,8444230,3619760,0,0,177460,0,4735830,84584478706
[E3IMT-CSV] 5,97,19773360,5777790,0,0,629530,0,13887080,85422496186
[E3IMT-CSV] 5,98,19213030,5780430,0,0,417180,0,13321250,86220251616
[E3IMT-CSV] 5,99,19642320,5649590,0,0,431120,0,13892370,87021017536
[E3IMT-CSV] 5,100,19568530,5795100,0,0,421920,0,13671190,87820902906
[E3IMT-CSV] 5,101,19665750,5727480,0,0,441340,0,13836810,88621379886
[E3IMT-CSV] 5,102,19543420,5818340,0,0,425320,0,13616860,89420920926
[E3IMT-CSV] 5,103,18448060,5313380,0,0,387640,0,13030680,90217994116
[E3IMT-CSV] 5,104,8659960,3548650,0,0,171170,0,5009710,90987657706
[E3IMT-CSV] 5,105,19665000,5796800,0,0,438040,0,13762510,91821317576
[E3IMT-CSV] 5,106,19599790,5901500,0,0,413240,0,13584610,92621173206
[E3IMT-CSV] 5,107,22752950,6397160,0,0,409950,0,16250800,93428675956
[E3IMT-CSV] 5,108,19883960,6281620,0,0,433400,0,13497350,94221671546
[E3IMT-CSV] 5,109,19595830,5729980,0,0,499240,0,13759690,95021429336
[E3IMT-CSV] 5,110,19572690,5840030,0,0,434070,0,13631180,95820763136
[E3IMT-CSV] 5,111,19407960,5771750,0,0,414680,0,13535270,96620486526
[E3IMT-CSV] 5,112,19447910,5778120,0,0,430260,0,13562350,97420463856
[E3IMT-CSV] 5,113,19578820,5811620,0,0,438360,0,13658690,98220973636
[E3IMT-CSV] 5,114,19522200,5410220,0,0,450770,0,14011260,99020272866
[E3IMT-CSV] 5,115,19617640,5743090,0,0,442080,0,13773010,99821258536
[E3IMT-CSV] 5,116,19667570,5802540,0,0,446410,0,13763950,100620893916
[E3IMT-CSV] 5,117,19487550,5844230,0,0,428890,0,13541770,101420499466
[E3IMT-CSV] 5,118,19708190,5574520,0,0,443090,0,14029300,102221114136
[E3IMT-CSV] 5,119,19450630,5827420,0,0,425820,0,13523060,103020556346
[E3IMT-CSV] 5,120,19670400,5783720,0,0,502740,0,13782350,103821278676
[E3IMT-CSV] 5,121,18727760,5548210,0,0,457550,0,13071390,104619039556
[E3IMT-CSV] 5,122,19553880,5841590,0,0,420980,0,13610890,105420945136
[E3IMT-CSV] 5,123,18095990,5794540,0,0,356780,0,12197730,106219186506
[E3IMT-CSV] 5,124,15928710,4971330,0,0,343180,0,10852850,107013546376
[E3IMT-CSV] 5,125,19824460,5864570,0,0,448620,0,13854020,107821755156
[E3IMT-CSV] 5,126,19992350,5828600,0,0,444190,0,14057790,108622390856
[E3IMT-CSV] 5,127,21851810,6515020,0,0,529000,0,15224780,109424648426
[E3IMT-CSV] 5,128,20000510,5570780,0,0,512510,0,14316180,110221918826
[E3IMT-CSV] 5,129,19878270,5628770,0,0,441830,0,14148980,111021359066
[E3IMT-CSV] 5,130,19490290,5785410,0,0,424490,0,13604510,111820369986
[E3IMT-CSV] 5,131,19307370,5707130,0,0,427470,0,13492070,112620281896
[E3IMT-CSV] 5,132,19571430,5713650,0,0,438690,0,13700760,113420959896
[E3IMT-CSV] 5,133,19607810,5760210,0,0,427790,0,13742170,114221061716
[E3IMT-CSV] 5,134,19542030,5787840,0,0,420920,0,13653360,115020981136
[E3IMT-CSV] 5,135,19357930,5757470,0,0,424200,0,13497570,115820403676
[E3IMT-CSV] 5,136,18880610,5210220,0,0,409110,0,13570920,116618776806
[E3IMT-CSV] 5,137,19618800,5804110,0,0,426340,0,13712880,117421016606
[E3IMT-CSV] 5,138,19436920,5754790,0,0,430910,0,13583100,118220268726
[E3IMT-CSV] 5,139,19633430,5790410,0,0,502220,0,13742630,119021261986
[E3IMT-CSV] 5,140,19603190,5780180,0,0,424010,0,13721080,119820714426
[E3IMT-CSV] 5,141,19814630,6222210,0,0,429770,0,13485410,120621413926
[E3IMT-CSV] 5,142,19636930,5812030,0,0,441670,0,13722530,121420843766
[E3IMT-CSV] 5,143,19719950,5754740,0,0,485410,0,13861950,122221255396
[E3IMT-CSV] 5,144,19609740,5654220,0,0,442520,0,13855150,123020490306
[E3IMT-CSV] 5,145,19969150,5724380,0,0,500200,0,14142720,123821420946
[E3IMT-CSV] 5,146,20117920,5658600,0,0,447700,0,14357000,124621989566
[E3IMT-CSV] 5,147,8592950,3463740,0,0,177940,0,5036350,125383921376
[E3IMT-CSV] 5,148,19923500,5674350,0,0,446630,0,14142720,126221078416
[E3IMT-CSV] 5,149,19975000,5682950,0,0,446450,0,14188580,127021374176
[E3IMT-CSV] 5,150,8367100,3502380,0,0,170970,0,4780480,127783136976
[E3IMT-CSV] 5,151,19880530,5696140,0,0,352360,0,14079430,128623596736
[E3IMT-CSV] 5,152,20052160,5732480,0,0,514910,0,14208610,129421598976
[E3IMT-CSV] 5,153,9090880,2317090,0,0,291050,0,6732410,130197465606
[E3IMT-CSV] 5,154,9085910,3454410,0,0,171250,0,5542700,130997215606
[E3IMT-CSV] 5,155,7872490,3883710,0,0,168670,0,3893640,131782230136
[E3IMT-CSV] 5,156,19878700,5680090,0,0,459600,0,14095870,132621025356
[E3IMT-CSV] 5,157,8541470,3644390,0,0,175660,0,4812530,133383804056
[E3IMT-CSV] 5,158,19276990,5379530,0,0,427640,0,13783220,134219219746
[E3IMT-CSV] 5,159,14043610,3774540,0,0,347520,0,10163840,135006602996
[E3IMT-CSV] 5,160,19321970,5771020,0,0,412600,0,13445550,135820030706
[E3IMT-CSV] 5,161,19945990,5712550,0,0,496520,0,14130140,136621374346
[E3IMT-CSV] 5,162,19928350,5849000,0,0,502010,0,13976150,137421435006
[E3IMT-CSV] 5,163,19935950,5842070,0,0,509380,0,13984650,138221342216
[E3IMT-CSV] 5,164,19925760,5646700,0,0,450420,0,14177230,139021072856
[E3IMT-CSV] 5,165,19962370,5821620,0,0,504200,0,14032520,139821388076
[E3IMT-CSV] 5,166,20063310,5601870,0,0,456430,0,14359880,140621548516
[E3IMT-CSV] 5,167,8691470,3602730,0,0,261260,0,4997990,141384236376
[E3IMT-CSV] 5,168,19841900,5624780,0,0,454920,0,14116430,142220946006
[E3IMT-CSV] 5,169,19364480,5747420,0,0,421680,0,13518450,143020115466
[E3IMT-CSV] 5,170,19913080,5770150,0,0,441930,0,14034550,143821685216
[E3IMT-CSV] 5,171,8498550,3610490,0,0,179080,0,4797850,144583824996
[E3IMT-CSV] 5,172,20072850,5859610,0,0,449150,0,14101490,145421838526
[E3IMT-CSV] 5,173,19983930,5746970,0,0,509280,0,14128120,146221680246
[E3IMT-CSV] 5,174,9093950,4959680,0,0,169660,0,4048960,146985709076
[E3IMT-CSV] 5,175,8467330,3686900,0,0,235460,0,4695330,147783373326
[E3IMT-CSV] 5,176,19674230,5717930,0,0,490120,0,13847610,148620993366
[E3IMT-CSV] 5,177,19502280,5804370,0,0,418910,0,13586280,149420349636
[E3IMT-CSV] 5,178,19590800,5712950,0,0,419020,0,13770670,150220953076
[E3IMT-CSV] 5,179,19490080,5692050,0,0,428620,0,13693320,151020410196
[E3IMT-CSV] 5,180,19664230,5781380,0,0,477530,0,13777070,151821178126
[E3IMT-CSV] 5,181,19375880,5758740,0,0,419160,0,13514570,152620014706
[E3IMT-CSV] 5,182,9334660,3734580,0,0,224770,0,5511830,153388243826
[E3IMT-CSV] 5,183,19585470,5748950,0,0,423170,0,13736110,154220688276
[E3IMT-CSV] 5,184,19378860,5729520,0,0,423560,0,13541980,155020498916
[E3IMT-CSV] 5,185,28307680,7575680,0,0,642570,0,20612100,155844110466
[E3IMT-CSV] 5,186,19502320,5760480,0,0,415800,0,13631230,156620161266
[E3IMT-CSV] 5,187,22656840,6161050,0,0,613380,0,16381420,157427460166
[E3IMT-CSV] 5,188,19236690,5789620,0,0,412230,0,13343520,158220044306
[E3IMT-CSV] 5,189,9862530,3880480,0,0,169530,0,5892650,158990187456
[E3IMT-CSV] 5,190,19554840,5731420,0,0,438000,0,13721310,159820641066
[E3IMT-CSV] 5,191,19519080,5763910,0,0,423830,0,13650900,160620263486
[E3IMT-CSV] 5,192,18722810,5241800,0,0,404760,0,13373130,161417951526
[E3IMT-CSV] 5,193,19603770,5804290,0,0,443360,0,13693500,162220743066
[E3IMT-CSV] 5,194,19323360,5773350,0,0,421520,0,13445550,163019991246
[E3IMT-CSV] 5,195,8670760,3628850,0,0,171900,0,4953220,163786977476
[E3IMT-CSV] 5,196,20844780,6085270,0,0,460890,0,14651320,164625604056
[E3IMT-CSV] 5,197,20504130,5990670,0,0,589390,0,14334210,165421094056
[E3IMT-CSV] 5,198,19645690,5815800,0,0,435410,0,13721700,166220330696
[E3IMT-CSV] 5,199,10672900,3724480,0,0,175360,0,6858390,166995718836
[E3IMT-CSV] 5,200,8794430,3563170,0,0,219220,0,5141480,167787440666
[E3IMT-CSV] 5,201,17156400,5799240,0,0,362490,0,11248950,168615712056
[E3IMT-CSV] 5,202,18735250,5292350,0,0,468850,0,13342410,169417626716
[E3IMT-CSV] 5,203,14494850,3914700,0,0,540130,0,10492380,170207360476
[E3IMT-CSV] 5,204,19575130,5832960,0,0,424240,0,13638920,171020303046
[E3IMT-CSV] 5,205,19472270,5731350,0,0,423430,0,13629480,171819993136
[E3IMT-CSV] 5,206,13985710,3497900,0,0,358190,0,10399360,172608253216
[E3IMT-CSV] 5,207,19934490,6418990,0,0,422310,0,13414750,173421541526
[E3IMT-CSV] 5,208,19383300,5708420,0,0,416440,0,13570800,174219657776
[E3IMT-CSV] 5,209,19612520,5821090,0,0,435750,0,13688980,175020134886
[E3IMT-CSV] 5,210,19650290,5705820,0,0,449720,0,13782690,175820207286
[E3IMT-CSV] 5,211,19580930,5777090,0,0,441450,0,13695130,176619895426
[E3IMT-CSV] 5,212,19559800,5803100,0,0,428860,0,13653610,177420240356
[E3IMT-CSV] 5,213,8855420,3883020,0,0,171960,0,4882520,178185775486
[E3IMT-CSV] 5,214,19368280,5733320,0,0,421350,0,13535730,179019997116
[E3IMT-CSV] 5,215,9035510,3480870,0,0,177030,0,5468290,179788234146
[E3IMT-CSV] 5,216,13113330,4367680,0,0,170230,0,8610280,180621826836
[E3IMT-CSV] 5,217,19390410,5745320,0,0,418940,0,13543670,181419701466
[E3IMT-CSV] 5,218,18650530,5718950,0,0,373140,0,12831740,182220081946
[E3IMT-CSV] 5,219,19596960,5792950,0,0,418460,0,13703480,183020090166
[E3IMT-CSV] 5,220,27829530,7421570,0,0,770780,0,20286680,183842308706
[E3IMT-CSV] 5,221,19435860,5723620,0,0,422220,0,13609730,184619836236
[E3IMT-CSV] 5,222,19267070,5778450,0,0,418790,0,13386050,185419373586
[E3IMT-CSV] 5,223,19873730,5807090,0,0,442390,0,13959130,186221551886
[E3IMT-CSV] 5,224,9228230,3586820,0,0,173100,0,5553770,186988880076
[E3IMT-CSV] 5,225,9259760,3566740,0,0,226250,0,5423800,187787865756
[E3IMT-CSV] 5,226,19074040,5650570,0,0,413950,0,13320600,188619051606
[E3IMT-CSV] 5,227,19483930,5829140,0,0,437550,0,13546220,189419764236
[E3IMT-CSV] 5,228,9047930,3634210,0,0,176300,0,5325940,190188174946
[E3IMT-CSV] 5,229,16994020,7113820,0,0,314540,0,9726750,191034691476
[E3IMT-CSV] 5,230,12484210,4038590,0,0,177840,0,8315660,191819081416
[E3IMT-CSV] 5,231,19667050,5727640,0,0,491240,0,13829330,192624633896
[E3IMT-CSV] 5,232,19532690,5772010,0,0,420700,0,13653920,193419989836
[E3IMT-CSV] 5,233,9875820,3776460,0,0,172740,0,6014190,194190063636
[E3IMT-CSV] 5,234,19540760,5769100,0,0,417180,0,13669120,195019865526
[E3IMT-CSV] 5,235,19020430,5606310,0,0,481360,0,13308960,195818638326
[E3IMT-CSV] 5,236,19628940,5762180,0,0,423390,0,13764830,196620179586
[E3IMT-CSV] 5,237,19346990,5718890,0,0,425580,0,13527240,197419391526
[E3IMT-CSV] 5,238,17461160,6215540,0,0,339960,0,11087960,198234260636
[E3IMT-CSV] 5,239,17006910,5814250,0,0,351950,0,11093630,199014150356
[E3IMT-CSV] 5,240,20220940,6822030,0,0,423220,0,13293770,199822892466
[E3IMT-CSV] 5,241,20206520,5975410,0,0,456890,0,14124170,200621367596
[E3IMT-CSV] 5,242,22491820,6146390,0,0,505420,0,16223010,201429072166
[E3IMT-CSV] 5,243,19599090,5759250,0,0,416780,0,13673890,202220016296
[E3IMT-CSV] 5,244,20318300,5446680,0,0,396670,0,14771440,203024225886
[E3IMT-CSV] 5,245,19374480,5557410,0,0,435020,0,13717940,203819130616
[E3IMT-CSV] 5,246,19348830,5745500,0,0,413800,0,13500680,204619521446
[E3IMT-CSV] 5,247,19369160,5712100,0,0,421260,0,13552290,205419531756
[E3IMT-CSV] 5,248,19443750,5726910,0,0,418950,0,13611600,206219845666
[E3IMT-CSV] 5,249,8595970,3565770,0,0,215550,0,4941850,206986707946
[E3IMT-CSV] 5,250,9839130,3862570,0,0,170030,0,5890180,207789873426
[E3IMT-CSV] 5,251,19411060,5750030,0,0,419710,0,13556630,208619696136
[E3IMT-CSV] 5,252,19526700,5724230,0,0,420850,0,13689830,209419879496
[E3IMT-CSV] 5,253,21531200,5949980,0,0,495550,0,15464320,210226740676
[E3IMT-CSV] 5,254,20571500,6000120,0,0,491900,0,14465590,211021168906
[E3IMT-CSV] 5,255,20832740,6116850,0,0,517060,0,14610550,211823944646
[E3IMT-CSV] 5,256,20077630,5854060,0,0,450440,0,14114810,212621263856
[E3IMT-CSV] 5,257,20093180,5781690,0,0,457040,0,14200270,213421269346
[E3IMT-CSV] 5,258,20025730,5684690,0,0,517570,0,14220340,214220721326
[E3IMT-CSV] 5,259,19699260,5748070,0,0,446840,0,13851450,215020483446
[E3IMT-CSV] 5,260,19900850,5677730,0,0,457660,0,14116150,215820296416
[E3IMT-CSV] 5,261,15001200,5361480,0,0,501760,0,9486390,216628537616
[E3IMT-CSV] 5,262,8941380,3489820,0,0,178970,0,5364930,217387700966
[E3IMT-CSV] 5,263,19234140,5346390,0,0,446170,0,13789600,218221016176
[E3IMT-CSV] 5,264,20322090,5938930,0,0,536940,0,14281740,219022278986
[E3IMT-CSV] 5,265,19355550,5747130,0,0,438490,0,13487580,219819053826
[E3IMT-CSV] 5,266,9897150,3542050,0,0,170610,0,6083070,220590314676
[E3IMT-CSV] 5,267,19419120,5766970,0,0,419910,0,13544580,221419271596
[E3IMT-CSV] 5,268,19051010,5341460,0,0,421640,0,13600070,222218052206
[E3IMT-CSV] 5,269,31156850,9109610,0,0,924630,0,21922760,223046876566
[E3IMT-CSV] 5,270,19721530,5558680,0,0,477510,0,14047870,223820047256
[E3IMT-CSV] 5,271,21489480,5925410,0,0,470690,0,15448560,224632938906
[E3IMT-CSV] 5,272,19412570,5754100,0,0,416090,0,13556900,225419788356
[E3IMT-CSV] 5,273,19970330,6744320,0,0,401890,0,13109120,226222181076
[E3IMT-CSV] 5,274,22980120,6026020,0,0,566470,0,16837840,227031665606
[E3IMT-CSV] 5,275,19778060,5776550,0,0,505630,0,13885030,227820344996
[E3IMT-CSV] 5,276,19535830,5729500,0,0,420760,0,13701150,228620069686
[E3IMT-CSV] 5,277,19341060,5807720,0,0,425110,0,13429890,229419408906
[E3IMT-CSV] 5,278,19548630,5750550,0,0,424960,0,13691510,230219666466
[E3IMT-CSV] 5,279,21211240,5492000,0,0,478950,0,15611930,231026323656
[E3IMT-CSV] 5,280,20654610,6036960,0,0,596690,0,14512850,231824275786
[E3IMT-CSV] 5,281,19464420,5747240,0,0,432760,0,13608570,232619393026
[E3IMT-CSV] 5,282,8583000,3817820,0,0,170890,0,4678940,233384385236
[E3IMT-CSV] 5,283,12428250,4240260,0,0,171990,0,8053030,234218019166
[E3IMT-CSV] 5,284,18108890,5806450,0,0,371540,0,12199130,235018082186
[E3IMT-CSV] 5,285,19567860,5776060,0,0,431970,0,13684290,235819590316
[E3IMT-CSV] 5,286,20588700,5732110,0,0,500550,0,14734460,236623897996
[E3IMT-CSV] 5,287,19308880,5806990,0,0,419790,0,13396560,237418664406
[E3IMT-CSV] 5,288,19586970,5812100,0,0,429610,0,13665640,238219532946
[E3IMT-CSV] 5,289,19816940,5676860,0,0,590570,0,14038690,239021293706
[E3IMT-CSV] 5,290,9440060,3598030,0,0,170920,0,5755510,239789734216
[E3IMT-CSV] 5,291,29535530,8535530,0,0,1002110,0,20879200,240643824896
[E3IMT-CSV] 5,292,18847650,5296280,0,0,467760,0,13433900,241417479776
[E3IMT-CSV] 5,293,19599630,5824850,0,0,412400,0,13654700,242219701136
[E3IMT-CSV] 5,294,8873790,3505960,0,0,224180,0,5281300,242987331696
[E3IMT-CSV] 5,295,19810510,5822510,0,0,509610,0,13868780,243819989276
[E3IMT-CSV] 5,296,9694490,3547680,0,0,214970,0,6060080,244590630906
[E3IMT-CSV] 5,297,19795560,5826710,0,0,446850,0,13860070,245420337116
[E3IMT-CSV] 5,298,9382260,3542000,0,0,171740,0,5589840,246187798576
[E3IMT-CSV] 5,299,19599500,5853070,0,0,427950,0,13635710,247019571276
[E3IMT-CSV] 5,300,19626880,5832030,0,0,432970,0,13697190,247819280436
[E3IMT-CSV] 5,301,12745140,3959830,0,0,217880,0,8702580,248599201566
[E3IMT-CSV] 5,302,19906630,5864460,0,0,512750,0,13939330,249420316176
[E3IMT-CSV] 5,303,19989320,5886340,0,0,523200,0,14001450,250220316906
[E3IMT-CSV] 5,304,29926540,8700120,0,0,714090,0,21110380,251044526916
[E3IMT-CSV] 5,305,19670100,5810760,0,0,433660,0,13755920,251819612626
[E3IMT-CSV] 5,306,20217000,6818750,0,0,426470,0,13291770,252622367916
[E3IMT-CSV] 5,307,19934280,5694370,0,0,460420,0,14137960,253420125856
[E3IMT-CSV] 5,308,20157550,5756720,0,0,461440,0,14296080,254220814286
[E3IMT-CSV] 5,309,10505640,3659540,0,0,177350,0,6758240,254991305986
[E3IMT-CSV] 5,310,20099870,5823930,0,0,457250,0,14164860,255820789126
[E3IMT-CSV] 5,311,20145930,5903960,0,0,460240,0,14129620,256620941356
[E3IMT-CSV] 5,312,19816020,5805510,0,0,499310,0,13909870,257419637536
[E3IMT-CSV] 5,313,19880210,5860000,0,0,463310,0,13906270,258220002416
[E3IMT-CSV] 5,314,20014180,5620720,0,0,451000,0,14197970,259020279206
[E3IMT-CSV] 5,315,19967660,5691880,0,0,495760,0,14172860,259820026176
[E3IMT-CSV] 5,316,20059890,5729520,0,0,509910,0,14228600,260620181366
[E3IMT-CSV] 5,317,20038820,5630150,0,0,513660,0,14217720,261420260316
[E3IMT-CSV] 5,318,20056680,5632230,0,0,459180,0,14316240,262220439706
[E3IMT-CSV] 5,319,19862350,5761470,0,0,510190,0,13990600,263020446986
[E3IMT-CSV] 5,320,20027410,5716490,0,0,519090,0,14210070,263820094636
[E3IMT-CSV] 5,321,8538380,3601120,0,0,181960,0,4855510,264582612056
[E3IMT-CSV] 5,322,20037140,5926410,0,0,456670,0,13994500,265420784336
[E3IMT-CSV] 5,323,24922600,7261590,0,0,733560,0,17544270,266227346096
[E3IMT-CSV] 5,324,21377470,6184970,0,0,556710,0,15086640,267026200886
[E3IMT-CSV] 5,325,20018590,5773500,0,0,446030,0,14130490,267820828916
[E3IMT-CSV] 5,326,19782250,5791600,0,0,491280,0,13886050,268619917196
[E3IMT-CSV] 5,327,19931460,5876470,0,0,445790,0,13951130,269420276156
[E3IMT-CSV] 5,328,20188720,5709460,0,0,464890,0,14377280,270220473536
[E3IMT-CSV] 5,329,19629660,5855640,0,0,435910,0,13672280,271019030556
[E3IMT-CSV] 5,330,20023370,5782720,0,0,456250,0,14136780,271820483776
[E3IMT-CSV] 5,331,20068260,5781880,0,0,455080,0,14179620,272620600686
[E3IMT-CSV] 5,332,19994410,5775330,0,0,464410,0,14108370,273420496346
[E3IMT-CSV] 5,333,9759380,2856830,0,0,346360,0,6759220,274204189606
[E3IMT-CSV] 5,334,19309130,5740590,0,0,423070,0,13451040,275018852196
[E3IMT-CSV] 5,335,20017430,5678120,0,0,450350,0,14230950,275819900756
[E3IMT-CSV] 5,336,19967340,5708830,0,0,442710,0,14157040,276620088736
[E3IMT-CSV] 5,337,20058290,5875170,0,0,463840,0,14078370,277420559436
[E3IMT-CSV] 5,338,20041840,5888050,0,0,515160,0,14049410,278220112486
[E3IMT-CSV] 5,339,27407330,8369040,0,0,694970,0,18917000,279040899346
[E3IMT-CSV] 5,340,20133810,5965980,0,0,446170,0,14063300,279820519186
[E3IMT-CSV] 5,341,20053530,5804500,0,0,456100,0,14136420,280620472046
[E3IMT-CSV] 5,342,19993180,5849610,0,0,516470,0,14040610,281419899786
[E3IMT-CSV] 5,343,19404030,5820380,0,0,427170,0,13472640,282218377336
[E3IMT-CSV] 5,344,16277730,5757070,0,0,495850,0,10418450,283011312506
[E3IMT-CSV] 5,345,21070850,6393560,0,0,600350,0,14564740,283824474546
[E3IMT-CSV] 5,346,19943530,5628330,0,0,454090,0,14211740,284619726636
[E3IMT-CSV] 5,347,18858860,5554370,0,0,411350,0,13195740,285417647166
[E3IMT-CSV] 5,348,19920110,5661620,0,0,443390,0,14156420,286219525576
[E3IMT-CSV] 5,349,11950670,3916690,0,0,173880,0,7933240,286996592966
[E3IMT-CSV] 5,350,18750350,5439290,0,0,412530,0,13208630,287821308866
[E3IMT-CSV] 5,351,19961990,5645820,0,0,446660,0,14215230,288619741246
[E3IMT-CSV] 5,352,20035040,5818000,0,0,447380,0,14112890,289420247026
[E3IMT-CSV] 5,353,19664020,5814880,0,0,432830,0,13744000,290218885976
[E3IMT-CSV] 5,354,20041730,5689680,0,0,508320,0,14249340,291019755596
[E3IMT-CSV] 5,355,20081370,5870630,0,0,453790,0,14106240,291820601516
[E3IMT-CSV] 5,356,20087630,5721080,0,0,450430,0,14265590,292619959176
[E3IMT-CSV] 5,357,19765160,5637780,0,0,450500,0,14027010,293419106096
[E3IMT-CSV] 5,358,20195030,5704410,0,0,453660,0,14389700,294220120736
[E3IMT-CSV] 5,359,20070710,5615950,0,0,445100,0,14348510,295020148906
[E3IMT-CSV] 5,360,19932030,5675710,0,0,451510,0,14154290,295819365996
[E3IMT-CSV] 5,361,19891050,5875890,0,0,517920,0,13908740,296619809216
[E3IMT-CSV] 5,362,18781210,5307980,0,0,458130,0,13372370,297416443886
[E3IMT-CSV] 5,363,19406140,5840270,0,0,422190,0,13453960,298218314886
[E3IMT-CSV] 5,364,19411770,5499860,0,0,568700,0,13810490,299020177846
[E3IMT-CSV] 5,365,19818830,5813350,0,0,458130,0,13901700,299819695686
[E3IMT-CSV] 5,366,19959120,5669910,0,0,507460,0,14187230,300619681096
[E3IMT-CSV] 5,367,19776410,6454390,0,0,408130,0,13217850,301419640506
[E3IMT-CSV] 5,368,20132990,5672640,0,0,452130,0,14358140,302220162416
[E3IMT-CSV] 5,369,19828660,5585660,0,0,483700,0,14144190,303019510176
[E3IMT-CSV] 5,370,20019430,5778170,0,0,448880,0,14137910,303820055046
[E3IMT-CSV] 5,371,20037360,5866600,0,0,517650,0,14068950,304619812016
[E3IMT-CSV] 5,372,19983830,5807040,0,0,455420,0,14068250,305420318416
[E3IMT-CSV] 5,373,19126980,5833160,0,0,427140,0,13188390,306217948726
[E3IMT-CSV] 5,374,8718630,3768910,0,0,179340,0,4855520,306982812726
[E3IMT-CSV] 5,375,20113000,5897170,0,0,454280,0,14111420,307820466606
[E3IMT-CSV] 5,376,19696960,5670480,0,0,427780,0,13925560,308618819606
[E3IMT-CSV] 5,377,20032900,5788880,0,0,446830,0,14047520,309419923806
[E3IMT-CSV] 5,378,8878950,3670090,0,0,168620,0,5121330,310183517236
[E3IMT-CSV] 5,379,19626770,5777460,0,0,494770,0,13748560,311019292066
[E3IMT-CSV] 5,380,19892880,5703220,0,0,505390,0,13994320,311819725686
[E3IMT-CSV] 5,381,20201780,6005210,0,0,441530,0,14087810,312620467926
[E3IMT-CSV] 5,382,9717290,3344410,0,0,179360,0,6280630,313398300836
[E3IMT-CSV] 5,383,19743300,5806960,0,0,455570,0,13831290,314219620546
[E3IMT-CSV] 5,384,20114820,5872500,0,0,442660,0,14134300,315020151326
[E3IMT-CSV] 5,385,19957810,5884640,0,0,499620,0,13968920,315819598826
[E3IMT-CSV] 5,386,19897720,5811040,0,0,503860,0,13975580,316619525206
[E3IMT-CSV] 5,387,9092630,3661490,0,0,268040,0,5346300,317385733236
[E3IMT-CSV] 5,388,19602720,5848380,0,0,432330,0,13652530,318218763406
[E3IMT-CSV] 5,389,19630860,5760810,0,0,427480,0,13769000,319018993186
[E3IMT-CSV] 5,390,19178650,5710770,0,0,416270,0,13367440,319817923296
[E3IMT-CSV] 5,391,19561930,5781840,0,0,420870,0,13674440,320618678806
[E3IMT-CSV] 5,392,19547230,5788910,0,0,421750,0,13656200,321418533466
[E3IMT-CSV] 5,393,19485470,5796070,0,0,425200,0,13586060,322218643386
[E3IMT-CSV] 5,394,19415380,5829990,0,0,419570,0,13473850,323018896706
[E3IMT-CSV] 5,395,18909840,5618650,0,0,390820,0,13186710,323817085876
[E3IMT-CSV] 5,396,10087610,3742970,0,0,172050,0,6255740,324589467446
[E3IMT-CSV] 5,397,20045050,5727760,0,0,522230,0,14212760,325419572536
[E3IMT-CSV] 5,398,20189360,5693620,0,0,448230,0,14392410,326220211896
[E3IMT-CSV] 5,399,20104800,5665590,0,0,448750,0,14335470,327019996796
[E3IMT-CSV] 5,400,20431200,6581990,0,0,441950,0,13749890,327820984816
[E3IMT-CSV] 5,401,19892270,5657480,0,0,445710,0,14134160,328619132796
[E3IMT-CSV] 5,402,19800330,5812670,0,0,439670,0,13887660,329419119526
[E3IMT-CSV] 5,403,20086330,5840200,0,0,443220,0,14142650,330219962736
[E3IMT-CSV] 5,404,19374240,5803530,0,0,421840,0,13460980,331018048016
[E3IMT-CSV] 5,405,19923480,5687540,0,0,452420,0,14134080,331819002646
[E3IMT-CSV] 5,406,20180290,5804290,0,0,446000,0,14267660,332620167606
[E3IMT-CSV] 5,407,19169510,5691940,0,0,516820,0,13365930,333417996596
[E3IMT-CSV] 5,408,19818280,5680450,0,0,450710,0,14035610,334222966426
[E3IMT-CSV] 5,409,19825480,5805230,0,0,442760,0,13922690,335019298406
[E3IMT-CSV] 5,410,20028080,5717840,0,0,509450,0,14209450,335819404756
[E3IMT-CSV] 5,411,19999120,5683010,0,0,506810,0,14214580,336619484106
[E3IMT-CSV] 5,412,20052300,5797320,0,0,447440,0,14151120,337420017206
[E3IMT-CSV] 5,413,19899180,5851850,0,0,443640,0,13944910,338219224116
[E3IMT-CSV] 5,414,19910590,5856440,0,0,501070,0,13950360,339019564676
[E3IMT-CSV] 5,415,20366480,5885340,0,0,441040,0,14374380,339824218716
[E3IMT-CSV] 5,416,19855040,5829890,0,0,448950,0,13922670,340619159326
[E3IMT-CSV] 5,417,19928380,5654800,0,0,447630,0,14171540,341419130526
[E3IMT-CSV] 5,418,19979620,5667830,0,0,504020,0,14209580,342219260876
[E3IMT-CSV] 5,419,19796350,5851780,0,0,436710,0,13839990,343019075656
[E3IMT-CSV] 5,420,18829520,5271500,0,0,463650,0,13456330,343816472726
[E3IMT-CSV] 5,421,11192660,3722230,0,0,173870,0,7381870,344592968636
[E3IMT-CSV] 5,422,19897150,5823930,0,0,510960,0,13969610,345419439276
[E3IMT-CSV] 5,423,19786800,5810720,0,0,435750,0,13875720,346219124766
[E3IMT-CSV] 5,424,19888580,5890410,0,0,446950,0,13896220,347019215546
[E3IMT-CSV] 5,425,19339710,5686010,0,0,392730,0,13544220,347819316886
[E3IMT-CSV] 5,426,19916540,5790150,0,0,502420,0,14026040,348619403826
[E3IMT-CSV] 5,427,19869070,5743470,0,0,443730,0,14025050,349419201926
[E3IMT-CSV] 5,428,19414450,5747660,0,0,414880,0,13565660,350217969026
[E3IMT-CSV] 5,429,9429510,3627530,0,0,177630,0,5698680,350990386616
[E3IMT-CSV] 5,430,19893910,5803710,0,0,490240,0,13987650,351819362136
[E3IMT-CSV] 5,431,19896590,5684880,0,0,511250,0,14098020,352619524736
[E3IMT-CSV] 5,432,19989070,5687010,0,0,444720,0,14199160,353419114616
[E3IMT-CSV] 5,433,20570160,6970050,0,0,414210,0,13498780,354222109036
[E3IMT-CSV] 5,434,20019390,5771520,0,0,439290,0,14143980,355019594386
[E3IMT-CSV] 5,435,19634200,5625270,0,0,427050,0,13900820,355822364446
[E3IMT-CSV] 5,436,19739710,5822240,0,0,487780,0,13814010,356618792136
[E3IMT-CSV] 5,437,20004730,5695590,0,0,503730,0,14209140,357419235706
[E3IMT-CSV] 5,438,20164010,5664090,0,0,448390,0,14389880,358223554246
[E3IMT-CSV] 5,439,19974450,5664390,0,0,457140,0,14208110,359023790376
[E3IMT-CSV] 5,440,19831370,5634360,0,0,447400,0,14085920,359822958596
[E3IMT-CSV] 5,441,19964600,5788280,0,0,505170,0,14074150,360619242966
[E3IMT-CSV] 5,442,16727240,6771060,0,0,288610,0,9857890,361413227576
[E3IMT-CSV] 5,443,14606000,5401890,0,0,375430,0,9103290,362206381966
[E3IMT-CSV] 5,444,19906590,5785560,0,0,514660,0,14018390,363023260566
[E3IMT-CSV] 5,445,20121430,5646260,0,0,447470,0,14373040,363819521916
[E3IMT-CSV] 5,446,20003090,5693900,0,0,517710,0,14207990,364622961316
[E3IMT-CSV] 5,447,20005210,5859440,0,0,439890,0,13950570,365419436786
[E3IMT-CSV] 5,448,20285050,6047700,0,0,449990,0,14129690,366224392196
[E3IMT-CSV] 5,449,20025670,5673370,0,0,509670,0,14250820,367023149426
[E3IMT-CSV] 5,450,20047060,5607290,0,0,450750,0,14337090,367823393256
[E3IMT-CSV] 5,451,20074380,5544890,0,0,455500,0,14427700,368623522076
[E3IMT-CSV] 5,452,20103020,5662030,0,0,453890,0,14337770,369423571636
[E3IMT-CSV] 5,453,20086820,5411390,0,0,446420,0,14571020,370223626356
[E3IMT-CSV] 5,454,20563600,5540430,0,0,477950,0,14914790,371024479426
[E3IMT-CSV] 5,455,16848500,4669510,0,0,345970,0,12083580,371813560276
[E3IMT-CSV] 5,456,19819330,5384980,0,0,449400,0,14332860,372622866566
[E3IMT-CSV] 5,457,19972440,5362050,0,0,457420,0,14507080,373423331506
[E3IMT-CSV] 5,458,19963620,5377670,0,0,440080,0,14479210,374223401586
[E3IMT-CSV] 5,459,20032700,5378090,0,0,447460,0,14551410,375023540906
[E3IMT-CSV] 5,460,19130120,5672090,0,0,498940,0,13350380,375825040026
[E3IMT-CSV] 5,461,20103780,5466450,0,0,449240,0,14526120,376623746616
[E3IMT-CSV] 5,462,19546020,5539350,0,0,486050,0,13905380,377418442176
[E3IMT-CSV] 5,463,20023130,5478050,0,0,510530,0,14442630,378223095156
[E3IMT-CSV] 5,464,10628600,3723770,0,0,170280,0,6807920,378995276286
[E3IMT-CSV] 5,465,19966320,5430710,0,0,506730,0,14433000,379822916286
[E3IMT-CSV] 5,466,19281150,5329300,0,0,426940,0,13850820,380621244126
[E3IMT-CSV] 5,467,20156080,5430280,0,0,445180,0,14622600,381423445436
[E3IMT-CSV] 5,468,20057190,5459000,0,0,511240,0,14497060,382223017236
[E3IMT-CSV] 5,469,20356680,5897470,0,0,481940,0,14352820,383023767616
[E3IMT-CSV] 5,470,19785710,5702580,0,0,430720,0,13971950,383823053816
[E3IMT-CSV] 5,471,21467940,7059800,0,0,449350,0,14296780,384630267086
[E3IMT-CSV] 5,472,20336320,5494200,0,0,402570,0,14740440,385426484866
[E3IMT-CSV] 5,473,20028690,5464470,0,0,451160,0,14462460,386223367566
[E3IMT-CSV] 5,474,10945340,3988450,0,0,357630,0,6813190,387010280786
[E3IMT-CSV] 5,475,21177600,5053220,0,0,352710,0,16022620,387828647776
[E3IMT-CSV] 5,476,19608460,5506670,0,0,416540,0,13995460,388622148006
[E3IMT-CSV] 5,477,22174030,6090270,0,0,699200,0,15968690,389426541636
[E3IMT-CSV] 5,478,20795440,6106100,0,0,830990,0,14574740,390225012566
[E3IMT-CSV] 5,479,21225760,5206280,0,0,358300,0,15920400,391028737166
[E3IMT-CSV] 5,480,8851530,3514230,0,0,277940,0,5248310,391789785196
[E3IMT-CSV] 5,481,20101150,5481940,0,0,443440,0,14513810,392623595816
[E3IMT-CSV] 5,482,20079970,5381630,0,0,441730,0,14595690,393423270216
[E3IMT-CSV] 5,483,29308880,7971810,0,0,1153870,0,21215300,394240390366
[E3IMT-CSV] 5,484,19967320,5612670,0,0,454360,0,14247360,395023561976
[E3IMT-CSV] 5,485,19934740,5441290,0,0,452730,0,14386520,395822557366
[E3IMT-CSV] 5,486,19815230,5421800,0,0,443930,0,14284040,396622595346
[E3IMT-CSV] 5,487,8985070,3449080,0,0,171910,0,5445360,397386901746
[E3IMT-CSV] 5,488,20189680,5496930,0,0,454400,0,14591460,398223377206
[E3IMT-CSV] 5,489,20001300,5691300,0,0,626320,0,14204960,399023684566
[E3IMT-CSV] 5,490,8873240,3356130,0,0,172570,0,5423920,399786365536
[E3IMT-CSV] 5,491,20063410,5457070,0,0,462600,0,14500180,400622944706
[E3IMT-CSV] 5,492,23128000,6304750,0,0,519630,0,16712100,401427512926
[E3IMT-CSV] 5,493,19340940,5383770,0,0,416380,0,13853850,402221146616
[E3IMT-CSV] 5,494,19660080,5394950,0,0,436210,0,14153780,403022014886
[E3IMT-CSV] 5,495,19876760,5309030,0,0,507050,0,14464130,403823032576
[E3IMT-CSV] 5,496,19833310,5384080,0,0,443940,0,14347300,404622488456
[E3IMT-CSV] 5,497,19981820,5360480,0,0,452650,0,14518390,405423033086
[E3IMT-CSV] 5,498,20073900,5391580,0,0,450150,0,14579360,406223318596
[E3IMT-CSV] 5,499,19455260,5413460,0,0,420280,0,13941730,407021636336
[E3IMT-SUMMARY] chain_len=5 e2e_avg=18510717 publish_avg=5508948 gc_trigger_avg=0 invoke_cb_avg=0 getnext_avg=428611 take_data_avg=0 sched_avg=12894613 dispatch_avg=207418223841

*** FATAL ***
fatal source: 9 (RTEMS_FATAL_SOURCE_EXCEPTION)

R0   = 0x01596b88 R8  = 0x00000000
R1   = 0x00000000 R9  = 0x00000000
R2   = 0x00000010 R10 = 0x00000000
R3   = 0x01596c88 R11 = 0x00000000
R4   = 0x00c00c88 R12 = 0x01596c88
R5   = 0x0030e0e9 SP  = 0x01596b78
R6   = 0x00000000 LR  = 0x00000000
R7   = 0x01596b78 PC  = 0x0030e170
CPSR = 0x600d0173 VEC = 0x00000001
FPEXC = 0x40000000
FPSCR = 0x20000010
D00 = 0x0000000000000000
D01 = 0x0000000000000001
D02 = 0x0000000000000000
D03 = 0x0000000000000000
D04 = 0x0000000000000000
D05 = 0x0000000000000000
D06 = 0x00abe0dc00abe0dc
D07 = 0x000186a00061a800
D08 = 0x0000000000000000
D09 = 0x0000000000000000
D10 = 0x0000000000000000
D11 = 0x0000000000000000
D12 = 0x0000000000000000
D13 = 0x0000000000000000
D14 = 0x0000000000000000
D15 = 0x0000000000000000
D16 = 0x0000000000000000
D17 = 0x0000000000000000
D18 = 0x0000000000000000
D19 = 0x0000000000000000
D20 = 0x00abe33400abe320
D21 = 0x00abe36400abe348
D22 = 0x00abe27c00abe26c
D23 = 0x00abe29c00abe28c
D24 = 0x00abe23c00abe22c
D25 = 0x00abe25c00abe24c
D26 = 0x00abe1c800abe1a0
D27 = 0x00abe20800abe1ec
D28 = 0x00abe14800abe118
D29 = 0x00abe18000abe164
D30 = 0x00abe60000abe600
D31 = 0x00abe10c00abe100
RTEMS version: 6.1.0.not-released
RTEMS tools: 13.3.0 20240521 (RTEMS 6, RSB no-repo, Newlib 1b3dcfd)
executing thread ID: 0x0a010001
executing thread name: UI1 
