
RTEMS Shell on /dev/console. Use 'help' to list commands.
SHLL [/] # nexus0: <RTEMS Nexus device>
info: lo0: link state changed to UP
=== Exp3inter-MT: Task Chain (n=4) MultiThreadedExecutor ===
Period: 200ms, Rounds: 500
[E3IMT-CSV] chain_len,round,e2e_ns,publish_ns,gc_trigger_ns,invoke_cb_ns,getnext_ns,take_data_ns,sched_ns,dispatch_ns
666666
CPP Msg not nullptr
CPP Msg not nullptr
CPP Msg not nullptr
CPP Msg not nullptr
C Msg not NULL
C Msg not NULL
CPP Srv not nullptr
CPP Srv not nullptr
CPP Srv not nullptr
CPP Srv not nullptr
CPP Srv not nullptr
CPP Srv not nullptr
CPP Msg not nullptr
CPP Msg not nullptr
CPP Msg not nullptr
CPP Msg not nullptr
CPP Msg not nullptr
CPP Msg not nullptr
C Msg not NULL
C Msg not NULL
CPP Srv not nullptr
CPP Srv not nullptr
CPP Srv not nullptr
CPP Srv not nullptr
CPP Srv not nullptr
CPP Srv not nullptr
CPP Msg not nullptr
CPP Msg not nullptr
CPP Msg not nullptr
CPP Msg not nullptr
CPP Msg not nullptr
CPP Msg not nullptr
CPP Msg not nullptr
CPP Msg not nullptr
C Msg not NULL
C Msg not NULL
CPP Srv not nullptr
CPP Srv not nullptr
CPP Srv not nullptr
CPP Srv not nullptr
CPP Srv not nullptr
CPP Srv not nullptr
CPP Msg not nullptr
CPP Msg not nullptr
CPP Msg not nullptr
CPP Msg not nullptr
CPP Msg not nullptr
CPP Msg not nullptr
CPP Msg not nullptr
CPP Msg not nullptr
C Msg not NULL
C Msg not NULL
CPP Srv not nullptr
CPP Srv not nullptr
CPP Srv not nullptr
CPP Srv not nullptr
CPP Srv not nullptr
CPP Srv not nullptr
CPP Msg not nullptr
CPP Msg not nullptr
CPP Msg not nullptr
CPP Msg not nullptr
CPP Msg not nullptr
CPP Msg not nullptr
[E3IMT-CSV] 4,0,16319560,1610420,0,0,153710,0,14438100,5912634147
[E3IMT-CSV] 4,1,10464130,3211400,0,0,369470,0,7175210,6440819337
[E3IMT-CSV] 4,2,17942450,5056350,0,0,382110,0,12633590,7059640767
[E3IMT-CSV] 4,3,18157750,5027000,0,0,486810,0,12876110,7660027517
[E3IMT-CSV] 4,4,18556010,5370520,0,0,455690,0,13084930,8260318847
[E3IMT-CSV] 4,5,18578090,5337500,0,0,463750,0,13139560,8860335397
[E3IMT-CSV] 4,6,18693040,5440350,0,0,401340,0,13146130,9460508107
[E3IMT-CSV] 4,7,18504430,5054210,0,0,544160,0,13192360,10061013537
[E3IMT-CSV] 4,8,18381050,5056250,0,0,603970,0,13066890,10660766787
[E3IMT-CSV] 4,9,18293540,5287110,0,0,483410,0,12898010,11259957647
[E3IMT-CSV] 4,10,18572780,5398930,0,0,457810,0,13070900,11860224957
[E3IMT-CSV] 4,11,18625210,5084440,0,0,550020,0,13101150,12460967747
[E3IMT-CSV] 4,12,18786030,5386190,0,0,408870,0,13290620,13060808997
[E3IMT-CSV] 4,13,18588430,5381310,0,0,385310,0,13097130,13660710917
[E3IMT-CSV] 4,14,18766900,5145020,0,0,385140,0,13513130,14260806247
[E3IMT-CSV] 4,15,18625900,5340080,0,0,466700,0,13186670,14860167437
[E3IMT-CSV] 4,16,18708470,5403700,0,0,403690,0,13195770,15460457977
[E3IMT-CSV] 4,17,18659220,5279180,0,0,554870,0,13274490,16061839777
[E3IMT-CSV] 4,18,17728160,5064420,0,0,610560,0,12568850,16659805307
[E3IMT-CSV] 4,19,18644100,5467960,0,0,399620,0,13075540,17260379977
[E3IMT-CSV] 4,20,13572500,3583900,0,0,300930,0,9894710,17852427927
[E3IMT-CSV] 4,21,18766270,5358930,0,0,404470,0,13304630,18460742187
[E3IMT-CSV] 4,22,18588560,5205500,0,0,532890,0,13279000,19060996097
[E3IMT-CSV] 4,23,17936510,5220520,0,0,509190,0,12609180,19659573167
[E3IMT-CSV] 4,24,18635800,5423960,0,0,406950,0,13102210,20260290017
[E3IMT-CSV] 4,25,18740950,5391110,0,0,397590,0,13249760,20860462407
[E3IMT-CSV] 4,26,18763620,5348550,0,0,402690,0,13312710,21460584537
[E3IMT-CSV] 4,27,18695700,5444710,0,0,390940,0,13147190,22060658827
[E3IMT-CSV] 4,28,18673550,5376000,0,0,404000,0,13196370,22660509377
[E3IMT-CSV] 4,29,18513040,5358380,0,0,458370,0,13050860,23260303497
[E3IMT-CSV] 4,30,18475650,5194790,0,0,398930,0,13009010,23861145497
[E3IMT-CSV] 4,31,18751410,5431440,0,0,392240,0,13217250,24460662507
[E3IMT-CSV] 4,32,18541020,5097950,0,0,536750,0,13181930,25060869527
[E3IMT-CSV] 4,33,18013870,5073300,0,0,374560,0,12685170,25659531477
[E3IMT-CSV] 4,34,18514890,5343530,0,0,463940,0,13068780,26259943507
[E3IMT-CSV] 4,35,18782670,5308540,0,0,539290,0,13364450,26861452437
[E3IMT-CSV] 4,36,18678030,5423230,0,0,394880,0,13151270,27460579907
[E3IMT-CSV] 4,37,8573390,3167800,0,0,120450,0,5313940,28039450287
[E3IMT-CSV] 4,38,18623150,5404560,0,0,406610,0,13113150,28660518897
[E3IMT-CSV] 4,39,18679810,5370780,0,0,401030,0,13209880,29260355557
[E3IMT-CSV] 4,40,7702600,3037970,0,0,115930,0,4576260,29836584907
[E3IMT-CSV] 4,41,12011170,5295060,0,0,119020,0,6599800,30441811797
[E3IMT-CSV] 4,42,21403180,6640360,0,0,573150,0,14492670,31065364897
[E3IMT-CSV] 4,43,18743090,5428420,0,0,401170,0,13212740,31660291147
[E3IMT-CSV] 4,44,8064980,3269390,0,0,121630,0,4709650,32236383067
[E3IMT-CSV] 4,45,18501720,5364780,0,0,453330,0,13036160,32860105157
[E3IMT-CSV] 4,46,18650220,5372850,0,0,400110,0,13169690,33460222427
[E3IMT-CSV] 4,47,19360610,5370790,0,0,389310,0,13885930,34061867807
[E3IMT-CSV] 4,48,17798820,4818790,0,0,505470,0,12698710,34659674097
[E3IMT-CSV] 4,49,18614250,5327900,0,0,393430,0,13182890,35260094787
[E3IMT-CSV] 4,50,18511360,5358040,0,0,459940,0,13054150,35860024507
[E3IMT-CSV] 4,51,18783170,5134460,0,0,538310,0,13287720,36460950277
[E3IMT-CSV] 4,52,8560850,3103530,0,0,120500,0,5358470,37039207917
[E3IMT-CSV] 4,53,21548790,5989070,0,0,446690,0,15447150,37666570817
[E3IMT-CSV] 4,54,8224770,3280870,0,0,117380,0,4858590,38236595447
[E3IMT-CSV] 4,55,18667460,5385070,0,0,391840,0,13182650,38860039847
[E3IMT-CSV] 4,56,18634350,5395040,0,0,547100,0,13134020,39460639687
[E3IMT-CSV] 4,57,18738030,5389920,0,0,402320,0,13250830,40060264177
[E3IMT-CSV] 4,58,23446350,6264720,0,0,627860,0,17066690,40669059267
[E3IMT-CSV] 4,59,18041280,5218980,0,0,385850,0,12722480,41259420877
[E3IMT-CSV] 4,60,13778410,3663530,0,0,316880,0,10016060,41852703687
[E3IMT-CSV] 4,61,17956550,5197830,0,0,373470,0,12657790,42459160157
[E3IMT-CSV] 4,62,18099460,5206110,0,0,382290,0,12796090,43059381057
[E3IMT-CSV] 4,63,8344340,3525840,0,0,155500,0,4729470,43638900997
[E3IMT-CSV] 4,64,18318260,5291120,0,0,486610,0,12923970,44259687077
[E3IMT-CSV] 4,65,17853300,5151520,0,0,379420,0,12603930,44858731937
[E3IMT-CSV] 4,66,18087320,5205980,0,0,381070,0,12783090,45459317577
[E3IMT-CSV] 4,67,18273070,5280010,0,0,486300,0,12896030,46059581537
[E3IMT-CSV] 4,68,18397610,5097980,0,0,455550,0,13046160,46660139977
[E3IMT-CSV] 4,69,18240970,5123170,0,0,394890,0,12847760,47259802097
[E3IMT-CSV] 4,70,18048150,5297610,0,0,383260,0,12653130,47859241027
[E3IMT-CSV] 4,71,18380040,5234260,0,0,387780,0,13045890,48460036437
[E3IMT-CSV] 4,72,18531360,5314070,0,0,390800,0,13114400,49060167357
[E3IMT-CSV] 4,73,18606910,5038590,0,0,539210,0,13311320,49660757827
[E3IMT-CSV] 4,74,18785250,5393300,0,0,394230,0,13284890,50260467257
[E3IMT-CSV] 4,75,17993940,5270940,0,0,372160,0,12621700,50858914127
[E3IMT-CSV] 4,76,7930360,3149710,0,0,117280,0,4697760,51435450427
[E3IMT-CSV] 4,77,18712010,5395720,0,0,397500,0,13206680,52060134537
[E3IMT-CSV] 4,78,18706160,5306120,0,0,527810,0,13292410,52661559887
[E3IMT-CSV] 4,79,18727280,5383080,0,0,389200,0,13240960,53260129107
[E3IMT-CSV] 4,80,19142240,5342060,0,0,473200,0,13701270,53861143237
[E3IMT-CSV] 4,81,18857250,5469840,0,0,404340,0,13287000,54460551487
[E3IMT-CSV] 4,82,18657710,5383430,0,0,409960,0,13170800,55060216197
[E3IMT-CSV] 4,83,18733390,5430480,0,0,383780,0,13200120,55660186727
[E3IMT-CSV] 4,84,18697130,5372210,0,0,399650,0,13221160,56260119517
[E3IMT-CSV] 4,85,21303090,5744440,0,0,463830,0,15450540,56864268457
[E3IMT-CSV] 4,86,18715730,5420600,0,0,396470,0,13193160,57460218457
[E3IMT-CSV] 4,87,18789230,5392240,0,0,402870,0,13298180,58060234317
[E3IMT-CSV] 4,88,18667060,5378430,0,0,395700,0,13188000,58659969367
[E3IMT-CSV] 4,89,18843190,5442400,0,0,401560,0,13301520,59260233517
[E3IMT-CSV] 4,90,18839200,5440660,0,0,404280,0,13291280,59860124477
[E3IMT-CSV] 4,91,18539230,5383440,0,0,465550,0,13054680,60459828477
[E3IMT-CSV] 4,92,18814840,5424190,0,0,396360,0,13291510,61060081097
[E3IMT-CSV] 4,93,17814910,5141300,0,0,376970,0,12574730,61658600387
[E3IMT-CSV] 4,94,8037370,3186770,0,0,120670,0,4766680,62235694127
[E3IMT-CSV] 4,95,8504530,3017730,0,0,160620,0,5403690,62838692737
[E3IMT-CSV] 4,96,18688570,5413990,0,0,406640,0,13175080,63459686347
[E3IMT-CSV] 4,97,18766300,5385970,0,0,400370,0,13273610,64060145057
[E3IMT-CSV] 4,98,19184920,5330250,0,0,408190,0,13744390,64663114587
[E3IMT-CSV] 4,99,18745470,5406030,0,0,405960,0,13237060,65260023367
[E3IMT-CSV] 4,100,20833300,5894920,0,0,422700,0,14832670,65863902467
[E3IMT-CSV] 4,101,18731860,5422110,0,0,394440,0,13207500,66460401437
[E3IMT-CSV] 4,102,18647390,5396790,0,0,410230,0,13141300,67059719177
[E3IMT-CSV] 4,103,18423260,5275030,0,0,399030,0,13050360,67659401937
[E3IMT-CSV] 4,104,18763980,5426180,0,0,401800,0,13229700,68259866087
[E3IMT-CSV] 4,105,18812220,5452940,0,0,404190,0,13258700,68860064207
[E3IMT-CSV] 4,106,18731840,5397280,0,0,398790,0,13232600,69460050667
[E3IMT-CSV] 4,107,8331450,3191910,0,0,161100,0,5054950,70036545997
[E3IMT-CSV] 4,108,15872140,4456080,0,0,312610,0,11168950,70654755487
[E3IMT-CSV] 4,109,18772550,5444850,0,0,390680,0,13221630,71260221527
[E3IMT-CSV] 4,110,22221960,6562480,0,0,408690,0,15546740,71863931197
[E3IMT-CSV] 4,111,18730070,5395370,0,0,403320,0,13233160,72460134597
[E3IMT-CSV] 4,112,18498730,5307230,0,0,459430,0,13083270,73059733787
[E3IMT-CSV] 4,113,18986060,5283380,0,0,404180,0,13604200,73660672957
[E3IMT-CSV] 4,114,18946640,5376380,0,0,533800,0,13464560,74261754597
[E3IMT-CSV] 4,115,18501600,5316450,0,0,508420,0,13077310,74859316897
[E3IMT-CSV] 4,116,18609490,5363860,0,0,394140,0,13147270,75459687267
[E3IMT-CSV] 4,117,18607910,5357330,0,0,395960,0,13140330,76059818567
[E3IMT-CSV] 4,118,17992230,5164890,0,0,378290,0,12725220,76658890197
[E3IMT-CSV] 4,119,18099690,5156970,0,0,620930,0,12677630,77259329967
[E3IMT-CSV] 4,120,18736190,5441000,0,0,396800,0,13193300,77860144907
[E3IMT-CSV] 4,121,18627410,5417470,0,0,404230,0,13105260,78459726217
[E3IMT-CSV] 4,122,18713390,5438330,0,0,385690,0,13171720,79060135597
[E3IMT-CSV] 4,123,17837290,4887820,0,0,499050,0,12700610,79658923377
[E3IMT-CSV] 4,124,18714040,5345370,0,0,406710,0,13267170,80260142767
[E3IMT-CSV] 4,125,18724580,5493140,0,0,411600,0,13132080,80859864967
[E3IMT-CSV] 4,126,19746930,6308360,0,0,400860,0,13326800,81468179297
[E3IMT-CSV] 4,127,18315110,5235420,0,0,390220,0,12980480,82059452707
[E3IMT-CSV] 4,128,17806360,5164740,0,0,370970,0,12526820,82658459077
[E3IMT-CSV] 4,129,18775230,5446430,0,0,395490,0,13219450,83259993437
[E3IMT-CSV] 4,130,18741090,5411700,0,0,405130,0,13226430,83859816977
[E3IMT-CSV] 4,131,18636470,5394240,0,0,394680,0,13134940,84459856547
[E3IMT-CSV] 4,132,18812900,5423790,0,0,400020,0,13287380,85060120327
[E3IMT-CSV] 4,133,18569230,5324660,0,0,462110,0,13145930,85659618487
[E3IMT-CSV] 4,134,18558640,5379120,0,0,388090,0,13073920,86260011667
[E3IMT-CSV] 4,135,18772320,5384500,0,0,402460,0,13284590,86859794717
[E3IMT-CSV] 4,136,18274570,5262340,0,0,485790,0,12905750,87459228627
[E3IMT-CSV] 4,137,18515600,5293290,0,0,395800,0,13119840,88059645787
[E3IMT-CSV] 4,138,17966290,4966360,0,0,514530,0,12892560,88659702057
[E3IMT-CSV] 4,139,18839890,5447520,0,0,402690,0,13289090,89259993697
[E3IMT-CSV] 4,140,18737140,5263110,0,0,399400,0,13215860,89860098877
[E3IMT-CSV] 4,141,17552070,5048010,0,0,371590,0,12397860,90457821037
[E3IMT-CSV] 4,142,18403180,5132030,0,0,449320,0,13007070,91059744527
[E3IMT-CSV] 4,143,17998580,5143160,0,0,389130,0,12751350,91658771557
[E3IMT-CSV] 4,144,18237190,5220290,0,0,486540,0,12915690,92259200017
[E3IMT-CSV] 4,145,9016560,3328200,0,0,115480,0,5598460,92841480837
[E3IMT-CSV] 4,146,18678250,4969020,0,0,490130,0,13609460,93461407327
[E3IMT-CSV] 4,147,18336120,5298270,0,0,383610,0,12938920,94059432687
[E3IMT-CSV] 4,148,17782990,5153440,0,0,362220,0,12528800,94658479607
[E3IMT-CSV] 4,149,18320910,5254770,0,0,393550,0,12962010,95259336097
[E3IMT-CSV] 4,150,18299500,5237420,0,0,389300,0,12962100,95859192697
[E3IMT-CSV] 4,151,23386810,6283390,0,0,783620,0,16998490,96468171247
[E3IMT-CSV] 4,152,18199110,6719870,0,0,319930,0,11317180,97072397097
[E3IMT-CSV] 4,153,16784270,4581550,0,0,314830,0,12102130,97660937377
[E3IMT-CSV] 4,154,9321100,3505950,0,0,164730,0,5692580,98247344857
[E3IMT-CSV] 4,155,19531100,5279540,0,0,446310,0,14142140,98862704257
[E3IMT-CSV] 4,156,18215510,5216120,0,0,392850,0,12900710,99458934277
[E3IMT-CSV] 4,157,21512290,6071930,0,0,509450,0,15170180,100065666117
[E3IMT-CSV] 4,158,17884970,5215200,0,0,380840,0,12567770,100658636967
[E3IMT-CSV] 4,159,18335960,5243160,0,0,490240,0,12994700,101259136257
[E3IMT-CSV] 4,160,18106630,5228910,0,0,402590,0,12767710,101858542797
[E3IMT-CSV] 4,161,18267880,5257250,0,0,492100,0,12910080,102459025747
[E3IMT-CSV] 4,162,9940940,3240150,0,0,119990,0,6440350,103050438647
[E3IMT-CSV] 4,163,18112240,5212730,0,0,389140,0,12798480,103658691547
[E3IMT-CSV] 4,164,17956740,5159150,0,0,381440,0,12689270,104258613007
[E3IMT-CSV] 4,165,24385140,6739740,0,0,665620,0,17525320,104869253807
[E3IMT-CSV] 4,166,18254610,5271130,0,0,393590,0,12880050,105458676097
[E3IMT-CSV] 4,167,18227420,5061990,0,0,479860,0,12898970,106059125527
[E3IMT-CSV] 4,168,16922360,4716920,0,0,343840,0,12108340,106657127497
[E3IMT-CSV] 4,169,17704970,5020620,0,0,511600,0,12581900,107258791557
[E3IMT-CSV] 4,170,18507200,5384680,0,0,393070,0,13018920,107859613307
[E3IMT-CSV] 4,171,18513700,5365350,0,0,461760,0,13043590,108459480097
[E3IMT-CSV] 4,172,18282330,5266180,0,0,393170,0,12913730,109059166237
[E3IMT-CSV] 4,173,18222350,5229860,0,0,491120,0,12892890,109659039967
[E3IMT-CSV] 4,174,17479810,5027240,0,0,382580,0,12343160,110257487857
[E3IMT-CSV] 4,175,9190210,3349810,0,0,151890,0,5749840,110841236147
[E3IMT-CSV] 4,176,8514240,3091250,0,0,155340,0,5329060,111438241417
[E3IMT-CSV] 4,177,18311670,5268920,0,0,498290,0,12933670,112059004997
[E3IMT-CSV] 4,178,17949510,5243120,0,0,388220,0,12603660,112658374467
[E3IMT-CSV] 4,179,18828020,5230190,0,0,388700,0,13495400,113260141167
[E3IMT-CSV] 4,180,25650060,6539530,0,0,629210,0,18999060,113872999687
[E3IMT-CSV] 4,181,18582300,5317340,0,0,409400,0,13158590,114459483257
[E3IMT-CSV] 4,182,18436950,5327980,0,0,463290,0,13003560,115059203607
[E3IMT-CSV] 4,183,16228480,4473410,0,0,327260,0,11654560,115655598987
[E3IMT-CSV] 4,184,18275700,5259930,0,0,473930,0,12907170,116258948137
[E3IMT-CSV] 4,185,18495200,5280470,0,0,467770,0,13111360,116859146417
[E3IMT-CSV] 4,186,18397860,5350040,0,0,486860,0,12940360,117458763747
[E3IMT-CSV] 4,187,18570480,5320980,0,0,407530,0,13149090,118059481747
[E3IMT-CSV] 4,188,18834670,5368300,0,0,421960,0,13364230,118659810247
[E3IMT-CSV] 4,189,18344570,5292570,0,0,468130,0,12952000,119258695497
[E3IMT-CSV] 4,190,18691320,5408570,0,0,412160,0,13179810,119859676457
[E3IMT-CSV] 4,191,9224350,3254500,0,0,155160,0,5874250,120441212017
[E3IMT-CSV] 4,192,18795050,5326520,0,0,387250,0,13260180,121059995347
[E3IMT-CSV] 4,193,18818270,6443620,0,0,271350,0,12223770,121676497407
[E3IMT-CSV] 4,194,18725700,5445430,0,0,393560,0,13176650,122262298777
[E3IMT-CSV] 4,195,20301510,6043480,0,0,444440,0,14144790,122862956907
[E3IMT-CSV] 4,196,18677620,5343280,0,0,414010,0,13232870,123459473087
[E3IMT-CSV] 4,197,18355060,5291730,0,0,508070,0,12959400,124058931167
[E3IMT-CSV] 4,198,24856880,6666300,0,0,601860,0,18082920,124667329947
[E3IMT-CSV] 4,199,18726660,5392590,0,0,398550,0,13232320,125262343107
[E3IMT-CSV] 4,200,18639310,5368980,0,0,395310,0,13160610,125859255357
[E3IMT-CSV] 4,201,18798960,5401950,0,0,404970,0,13286910,126459514227
[E3IMT-CSV] 4,202,18051080,5255440,0,0,389940,0,12690660,127058307367
[E3IMT-CSV] 4,203,18400890,5283530,0,0,405450,0,13017900,127658796567
[E3IMT-CSV] 4,204,18675390,5388120,0,0,399500,0,13185890,128259209057
[E3IMT-CSV] 4,205,19628860,4945490,0,0,452130,0,14579610,128863027067
[E3IMT-CSV] 4,206,18768460,5367410,0,0,412600,0,13281670,129459488867
[E3IMT-CSV] 4,207,17566070,4955210,0,0,379590,0,12495670,130057629057
[E3IMT-CSV] 4,208,18393520,5263400,0,0,501470,0,13031950,130658660017
[E3IMT-CSV] 4,209,22354470,6235710,0,0,613210,0,16006360,131269329707
[E3IMT-CSV] 4,210,18273530,5273790,0,0,388060,0,12902070,131858464677
[E3IMT-CSV] 4,211,18563400,5357430,0,0,472400,0,13105450,132459004537
[E3IMT-CSV] 4,212,19034310,5370350,0,0,386600,0,13561160,133063377667
[E3IMT-CSV] 4,213,17300540,4844970,0,0,368020,0,12207050,133660056327
[E3IMT-CSV] 4,214,18437930,5333870,0,0,481360,0,13005070,134258642317
[E3IMT-CSV] 4,215,18524200,5406610,0,0,404700,0,13010460,134859110797
[E3IMT-CSV] 4,216,18694220,5369220,0,0,405230,0,13223960,135459191187
[E3IMT-CSV] 4,217,18613840,5340050,0,0,410690,0,13156590,136059182587
[E3IMT-CSV] 4,218,18369390,5257820,0,0,557010,0,13007200,136659217587
[E3IMT-CSV] 4,219,18739580,5421910,0,0,399770,0,13211080,137259483157
[E3IMT-CSV] 4,220,12553980,3363320,0,0,128870,0,8946140,137851776617
[E3IMT-CSV] 4,221,18679040,5433640,0,0,406460,0,13146250,138459470657
[E3IMT-CSV] 4,222,18559640,5330510,0,0,464140,0,13120760,139059201757
[E3IMT-CSV] 4,223,18665950,5310280,0,0,404380,0,13249040,139659495657
[E3IMT-CSV] 4,224,18452200,5244360,0,0,401860,0,13110850,140258876607
[E3IMT-CSV] 4,225,18548020,5263280,0,0,408570,0,13182760,140859405767
[E3IMT-CSV] 4,226,18595450,5450650,0,0,398130,0,13044390,141459086457
[E3IMT-CSV] 4,227,18527900,5220930,0,0,487740,0,13197650,142059056857
[E3IMT-CSV] 4,228,17500990,4879630,0,0,366320,0,12354480,142657387157
[E3IMT-CSV] 4,229,7987370,3083490,0,0,165510,0,4815680,143235964457
[E3IMT-CSV] 4,230,19464020,5611520,0,0,535670,0,13585750,143864091487
[E3IMT-CSV] 4,231,9376760,3044230,0,0,116720,0,6247140,144440499707
[E3IMT-CSV] 4,232,18330560,5105250,0,0,540280,0,12957570,145062054717
[E3IMT-CSV] 4,233,18016620,5209340,0,0,396600,0,12688300,145658314257
[E3IMT-CSV] 4,234,18231720,5306490,0,0,505880,0,12825520,146261559187
[E3IMT-CSV] 4,235,24400320,6125120,0,0,771530,0,18178240,146871652427
[E3IMT-CSV] 4,236,18029400,6381670,0,0,421800,0,11510880,147475016347
[E3IMT-CSV] 4,237,18179720,6224080,0,0,431180,0,11815990,148075315877
[E3IMT-CSV] 4,238,8979500,3450800,0,0,118190,0,5435760,148643292987
[E3IMT-CSV] 4,239,8401990,3037710,0,0,115750,0,5278970,149240674717
[E3IMT-CSV] 4,240,7945110,3011020,0,0,117860,0,4847340,149836163857
[E3IMT-CSV] 4,241,18254060,5270870,0,0,492370,0,12879920,150461441817
[E3IMT-CSV] 4,242,10064320,3465450,0,0,149370,0,6508160,151049917907
[E3IMT-CSV] 4,243,16988750,4904190,0,0,348250,0,11825490,151662424017
[E3IMT-CSV] 4,244,18136490,5238510,0,0,386720,0,12799500,152261226947
[E3IMT-CSV] 4,245,22177330,6199950,0,0,398150,0,15870280,152866882297
[E3IMT-CSV] 4,246,18305880,5250320,0,0,515670,0,12954210,153458546157
[E3IMT-CSV] 4,247,14772950,4806700,0,0,489860,0,9862670,154056551577
[E3IMT-CSV] 4,248,18022900,5237180,0,0,381760,0,12675590,154661023627
[E3IMT-CSV] 4,249,18763620,5456240,0,0,395810,0,13205470,155262340387
[E3IMT-CSV] 4,250,18737100,5431740,0,0,404470,0,13196850,155861972057
[E3IMT-CSV] 4,251,8807130,3130020,0,0,119120,0,5592400,156438654877
[E3IMT-CSV] 4,252,20610630,6296650,0,0,446600,0,14201180,157065959167
[E3IMT-CSV] 4,253,8471630,2979920,0,0,117420,0,5407920,157640606757
[E3IMT-CSV] 4,254,18526400,5334520,0,0,487330,0,13079320,158261501897
[E3IMT-CSV] 4,255,18771140,5404770,0,0,397550,0,13249060,158862100387
[E3IMT-CSV] 4,256,18651590,5319600,0,0,406180,0,13224200,159461941857
[E3IMT-CSV] 4,257,18038970,5218630,0,0,372530,0,12711200,160061036537
[E3IMT-CSV] 4,258,17022010,4770540,0,0,345050,0,11996710,160659219047
[E3IMT-CSV] 4,259,18716650,5430380,0,0,395290,0,13182000,161262084477
[E3IMT-CSV] 4,260,18710460,5348550,0,0,407570,0,13259660,161862144347
[E3IMT-CSV] 4,261,18775130,5392800,0,0,414930,0,13275770,162462053477
[E3IMT-CSV] 4,262,18522220,5381130,0,0,463040,0,13036780,163061820707
[E3IMT-CSV] 4,263,17930110,5154440,0,0,381110,0,12671580,163660621287
[E3IMT-CSV] 4,264,18811210,5399050,0,0,408260,0,13299630,164262000827
[E3IMT-CSV] 4,265,18705850,5373950,0,0,396850,0,13212180,164861981157
[E3IMT-CSV] 4,266,18763580,5400580,0,0,404540,0,13254470,165462118687
[E3IMT-CSV] 4,267,18361950,5239120,0,0,488850,0,13016990,166061379317
[E3IMT-CSV] 4,268,8394040,3143340,0,0,119450,0,5167350,166638935247
[E3IMT-CSV] 4,269,18699380,5356210,0,0,407170,0,13229110,167261894157
[E3IMT-CSV] 4,270,18562520,5179900,0,0,399030,0,13128190,167862020547
[E3IMT-CSV] 4,271,18825020,5470440,0,0,411520,0,13245000,168462323197
[E3IMT-CSV] 4,272,14954040,5149720,0,0,434610,0,9699260,169056561587
[E3IMT-CSV] 4,273,17457090,4592600,0,0,335160,0,12605540,169660301117
[E3IMT-CSV] 4,274,18274320,5224840,0,0,485380,0,12933560,170261342647
[E3IMT-CSV] 4,275,25834480,6891520,0,0,856680,0,18819520,170872454817
[E3IMT-CSV] 4,276,18832990,5556500,0,0,398840,0,13171750,171462294527
[E3IMT-CSV] 4,277,18788470,5358890,0,0,380430,0,13319910,172062233747
[E3IMT-CSV] 4,278,18616570,5327180,0,0,392210,0,13173440,172661669257
[E3IMT-CSV] 4,279,18707910,5430870,0,0,401670,0,13172510,173262012877
[E3IMT-CSV] 4,280,18791710,5422430,0,0,400960,0,13255790,173862160717
[E3IMT-CSV] 4,281,18676790,5427600,0,0,405350,0,13140510,174461846527
[E3IMT-CSV] 4,282,18659700,5348790,0,0,402510,0,13199840,175061782417
[E3IMT-CSV] 4,283,18586440,5329550,0,0,402300,0,13148300,175661780677
[E3IMT-CSV] 4,284,18642810,5418870,0,0,390340,0,13104290,176261867017
[E3IMT-CSV] 4,285,8938380,3092000,0,0,116630,0,5760530,176841403657
[E3IMT-CSV] 4,286,18514660,5341040,0,0,414220,0,13070660,177461975477
[E3IMT-CSV] 4,287,18660120,5363740,0,0,397040,0,13185950,178061733367
[E3IMT-CSV] 4,288,16957630,4808130,0,0,336670,0,11901830,178658975357
[E3IMT-CSV] 4,289,21145340,6837550,0,0,445000,0,14189390,179266257017
[E3IMT-CSV] 4,290,18681730,5443290,0,0,402180,0,13135040,179862024917
[E3IMT-CSV] 4,291,18821100,5455310,0,0,396300,0,13258560,180462060557
[E3IMT-CSV] 4,292,18907680,5474970,0,0,397370,0,13326040,181062342477
[E3IMT-CSV] 4,293,18546670,5305450,0,0,480820,0,13131090,181661638007
[E3IMT-CSV] 4,294,18732600,5389700,0,0,402810,0,13236110,182261891937
[E3IMT-CSV] 4,295,18746210,5404790,0,0,397510,0,13243190,182861809967
[E3IMT-CSV] 4,296,18526410,5300810,0,0,401720,0,13124530,183461754357
[E3IMT-CSV] 4,297,18735490,5428970,0,0,414000,0,13197930,184061922077
[E3IMT-CSV] 4,298,18574070,5342410,0,0,397520,0,13122800,184661758837
[E3IMT-CSV] 4,299,18782590,5419920,0,0,412870,0,13252870,185261884957
[E3IMT-CSV] 4,300,12171360,3254070,0,0,252260,0,8828110,185851280107
[E3IMT-CSV] 4,301,15424770,4122610,0,0,194450,0,11206890,186457181067
[E3IMT-CSV] 4,302,8606210,3035280,0,0,117540,0,5486620,187040539407
[E3IMT-CSV] 4,303,19130790,5341270,0,0,549380,0,13531690,187663484997
[E3IMT-CSV] 4,304,18541630,5293610,0,0,471090,0,13143820,188261529097
[E3IMT-CSV] 4,305,18658210,5405260,0,0,403250,0,13139880,188861658757
[E3IMT-CSV] 4,306,18727670,4956640,0,0,359710,0,13661950,189463264797
[E3IMT-CSV] 4,307,17886740,6424750,0,0,302730,0,11319560,190074636977
[E3IMT-CSV] 4,308,13892170,3831410,0,0,297760,0,9789410,190654817307
[E3IMT-CSV] 4,309,18490280,5267390,0,0,453470,0,13110550,191261463757
[E3IMT-CSV] 4,310,18727020,5419480,0,0,402650,0,13208190,191861710627
[E3IMT-CSV] 4,311,18780560,5470950,0,0,400310,0,13204930,192461899167
[E3IMT-CSV] 4,312,9415350,3011210,0,0,117860,0,6317970,193043145327
[E3IMT-CSV] 4,313,20654380,5533000,0,0,510120,0,15008850,193663681827
[E3IMT-CSV] 4,314,18732710,5441850,0,0,391480,0,13191000,194261682257
[E3IMT-CSV] 4,315,20542480,5586440,0,0,498080,0,14844500,194863907227
[E3IMT-CSV] 4,316,16916900,5075060,0,0,301310,0,11745520,195460416307
[E3IMT-CSV] 4,317,13965070,4286530,0,0,447300,0,9577710,196054084567
[E3IMT-CSV] 4,318,15951490,4437700,0,0,313000,0,11264210,196656428187
[E3IMT-CSV] 4,319,14731840,4897380,0,0,455110,0,9735960,197256537007
[E3IMT-CSV] 4,320,8784490,3059100,0,0,120270,0,5640800,197841024257
[E3IMT-CSV] 4,321,18226730,5087900,0,0,477330,0,12876850,198461209927
[E3IMT-CSV] 4,322,18311280,5047230,0,0,541130,0,13159770,199062479077
[E3IMT-CSV] 4,323,18757640,5449150,0,0,384470,0,13203390,199661996787
[E3IMT-CSV] 4,324,18488320,5297720,0,0,406480,0,13088670,200261328117
[E3IMT-CSV] 4,325,18782400,5408360,0,0,398810,0,13270030,200861895247
[E3IMT-CSV] 4,326,8900940,3057340,0,0,121600,0,5757790,201441200077
[E3IMT-CSV] 4,327,18830230,5500550,0,0,389940,0,13227360,202061945387
[E3IMT-CSV] 4,328,18834110,5440770,0,0,399670,0,13283400,202661840547
[E3IMT-CSV] 4,329,9458720,3006390,0,0,115360,0,6366190,203243136627
[E3IMT-CSV] 4,330,11829430,3549470,0,0,117870,0,8193970,203848636167
[E3IMT-CSV] 4,331,18770120,5472900,0,0,391390,0,13195540,204461589187
[E3IMT-CSV] 4,332,18803780,5441760,0,0,405660,0,13255600,205061936177
[E3IMT-CSV] 4,333,17270650,4851820,0,0,341440,0,12157730,205659197367
[E3IMT-CSV] 4,334,17892720,5155340,0,0,377900,0,12639160,206260192677
[E3IMT-CSV] 4,335,18841540,5429920,0,0,393160,0,13313250,206861605487
[E3IMT-CSV] 4,336,18770540,5446000,0,0,398100,0,13221970,207461743387
[E3IMT-CSV] 4,337,18791950,5389490,0,0,400170,0,13304210,208061895617
[E3IMT-CSV] 4,338,18853710,5453050,0,0,400130,0,13295160,208661834547
[E3IMT-CSV] 4,339,9413870,3100240,0,0,156410,0,6223220,209252275057
[E3IMT-CSV] 4,340,13664780,3944690,0,0,288950,0,9618790,209854739507
[E3IMT-CSV] 4,341,9310870,3036220,0,0,116140,0,6188440,210442408057
[E3IMT-CSV] 4,342,17624640,4985410,0,0,551770,0,12539450,211061472797
[E3IMT-CSV] 4,343,14725960,5190970,0,0,294120,0,9437640,211655321597
[E3IMT-CSV] 4,344,18856320,5438610,0,0,398390,0,13313920,212261911087
[E3IMT-CSV] 4,345,18763300,5437280,0,0,395370,0,13217900,212861653617
[E3IMT-CSV] 4,346,8256540,3223340,0,0,118650,0,4946970,213437816907
[E3IMT-CSV] 4,347,18601440,5375920,0,0,388110,0,13115880,214061497917
[E3IMT-CSV] 4,348,17274070,4743180,0,0,495780,0,12277410,214660453977
[E3IMT-CSV] 4,349,18846990,5513150,0,0,400550,0,13230250,215261826117
[E3IMT-CSV] 4,350,17245480,4991180,0,0,350240,0,12154850,215858774407
[E3IMT-CSV] 4,351,18821050,5447230,0,0,405450,0,13264150,216461925157
[E3IMT-CSV] 4,352,18589350,5327630,0,0,404830,0,13161110,217061461587
[E3IMT-CSV] 4,353,18716010,5326040,0,0,401490,0,13291280,217661408777
[E3IMT-CSV] 4,354,18759880,5388120,0,0,399490,0,13271570,218261625177
[E3IMT-CSV] 4,355,18604700,5357870,0,0,494080,0,13142350,218861183347
[E3IMT-CSV] 4,356,18423040,5216210,0,0,398070,0,13105100,219461705017
[E3IMT-CSV] 4,357,17687240,5116370,0,0,387600,0,12472160,220059515737
[E3IMT-CSV] 4,358,18628130,5374970,0,0,395060,0,13149590,220661172447
[E3IMT-CSV] 4,359,18713440,5455960,0,0,397860,0,13150340,221261418557
[E3IMT-CSV] 4,360,20466280,5761680,0,0,485280,0,14592490,221865984987
[E3IMT-CSV] 4,361,9325610,3026910,0,0,116830,0,6212030,222442673907
[E3IMT-CSV] 4,362,8523740,3331950,0,0,121240,0,5105770,223041423747
[E3IMT-CSV] 4,363,16846800,4635610,0,0,391710,0,12106670,223659924967
[E3IMT-CSV] 4,364,18755490,5332940,0,0,409040,0,13326520,224261227767
[E3IMT-CSV] 4,365,18635770,5064880,0,0,384120,0,13261280,224862505177
[E3IMT-CSV] 4,366,18475450,5147390,0,0,641300,0,13225670,225461716977
[E3IMT-CSV] 4,367,18885970,5221920,0,0,377860,0,13561610,226062154717
[E3IMT-CSV] 4,368,18792380,5510450,0,0,401940,0,13181280,226661539747
[E3IMT-CSV] 4,369,18628830,5401840,0,0,400410,0,13113270,227261408157
[E3IMT-CSV] 4,370,8210090,3389830,0,0,117150,0,4734600,227840741307
[E3IMT-CSV] 4,371,18705610,5094940,0,0,558400,0,13338350,228462143727
[E3IMT-CSV] 4,372,20327230,5701210,0,0,484980,0,14518540,229063399077
[E3IMT-CSV] 4,373,18753160,5479050,0,0,403180,0,13170210,229661617977
[E3IMT-CSV] 4,374,18728460,5341190,0,0,399780,0,13281380,230261397947
[E3IMT-CSV] 4,375,18718540,5331520,0,0,393610,0,13291700,230861539517
[E3IMT-CSV] 4,376,18739770,5337760,0,0,409900,0,13304450,231461628137
[E3IMT-CSV] 4,377,22094370,6438840,0,0,653150,0,15548510,232073647647
[E3IMT-CSV] 4,378,17056750,4941630,0,0,349440,0,12018530,232661187237
[E3IMT-CSV] 4,379,18856790,5215760,0,0,545570,0,13359340,233262556587
[E3IMT-CSV] 4,380,15598030,3683190,0,0,639820,0,11819550,233855355707
[E3IMT-CSV] 4,381,18825160,5398740,0,0,408970,0,13328860,234461481917
[E3IMT-CSV] 4,382,18572070,5310150,0,0,401260,0,13162160,235061231617
[E3IMT-CSV] 4,383,18828830,5429870,0,0,397970,0,13300450,235661649977
[E3IMT-CSV] 4,384,18757400,5386120,0,0,415130,0,13274650,236261292147
[E3IMT-CSV] 4,385,18678850,5191050,0,0,383160,0,13180710,236862262357
[E3IMT-CSV] 4,386,18385560,5090820,0,0,575960,0,13193480,237461480587
[E3IMT-CSV] 4,387,24735700,6344260,0,0,572310,0,18278830,238069655677
[E3IMT-CSV] 4,388,9084510,3090560,0,0,123720,0,5744710,238640410737
[E3IMT-CSV] 4,389,18642730,5186820,0,0,396600,0,13182570,239262097197
[E3IMT-CSV] 4,390,18994030,5441150,0,0,395130,0,13449990,239862083747
[E3IMT-CSV] 4,391,18875830,5472510,0,0,389590,0,13301860,240461646777
[E3IMT-CSV] 4,392,18732170,5378160,0,0,403660,0,13250810,241061279307
[E3IMT-CSV] 4,393,17330660,5048970,0,0,456820,0,12186320,241664159837
[E3IMT-CSV] 4,394,18842950,5364510,0,0,395820,0,13370760,242261547497
[E3IMT-CSV] 4,395,10023830,3147990,0,0,162700,0,6780620,242844540357
[E3IMT-CSV] 4,396,18584630,5368020,0,0,390340,0,13114490,243462032347
[E3IMT-CSV] 4,397,18311270,5294140,0,0,488780,0,12908570,244060703217
[E3IMT-CSV] 4,398,18599480,5391110,0,0,405800,0,13109770,244661009307
[E3IMT-CSV] 4,399,18761710,5446790,0,0,545440,0,13209390,245261733547
[E3IMT-CSV] 4,400,18991250,5314510,0,0,380400,0,13578000,245862021567
[E3IMT-CSV] 4,401,18825800,5368650,0,0,409810,0,13354210,246461466927
[E3IMT-CSV] 4,402,9757700,3090370,0,0,115840,0,6342010,247042506377
[E3IMT-CSV] 4,403,18690990,5364900,0,0,398620,0,13228150,247660985087
[E3IMT-CSV] 4,404,19402480,5613370,0,0,428720,0,13680240,248262007757
[E3IMT-CSV] 4,405,18717530,5360240,0,0,400410,0,13258080,248861064247
[E3IMT-CSV] 4,406,18690510,5341880,0,0,401670,0,13248400,249461172937
[E3IMT-CSV] 4,407,19475040,6091970,0,0,399470,0,13087030,250063959167
[E3IMT-CSV] 4,408,16897820,5134700,0,0,295430,0,11664130,250660128977
[E3IMT-CSV] 4,409,11389630,3404140,0,0,117210,0,7897190,251248117107
[E3IMT-CSV] 4,410,18410030,5059800,0,0,577670,0,13244990,251861446197
[E3IMT-CSV] 4,411,18432450,5314720,0,0,642350,0,13016810,252461193277
[E3IMT-CSV] 4,412,18343410,5292180,0,0,394590,0,12949300,253060787497
[E3IMT-CSV] 4,413,18421750,5051990,0,0,453690,0,13088880,253661700707
[E3IMT-CSV] 4,414,18408300,5283090,0,0,635420,0,13019010,254261163097
[E3IMT-CSV] 4,415,18439260,5090230,0,0,638990,0,13068660,254861170177
[E3IMT-CSV] 4,416,18285690,4871710,0,0,379880,0,13128500,255461395367
[E3IMT-CSV] 4,417,18408410,5105220,0,0,578680,0,13200710,256061385857
[E3IMT-CSV] 4,418,18287150,5070400,0,0,554860,0,13116170,256661101267
[E3IMT-CSV] 4,419,18211160,5078290,0,0,549720,0,13028790,257260960007
[E3IMT-CSV] 4,420,24505210,6551420,0,0,519960,0,17839430,257871532397
[E3IMT-CSV] 4,421,18591630,5134180,0,0,386910,0,13197620,258461325127
[E3IMT-CSV] 4,422,18586250,5306530,0,0,400990,0,13172190,259061213827
[E3IMT-CSV] 4,423,18571360,5417980,0,0,385280,0,13054080,259661141477
[E3IMT-CSV] 4,424,18656940,5184170,0,0,549190,0,13206500,260261449507
[E3IMT-CSV] 4,425,18676060,5341040,0,0,393280,0,13236350,260861065417
[E3IMT-CSV] 4,426,18832690,5371440,0,0,404820,0,13360620,261461371097
[E3IMT-CSV] 4,427,18751930,5397930,0,0,395610,0,13255830,262061187637
[E3IMT-CSV] 4,428,17881860,5197110,0,0,382340,0,12581110,262659508267
[E3IMT-CSV] 4,429,25940030,7086540,0,0,724750,0,18547300,263274438537
[E3IMT-CSV] 4,430,18777010,5373830,0,0,400330,0,13295270,263861370187
[E3IMT-CSV] 4,431,18829170,5440440,0,0,402070,0,13288600,264461321997
[E3IMT-CSV] 4,432,18676160,5384150,0,0,397480,0,13191940,265061104247
[E3IMT-CSV] 4,433,18882060,5225820,0,0,372100,0,13555110,265661680227
[E3IMT-CSV] 4,434,18831770,5389390,0,0,394080,0,13304530,266261104027
[E3IMT-CSV] 4,435,15002740,4893330,0,0,490300,0,10010340,266855861387
[E3IMT-CSV] 4,436,18699010,5416350,0,0,402250,0,13173970,267461268337
[E3IMT-CSV] 4,437,18639940,5346340,0,0,411820,0,13184610,268060874307
[E3IMT-CSV] 4,438,18393670,5111380,0,0,440250,0,12997450,268661449677
[E3IMT-CSV] 4,439,17965760,4950590,0,0,364370,0,12911990,269261396997
[E3IMT-CSV] 4,440,18427140,5102170,0,0,647920,0,13223820,269861253907
[E3IMT-CSV] 4,441,18585410,5340990,0,0,390070,0,13142450,270461039167
[E3IMT-CSV] 4,442,18470900,5149740,0,0,409170,0,13022980,271061462087
[E3IMT-CSV] 4,443,18479350,5113860,0,0,650640,0,13255780,271661254597
[E3IMT-CSV] 4,444,14830340,4696390,0,0,315210,0,9866860,272255620917
[E3IMT-CSV] 4,445,18601570,5285130,0,0,594010,0,13215800,272861556527
[E3IMT-CSV] 4,446,18431120,5322430,0,0,638860,0,13009810,273461011907
[E3IMT-CSV] 4,447,18202400,5036440,0,0,570780,0,13065410,274060860637
[E3IMT-CSV] 4,448,18377670,5306500,0,0,558210,0,12962100,274660727187
[E3IMT-CSV] 4,449,18809620,5450020,0,0,400890,0,13253340,275261401147
[E3IMT-CSV] 4,450,18527710,5257490,0,0,462840,0,13167880,275860757237
[E3IMT-CSV] 4,451,18310480,5259130,0,0,496960,0,12942550,276460266357
[E3IMT-CSV] 4,452,18988220,5477100,0,0,388990,0,13406920,277061760557
[E3IMT-CSV] 4,453,18657030,5207040,0,0,384380,0,13331510,277662518027
[E3IMT-CSV] 4,454,18173380,5001460,0,0,449360,0,13062040,278261503137
[E3IMT-CSV] 4,455,18617340,5177500,0,0,601440,0,13336640,278861533287
[E3IMT-CSV] 4,456,18196000,5042480,0,0,572390,0,12877550,279460560697
[E3IMT-CSV] 4,457,18320390,5086310,0,0,375050,0,13133900,280061127237
[E3IMT-CSV] 4,458,18485500,5122730,0,0,407720,0,13254520,280662186047
[E3IMT-CSV] 4,459,25955160,6833220,0,0,783970,0,19011250,281270934847
[E3IMT-CSV] 4,460,13872620,3872040,0,0,286290,0,9902200,281853694887
[E3IMT-CSV] 4,461,17953960,5173270,0,0,379000,0,12682330,282459516587
[E3IMT-CSV] 4,462,18601850,5351110,0,0,395020,0,13148430,283060933237
[E3IMT-CSV] 4,463,18913630,5367220,0,0,393120,0,13435690,283661509587
[E3IMT-CSV] 4,464,18709360,5347820,0,0,408220,0,13263490,284260902297
[E3IMT-CSV] 4,465,18633790,5333050,0,0,407480,0,13193200,284860778567
[E3IMT-CSV] 4,466,8121400,3230380,0,0,121330,0,4804960,285436856147
[E3IMT-CSV] 4,467,18531530,5526670,0,0,390410,0,12902540,286063844967
[E3IMT-CSV] 4,468,7713490,3064890,0,0,120340,0,4556800,286636717697
[E3IMT-CSV] 4,469,18490520,5119770,0,0,531980,0,13104550,287260994557
[E3IMT-CSV] 4,470,19037830,5503340,0,0,395850,0,13425410,287862401527
[E3IMT-CSV] 4,471,18616790,5383650,0,0,405790,0,13131130,288460688127
[E3IMT-CSV] 4,472,17860030,5020980,0,0,366460,0,12583130,289059805257
[E3IMT-CSV] 4,473,18970530,5208380,0,0,386100,0,13381070,289662511677
[E3IMT-CSV] 4,474,18304510,5092960,0,0,365850,0,12943180,290261203877
[E3IMT-CSV] 4,475,20027910,5440160,0,0,614540,0,14476020,290865177897
[E3IMT-CSV] 4,476,18543800,5120360,0,0,584750,0,13324690,291461255617
[E3IMT-CSV] 4,477,18531720,5090410,0,0,549290,0,13178970,292060998357
[E3IMT-CSV] 4,478,18637190,5455730,0,0,391900,0,13084760,292660609687
[E3IMT-CSV] 4,479,18742770,5473450,0,0,388660,0,13167210,293261042807
[E3IMT-CSV] 4,480,18755500,5351740,0,0,400030,0,13300160,293860860897
[E3IMT-CSV] 4,481,18591520,5353520,0,0,407480,0,13137380,294460526917
[E3IMT-CSV] 4,482,18610260,5324320,0,0,391960,0,13183780,295060885067
[E3IMT-CSV] 4,483,18685750,5387070,0,0,403100,0,13188050,295660935537
[E3IMT-CSV] 4,484,13218910,3328500,0,0,297210,0,9780110,296253398137
[E3IMT-CSV] 4,485,18639010,5335010,0,0,404500,0,13198570,296860889147
[E3IMT-CSV] 4,486,17666830,4728200,0,0,359580,0,12635710,297459877107
[E3IMT-CSV] 4,487,16748060,4705840,0,0,459590,0,11771910,298057700407
[E3IMT-CSV] 4,488,18332060,5237450,0,0,562260,0,12987910,298660487357
[E3IMT-CSV] 4,489,17916670,4828830,0,0,460290,0,12796850,299260241367
[E3IMT-CSV] 4,490,18255300,5233040,0,0,557240,0,12914890,299860394467
[E3IMT-CSV] 4,491,14310380,4338510,0,0,347500,0,9868700,300454203597
[E3IMT-CSV] 4,492,19268670,5364770,0,0,409250,0,13799650,301063767137
[E3IMT-CSV] 4,493,18268100,5041240,0,0,570960,0,13123050,301660710897
[E3IMT-CSV] 4,494,17369730,5010100,0,0,333610,0,12261900,302258559357
[E3IMT-CSV] 4,495,12031780,3372100,0,0,118710,0,8572580,302848333657
[E3IMT-CSV] 4,496,18305290,5248160,0,0,555760,0,12953580,303460439697
[E3IMT-CSV] 4,497,8229010,3256780,0,0,118410,0,4883140,304037088037
[E3IMT-CSV] 4,498,13956480,4278040,0,0,458790,0,9533330,304652479847
[E3IMT-CSV] 4,499,18983620,4949690,0,0,531640,0,13766780,305262360777
[E3IMT-SUMMARY] chain_len=4 e2e_avg=17624862 publish_avg=5096665 gc_trigger_avg=0 invoke_cb_avg=0 getnext_avg=404023 take_data_avg=0 sched_avg=12402114 dispatch_avg=155559160805

*** FATAL ***
fatal source: 9 (RTEMS_FATAL_SOURCE_EXCEPTION)

R0   = 0x01596b88 R8  = 0x00000000
R1   = 0x00000000 R9  = 0x00000000
R2   = 0x00000010 R10 = 0x00000000
R3   = 0x01596c88 R11 = 0x00000000
R4   = 0x00c00c88 R12 = 0x01596c88
R5   = 0x0030e0e9 SP  = 0x01596b78
R6   = 0x00000000 LR  = 0x00000000
R7   = 0x01596b78 PC  = 0x0030e170
CPSR = 0x600d0173 VEC = 0x00000001
FPEXC = 0x40000000
FPSCR = 0x20000010
D00 = 0x0000000000000000
D01 = 0x0000000000000001
D02 = 0x0000000000000000
D03 = 0x0000000000000000
D04 = 0x0000000000000000
D05 = 0x0000000000000000
D06 = 0x00abe0dc00abe0dc
D07 = 0x000186a00061a800
D08 = 0x0000000000000000
D09 = 0x0000000000000000
D10 = 0x0000000000000000
D11 = 0x0000000000000000
D12 = 0x0000000000000000
D13 = 0x0000000000000000
D14 = 0x0000000000000000
D15 = 0x0000000000000000
D16 = 0x0000000000000000
D17 = 0x0000000000000000
D18 = 0x0000000000000000
D19 = 0x0000000000000000
D20 = 0x00abe33400abe320
D21 = 0x00abe36400abe348
D22 = 0x00abe27c00abe26c
D23 = 0x00abe29c00abe28c
D24 = 0x00abe23c00abe22c
D25 = 0x00abe25c00abe24c
D26 = 0x00abe1c800abe1a0
D27 = 0x00abe20800abe1ec
D28 = 0x00abe14800abe118
D29 = 0x00abe18000abe164
D30 = 0x00abe60000abe600
D31 = 0x00abe10c00abe100
RTEMS version: 6.1.0.not-released
RTEMS tools: 13.3.0 20240521 (RTEMS 6, RSB no-repo, Newlib 1b3dcfd)
executing thread ID: 0x0a010001
executing thread name: UI1 
