
RTEMS Shell on /dev/console. Use 'help' to list commands.
SHLL [/] # nexus0: <RTEMS Nexus device>
info: lo0: link state changed to UP
=== Exp3inter-ROSRT: Task Chain (n=5) NoExecutor ===
Period: 200ms, Rounds: 500
[E3IROSRT-CSV] chain_len,round,e2e_ns,publish_ns,gc_trigger_ns,invoke_cb_ns,getnext_ns,take_data_ns,sched_ns,dispatch_ns
666666
CPP Msg not nullptr
CPP Msg not nullptr
CPP Msg not nullptr
CPP Msg not nullptr
C Msg not NULL
C Msg not NULL
CPP Srv not nullptr
CPP Srv not nullptr
CPP Srv not nullptr
CPP Srv not nullptr
CPP Srv not nullptr
CPP Srv not nullptr
CPP Msg not nullptr
CPP Msg not nullptr
CPP Msg not nullptr
CPP Msg not nullptr
CPP Msg not nullptr
CPP Msg not nullptr
[33m[WARN] [0567993600.553041189] [rclcpp]: Calling set_on_new_intra_process_message_callback for subscription with IPC disabled[0m
C Msg not NULL
C Msg not NULL
CPP Srv not nullptr
CPP Srv not nullptr
CPP Srv not nullptr
CPP Srv not nullptr
CPP Srv not nullptr
CPP Srv not nullptr
CPP Msg not nullptr
CPP Msg not nullptr
CPP Msg not nullptr
CPP Msg not nullptr
CPP Msg not nullptr
CPP Msg not nullptr
CPP Msg not nullptr
CPP Msg not nullptr
[33m[WARN] [0567993600.783520669] [rclcpp]: Calling set_on_new_intra_process_message_callback for subscription with IPC disabled[0m
[33m[WARN] [0567993600.785101539] [rclcpp]: Calling set_on_new_intra_process_message_callback for subscription with IPC disabled[0m
C Msg not NULL
C Msg not NULL
CPP Srv not nullptr
CPP Srv not nullptr
CPP Srv not nullptr
CPP Srv not nullptr
CPP Srv not nullptr
CPP Srv not nullptr
CPP Msg not nullptr
CPP Msg not nullptr
CPP Msg not nullptr
CPP Msg not nullptr
CPP Msg not nullptr
CPP Msg not nullptr
CPP Msg not nullptr
CPP Msg not nullptr
[33m[WARN] [0567993600.868588699] [rclcpp]: Calling set_on_new_intra_process_message_callback for subscription with IPC disabled[0m
[33m[WARN] [0567993600.869063719] [rclcpp]: Calling set_on_new_intra_process_message_callback for subscription with IPC disabled[0m
C Msg not NULL
C Msg not NULL
CPP Srv not nullptr
CPP Srv not nullptr
CPP Srv not nullptr
CPP Srv not nullptr
CPP Srv not nullptr
CPP Srv not nullptr
CPP Msg not nullptr
CPP Msg not nullptr
CPP Msg not nullptr
CPP Msg not nullptr
CPP Msg not nullptr
CPP Msg not nullptr
CPP Msg not nullptr
CPP Msg not nullptr
[33m[WARN] [0567993600.956020689] [rclcpp]: Calling set_on_new_intra_process_message_callback for subscription with IPC disabled[0m
[33m[WARN] [0567993600.956404989] [rclcpp]: Calling set_on_new_intra_process_message_callback for subscription with IPC disabled[0m
C Msg not NULL
C Msg not NULL
CPP Srv not nullptr
CPP Srv not nullptr
CPP Srv not nullptr
CPP Srv not nullptr
CPP Srv not nullptr
CPP Srv not nullptr
CPP Msg not nullptr
CPP Msg not nullptr
CPP Msg not nullptr
CPP Msg not nullptr
CPP Msg not nullptr
CPP Msg not nullptr
[33m[WARN] [0567993601.045219569] [rclcpp]: Calling set_on_new_intra_process_message_callback for subscription with IPC disabled[0m
[33m[WARN] [0567993601.045612099] [rclcpp]: Calling set_on_new_intra_process_message_callback for subscription with IPC disabled[0m
[E3IROSRT-CSV] 5,0,6662450,1964290,0,0,0,0,6443030,0
[E3IROSRT-CSV] 5,1,14601200,9657980,0,0,0,0,4834800,0
[E3IROSRT-CSV] 5,2,14382380,9800130,0,0,0,0,4477570,0
[E3IROSRT-CSV] 5,3,14853910,10166210,0,0,0,0,4565690,0
[E3IROSRT-CSV] 5,4,16580530,11225950,0,0,0,0,5237620,0
[E3IROSRT-CSV] 5,5,14521530,9788440,0,0,0,0,4618510,0
[E3IROSRT-CSV] 5,6,16079470,11033780,0,0,0,0,4765330,0
[E3IROSRT-CSV] 5,7,14680390,10073630,0,0,0,0,4508340,0
[E3IROSRT-CSV] 5,8,14011850,9510770,0,0,0,0,4405000,0
[E3IROSRT-CSV] 5,9,14720700,10054790,0,0,0,0,4557450,0
[E3IROSRT-CSV] 5,10,14630050,9836180,0,0,0,0,4495740,0
[E3IROSRT-CSV] 5,11,8826960,6440860,0,0,0,0,2307750,0
[E3IROSRT-CSV] 5,12,14511760,10009440,0,0,0,0,4402350,0
[E3IROSRT-CSV] 5,13,14374930,9790820,0,0,0,0,4485880,0
[E3IROSRT-CSV] 5,14,14316280,9920220,0,0,0,0,4297280,0
[E3IROSRT-CSV] 5,15,14636020,9860610,0,0,0,0,4678780,0
[E3IROSRT-CSV] 5,16,15144730,10728470,0,0,0,0,4318800,0
[E3IROSRT-CSV] 5,17,14520090,9847550,0,0,0,0,4575580,0
[E3IROSRT-CSV] 5,18,14309190,9945900,0,0,0,0,4251400,0
[E3IROSRT-CSV] 5,19,21186750,14055220,0,0,0,0,6976980,0
[E3IROSRT-CSV] 5,20,10488590,7142980,0,0,0,0,3257950,0
[E3IROSRT-CSV] 5,21,15604850,11094120,0,0,0,0,4410350,0
[E3IROSRT-CSV] 5,22,15798810,10929290,0,0,0,0,4758650,0
[E3IROSRT-CSV] 5,23,14245610,9718770,0,0,0,0,4431830,0
[E3IROSRT-CSV] 5,24,14142120,9633620,0,0,0,0,4405040,0
[E3IROSRT-CSV] 5,25,14190150,9616710,0,0,0,0,4478740,0
[E3IROSRT-CSV] 5,26,15311240,10782460,0,0,0,0,4430060,0
[E3IROSRT-CSV] 5,27,14582060,9982460,0,0,0,0,4496810,0
[E3IROSRT-CSV] 5,28,8921680,6468840,0,0,0,0,2376710,0
[E3IROSRT-CSV] 5,29,15727410,10586430,0,0,0,0,4878930,0
[E3IROSRT-CSV] 5,30,12319100,8982190,0,0,0,0,3201260,0
[E3IROSRT-CSV] 5,31,8208500,6352010,0,0,0,0,1762690,0
[E3IROSRT-CSV] 5,32,12893180,8711570,0,0,0,0,4077930,0
[E3IROSRT-CSV] 5,33,14532300,10006160,0,0,0,0,4409800,0
[E3IROSRT-CSV] 5,34,14489030,10036840,0,0,0,0,4352390,0
[E3IROSRT-CSV] 5,35,14222180,9312030,0,0,0,0,4660710,0
[E3IROSRT-CSV] 5,36,14234360,9668680,0,0,0,0,4468510,0
[E3IROSRT-CSV] 5,37,14676690,10065480,0,0,0,0,4510460,0
[E3IROSRT-CSV] 5,38,14278730,9907360,0,0,0,0,4273760,0
[E3IROSRT-CSV] 5,39,7790270,5784180,0,0,0,0,1924370,0
[E3IROSRT-CSV] 5,40,14686940,10099860,0,0,0,0,4483830,0
[E3IROSRT-CSV] 5,41,14588830,10010670,0,0,0,0,4473480,0
[E3IROSRT-CSV] 5,42,14704330,10055990,0,0,0,0,4525310,0
[E3IROSRT-CSV] 5,43,14735260,10090700,0,0,0,0,4538940,0
[E3IROSRT-CSV] 5,44,15075520,10501340,0,0,0,0,4469940,0
[E3IROSRT-CSV] 5,45,14595460,10027220,0,0,0,0,4473260,0
[E3IROSRT-CSV] 5,46,14595200,9965310,0,0,0,0,4534450,0
[E3IROSRT-CSV] 5,47,14610610,9872180,0,0,0,0,4641010,0
[E3IROSRT-CSV] 5,48,14803630,10134180,0,0,0,0,4569720,0
[E3IROSRT-CSV] 5,49,7524560,5360360,0,0,0,0,1905010,0
[E3IROSRT-CSV] 5,50,14539090,9782640,0,0,0,0,4659500,0
[E3IROSRT-CSV] 5,51,8913290,6460740,0,0,0,0,2374420,0
[E3IROSRT-CSV] 5,52,14708630,10093310,0,0,0,0,4512930,0
[E3IROSRT-CSV] 5,53,14760520,9934010,0,0,0,0,4729390,0
[E3IROSRT-CSV] 5,54,14312930,9921950,0,0,0,0,4290080,0
[E3IROSRT-CSV] 5,55,14517380,9807590,0,0,0,0,4609930,0
[E3IROSRT-CSV] 5,56,14629300,10034480,0,0,0,0,4496520,0
[E3IROSRT-CSV] 5,57,14622820,9813260,0,0,0,0,4708280,0
[E3IROSRT-CSV] 5,58,14630250,9857890,0,0,0,0,4674260,0
[E3IROSRT-CSV] 5,59,14991870,10260230,0,0,0,0,4606950,0
[E3IROSRT-CSV] 5,60,14788240,10138150,0,0,0,0,4550650,0
[E3IROSRT-CSV] 5,61,14874770,10225460,0,0,0,0,4549660,0
[E3IROSRT-CSV] 5,62,8067830,6058470,0,0,0,0,1928860,0
[E3IROSRT-CSV] 5,63,14730560,10121590,0,0,0,0,4506480,0
[E3IROSRT-CSV] 5,64,14542190,9787050,0,0,0,0,4657710,0
[E3IROSRT-CSV] 5,65,14654080,10022590,0,0,0,0,4523550,0
[E3IROSRT-CSV] 5,66,14541180,9839860,0,0,0,0,4604870,0
[E3IROSRT-CSV] 5,67,14195550,9456360,0,0,0,0,4632410,0
[E3IROSRT-CSV] 5,68,14701220,9902270,0,0,0,0,4693830,0
[E3IROSRT-CSV] 5,69,14307300,9752840,0,0,0,0,4459330,0
[E3IROSRT-CSV] 5,70,14709630,10072660,0,0,0,0,4540200,0
[E3IROSRT-CSV] 5,71,14590420,10044450,0,0,0,0,4446360,0
[E3IROSRT-CSV] 5,72,15244140,10688370,0,0,0,0,4453700,0
[E3IROSRT-CSV] 5,73,14760360,10103160,0,0,0,0,4557200,0
[E3IROSRT-CSV] 5,74,14630970,10044940,0,0,0,0,4487040,0
[E3IROSRT-CSV] 5,75,14755470,10142590,0,0,0,0,4510050,0
[E3IROSRT-CSV] 5,76,14654960,10099510,0,0,0,0,4457680,0
[E3IROSRT-CSV] 5,77,14320810,9976550,0,0,0,0,4238150,0
[E3IROSRT-CSV] 5,78,14686350,10084370,0,0,0,0,4499710,0
[E3IROSRT-CSV] 5,79,14889870,10234280,0,0,0,0,4552840,0
[E3IROSRT-CSV] 5,80,14940800,10241510,0,0,0,0,4592470,0
[E3IROSRT-CSV] 5,81,14762790,10066300,0,0,0,0,4596570,0
[E3IROSRT-CSV] 5,82,14296530,9932890,0,0,0,0,4265830,0
[E3IROSRT-CSV] 5,83,14690210,9894370,0,0,0,0,4692410,0
[E3IROSRT-CSV] 5,84,14971190,10220300,0,0,0,0,4646320,0
[E3IROSRT-CSV] 5,85,14745580,10155230,0,0,0,0,4492430,0
[E3IROSRT-CSV] 5,86,14680100,10039320,0,0,0,0,4541640,0
[E3IROSRT-CSV] 5,87,14698330,10088940,0,0,0,0,4509010,0
[E3IROSRT-CSV] 5,88,14794300,10173840,0,0,0,0,4517590,0
[E3IROSRT-CSV] 5,89,14622420,9824660,0,0,0,0,4692830,0
[E3IROSRT-CSV] 5,90,7833840,5874940,0,0,0,0,1881120,0
[E3IROSRT-CSV] 5,91,14769410,10144490,0,0,0,0,4524000,0
[E3IROSRT-CSV] 5,92,14735350,10115310,0,0,0,0,4519320,0
[E3IROSRT-CSV] 5,93,8830590,6369030,0,0,0,0,2382920,0
[E3IROSRT-CSV] 5,94,14673350,10006430,0,0,0,0,4567720,0
[E3IROSRT-CSV] 5,95,14090600,9582450,0,0,0,0,4400680,0
[E3IROSRT-CSV] 5,96,14786240,10150760,0,0,0,0,4536090,0
[E3IROSRT-CSV] 5,97,14635220,9871140,0,0,0,0,4659870,0
[E3IROSRT-CSV] 5,98,14750840,10083770,0,0,0,0,4568720,0
[E3IROSRT-CSV] 5,99,14787780,9936210,0,0,0,0,4753540,0
[E3IROSRT-CSV] 5,100,15260520,10688820,0,0,0,0,4474660,0
[E3IROSRT-CSV] 5,101,14546540,9797760,0,0,0,0,4642450,0
[E3IROSRT-CSV] 5,102,14654370,10284780,0,0,0,0,4268350,0
[E3IROSRT-CSV] 5,103,11071410,7965770,0,0,0,0,3017140,0
[E3IROSRT-CSV] 5,104,9385350,6362910,0,0,0,0,2934830,0
[E3IROSRT-CSV] 5,105,2703280,1836690,0,0,0,0,840400,0
[E3IROSRT-CSV] 5,106,9522720,6370900,0,0,0,0,3072540,0
[E3IROSRT-CSV] 5,107,7507650,5290240,0,0,0,0,2116600,0
[E3IROSRT-CSV] 5,108,14978920,10141470,0,0,0,0,4543420,0
[E3IROSRT-CSV] 5,109,14183550,9685850,0,0,0,0,4400480,0
[E3IROSRT-CSV] 5,110,16106550,10844100,0,0,0,0,5160670,0
[E3IROSRT-CSV] 5,111,14947930,10324540,0,0,0,0,4525700,0
[E3IROSRT-CSV] 5,112,14650270,9842470,0,0,0,0,4710970,0
[E3IROSRT-CSV] 5,113,14661200,10077420,0,0,0,0,4485650,0
[E3IROSRT-CSV] 5,114,14926770,10229790,0,0,0,0,4597290,0
[E3IROSRT-CSV] 5,115,14717500,10175780,0,0,0,0,4443920,0
[E3IROSRT-CSV] 5,116,14860490,10177720,0,0,0,0,4583740,0
[E3IROSRT-CSV] 5,117,14804600,10156800,0,0,0,0,4549130,0
[E3IROSRT-CSV] 5,118,14688490,10065420,0,0,0,0,4521740,0
[E3IROSRT-CSV] 5,119,15000540,10293170,0,0,0,0,4608840,0
[E3IROSRT-CSV] 5,120,14810000,10211450,0,0,0,0,4501610,0
[E3IROSRT-CSV] 5,121,14791970,10143450,0,0,0,0,4551530,0
[E3IROSRT-CSV] 5,122,14918490,10251900,0,0,0,0,4568520,0
[E3IROSRT-CSV] 5,123,14598880,10046300,0,0,0,0,4450840,0
[E3IROSRT-CSV] 5,124,14585800,9837570,0,0,0,0,4654920,0
[E3IROSRT-CSV] 5,125,14976610,10341070,0,0,0,0,4536720,0
[E3IROSRT-CSV] 5,126,14840670,10138310,0,0,0,0,4605920,0
[E3IROSRT-CSV] 5,127,14784550,10200200,0,0,0,0,4487230,0
[E3IROSRT-CSV] 5,128,15716930,11026440,0,0,0,0,4588320,0
[E3IROSRT-CSV] 5,129,14941860,10254230,0,0,0,0,4586400,0
[E3IROSRT-CSV] 5,130,14822730,10095010,0,0,0,0,4630550,0
[E3IROSRT-CSV] 5,131,14788790,10152960,0,0,0,0,4532110,0
[E3IROSRT-CSV] 5,132,14780040,10164030,0,0,0,0,4519810,0
[E3IROSRT-CSV] 5,133,14774470,10173410,0,0,0,0,4502120,0
[E3IROSRT-CSV] 5,134,14838380,10240730,0,0,0,0,4496400,0
[E3IROSRT-CSV] 5,135,7961660,5975770,0,0,0,0,1905540,0
[E3IROSRT-CSV] 5,136,14649100,9864220,0,0,0,0,4686760,0
[E3IROSRT-CSV] 5,137,14828780,10162480,0,0,0,0,4567930,0
[E3IROSRT-CSV] 5,138,14731380,10118090,0,0,0,0,4505920,0
[E3IROSRT-CSV] 5,139,14989310,10261270,0,0,0,0,4629280,0
[E3IROSRT-CSV] 5,140,14730920,9907990,0,0,0,0,4717900,0
[E3IROSRT-CSV] 5,141,14513410,9820690,0,0,0,0,4599090,0
[E3IROSRT-CSV] 5,142,14732740,10053500,0,0,0,0,4581450,0
[E3IROSRT-CSV] 5,143,14803960,10116310,0,0,0,0,4587350,0
[E3IROSRT-CSV] 5,144,16123820,11041500,0,0,0,0,4977810,0
[E3IROSRT-CSV] 5,145,16116040,10983340,0,0,0,0,5029960,0
[E3IROSRT-CSV] 5,146,14248100,9486270,0,0,0,0,4500980,0
[E3IROSRT-CSV] 5,147,14583180,9884640,0,0,0,0,4602100,0
[E3IROSRT-CSV] 5,148,14613160,9916000,0,0,0,0,4599850,0
[E3IROSRT-CSV] 5,149,14525000,9487790,0,0,0,0,4929590,0
[E3IROSRT-CSV] 5,150,14630870,9993310,0,0,0,0,4541470,0
[E3IROSRT-CSV] 5,151,14185840,9645990,0,0,0,0,4443460,0
[E3IROSRT-CSV] 5,152,14641580,10044620,0,0,0,0,4499880,0
[E3IROSRT-CSV] 5,153,14774040,10115000,0,0,0,0,4556060,0
[E3IROSRT-CSV] 5,154,14686100,10074830,0,0,0,0,4512170,0
[E3IROSRT-CSV] 5,155,14626050,10013240,0,0,0,0,4507590,0
[E3IROSRT-CSV] 5,156,15278110,10860010,0,0,0,0,4318110,0
[E3IROSRT-CSV] 5,157,14656150,9847220,0,0,0,0,4713550,0
[E3IROSRT-CSV] 5,158,14799490,10152700,0,0,0,0,4545200,0
[E3IROSRT-CSV] 5,159,14640910,10053450,0,0,0,0,4489460,0
[E3IROSRT-CSV] 5,160,14577540,9786940,0,0,0,0,4693240,0
[E3IROSRT-CSV] 5,161,14673450,10082330,0,0,0,0,4492750,0
[E3IROSRT-CSV] 5,162,14365600,9751190,0,0,0,0,4518180,0
[E3IROSRT-CSV] 5,163,14617400,10037420,0,0,0,0,4479810,0
[E3IROSRT-CSV] 5,164,14579960,9836760,0,0,0,0,4645540,0
[E3IROSRT-CSV] 5,165,14611850,9809390,0,0,0,0,4702130,0
[E3IROSRT-CSV] 5,166,14590010,9806340,0,0,0,0,4684890,0
[E3IROSRT-CSV] 5,167,14849140,9953930,0,0,0,0,4800710,0
[E3IROSRT-CSV] 5,168,14693610,10063580,0,0,0,0,4529410,0
[E3IROSRT-CSV] 5,169,14535300,9790260,0,0,0,0,4648840,0
[E3IROSRT-CSV] 5,170,14633660,9871430,0,0,0,0,4668060,0
[E3IROSRT-CSV] 5,171,14560170,9801430,0,0,0,0,4661380,0
[E3IROSRT-CSV] 5,172,14637140,9836660,0,0,0,0,4703910,0
[E3IROSRT-CSV] 5,173,14574920,9800970,0,0,0,0,4678940,0
[E3IROSRT-CSV] 5,174,14231020,9462740,0,0,0,0,4671640,0
[E3IROSRT-CSV] 5,175,14685820,10070570,0,0,0,0,4508180,0
[E3IROSRT-CSV] 5,176,14849930,10125910,0,0,0,0,4621070,0
[E3IROSRT-CSV] 5,177,14639150,9909280,0,0,0,0,4636780,0
[E3IROSRT-CSV] 5,178,14723020,9951500,0,0,0,0,4677830,0
[E3IROSRT-CSV] 5,179,14263950,9736610,0,0,0,0,4431210,0
[E3IROSRT-CSV] 5,180,14975940,10291860,0,0,0,0,4582050,0
[E3IROSRT-CSV] 5,181,14724980,10123160,0,0,0,0,4500910,0
[E3IROSRT-CSV] 5,182,14728390,9857910,0,0,0,0,4775260,0
[E3IROSRT-CSV] 5,183,14706070,10080050,0,0,0,0,4526520,0
[E3IROSRT-CSV] 5,184,15323960,10715430,0,0,0,0,4510270,0
[E3IROSRT-CSV] 5,185,14608590,9853510,0,0,0,0,4656160,0
[E3IROSRT-CSV] 5,186,14677220,10072220,0,0,0,0,4507680,0
[E3IROSRT-CSV] 5,187,14069240,9602230,0,0,0,0,4370810,0
[E3IROSRT-CSV] 5,188,14553290,9793970,0,0,0,0,4665040,0
[E3IROSRT-CSV] 5,189,14859820,10204770,0,0,0,0,4560240,0
[E3IROSRT-CSV] 5,190,14915980,10290050,0,0,0,0,4525430,0
[E3IROSRT-CSV] 5,191,14555150,9794620,0,0,0,0,4665500,0
[E3IROSRT-CSV] 5,192,14571800,9816560,0,0,0,0,4657250,0
[E3IROSRT-CSV] 5,193,14738400,10050700,0,0,0,0,4591180,0
[E3IROSRT-CSV] 5,194,14697820,9894070,0,0,0,0,4707020,0
[E3IROSRT-CSV] 5,195,14643890,9850590,0,0,0,0,4694500,0
[E3IROSRT-CSV] 5,196,14665540,10032530,0,0,0,0,4534500,0
[E3IROSRT-CSV] 5,197,14696800,10052640,0,0,0,0,4543690,0
[E3IROSRT-CSV] 5,198,14700100,10086470,0,0,0,0,4513600,0
[E3IROSRT-CSV] 5,199,14608600,9805170,0,0,0,0,4707030,0
[E3IROSRT-CSV] 5,200,14598360,9818120,0,0,0,0,4682430,0
[E3IROSRT-CSV] 5,201,14714790,10055480,0,0,0,0,4561450,0
[E3IROSRT-CSV] 5,202,14391290,9788870,0,0,0,0,4507320,0
[E3IROSRT-CSV] 5,203,14563980,9820330,0,0,0,0,4646410,0
[E3IROSRT-CSV] 5,204,14856730,10157920,0,0,0,0,4599390,0
[E3IROSRT-CSV] 5,205,14759860,10107870,0,0,0,0,4553890,0
[E3IROSRT-CSV] 5,206,14648110,9831690,0,0,0,0,4718850,0
[E3IROSRT-CSV] 5,207,14345660,9917380,0,0,0,0,4332020,0
[E3IROSRT-CSV] 5,208,14701220,10098760,0,0,0,0,4504280,0
[E3IROSRT-CSV] 5,209,14520550,9897260,0,0,0,0,4522850,0
[E3IROSRT-CSV] 5,210,14784710,9921760,0,0,0,0,4765740,0
[E3IROSRT-CSV] 5,211,14690560,10063440,0,0,0,0,4531990,0
[E3IROSRT-CSV] 5,212,15311540,10657380,0,0,0,0,4560370,0
[E3IROSRT-CSV] 5,213,14748180,10078330,0,0,0,0,4569680,0
[E3IROSRT-CSV] 5,214,14688700,9871930,0,0,0,0,4718300,0
[E3IROSRT-CSV] 5,215,14529030,9980060,0,0,0,0,4453910,0
[E3IROSRT-CSV] 5,216,14642070,9865030,0,0,0,0,4678890,0
[E3IROSRT-CSV] 5,217,15049730,10267460,0,0,0,0,4683990,0
[E3IROSRT-CSV] 5,218,14811890,10187820,0,0,0,0,4525250,0
[E3IROSRT-CSV] 5,219,14725670,10092110,0,0,0,0,4534220,0
[E3IROSRT-CSV] 5,220,14728120,9915320,0,0,0,0,4715880,0
[E3IROSRT-CSV] 5,221,14847450,10192440,0,0,0,0,4555890,0
[E3IROSRT-CSV] 5,222,14924360,10177440,0,0,0,0,4642770,0
[E3IROSRT-CSV] 5,223,14904080,10172450,0,0,0,0,4631400,0
[E3IROSRT-CSV] 5,224,14866480,10164580,0,0,0,0,4603230,0
[E3IROSRT-CSV] 5,225,14905320,10243360,0,0,0,0,4563640,0
[E3IROSRT-CSV] 5,226,14671670,10071150,0,0,0,0,4500390,0
[E3IROSRT-CSV] 5,227,14982600,10289010,0,0,0,0,4595870,0
[E3IROSRT-CSV] 5,228,14806490,10161820,0,0,0,0,4543170,0
[E3IROSRT-CSV] 5,229,14881160,10273190,0,0,0,0,4508600,0
[E3IROSRT-CSV] 5,230,14628050,10077540,0,0,0,0,4452970,0
[E3IROSRT-CSV] 5,231,14803900,10182830,0,0,0,0,4520860,0
[E3IROSRT-CSV] 5,232,14863460,10142600,0,0,0,0,4622840,0
[E3IROSRT-CSV] 5,233,14853060,10193950,0,0,0,0,4556970,0
[E3IROSRT-CSV] 5,234,14875240,10162740,0,0,0,0,4612670,0
[E3IROSRT-CSV] 5,235,14250560,9474360,0,0,0,0,4680980,0
[E3IROSRT-CSV] 5,236,14757930,10157790,0,0,0,0,4502540,0
[E3IROSRT-CSV] 5,237,14601780,9797600,0,0,0,0,4538870,0
[E3IROSRT-CSV] 5,238,14765850,10162220,0,0,0,0,4505220,0
[E3IROSRT-CSV] 5,239,14652470,9869080,0,0,0,0,4687240,0
[E3IROSRT-CSV] 5,240,15246790,10629120,0,0,0,0,4521120,0
[E3IROSRT-CSV] 5,241,14563100,9798440,0,0,0,0,4670340,0
[E3IROSRT-CSV] 5,242,14656030,9869220,0,0,0,0,4690200,0
[E3IROSRT-CSV] 5,243,14849570,10204100,0,0,0,0,4545290,0
[E3IROSRT-CSV] 5,244,14776370,10129510,0,0,0,0,4547180,0
[E3IROSRT-CSV] 5,245,14822980,10192480,0,0,0,0,4532370,0
[E3IROSRT-CSV] 5,246,14684990,10068700,0,0,0,0,4519100,0
[E3IROSRT-CSV] 5,247,14730860,10087940,0,0,0,0,4543760,0
[E3IROSRT-CSV] 5,248,14602170,9855810,0,0,0,0,4650450,0
[E3IROSRT-CSV] 5,249,14703480,9856550,0,0,0,0,4748250,0
[E3IROSRT-CSV] 5,250,14654700,10011640,0,0,0,0,4537050,0
[E3IROSRT-CSV] 5,251,14504290,9958480,0,0,0,0,4442590,0
[E3IROSRT-CSV] 5,252,14768760,10110410,0,0,0,0,4559060,0
[E3IROSRT-CSV] 5,253,14756800,10100020,0,0,0,0,4556200,0
[E3IROSRT-CSV] 5,254,14882520,10128260,0,0,0,0,4655800,0
[E3IROSRT-CSV] 5,255,14723650,10089920,0,0,0,0,4534240,0
[E3IROSRT-CSV] 5,256,14792130,10101690,0,0,0,0,4590290,0
[E3IROSRT-CSV] 5,257,14773880,10031720,0,0,0,0,4643830,0
[E3IROSRT-CSV] 5,258,14657220,10097320,0,0,0,0,4456660,0
[E3IROSRT-CSV] 5,259,14685840,10039990,0,0,0,0,4549280,0
[E3IROSRT-CSV] 5,260,14527270,9820330,0,0,0,0,4612820,0
[E3IROSRT-CSV] 5,261,14825980,10167840,0,0,0,0,4559820,0
[E3IROSRT-CSV] 5,262,15000890,10275330,0,0,0,0,4619420,0
[E3IROSRT-CSV] 5,263,14512000,9988740,0,0,0,0,4423270,0
[E3IROSRT-CSV] 5,264,14748370,10105700,0,0,0,0,4548550,0
[E3IROSRT-CSV] 5,265,14779230,10129790,0,0,0,0,4551190,0
[E3IROSRT-CSV] 5,266,14768580,10192130,0,0,0,0,4475840,0
[E3IROSRT-CSV] 5,267,14759850,10128740,0,0,0,0,4532450,0
[E3IROSRT-CSV] 5,268,15519060,10961440,0,0,0,0,4460080,0
[E3IROSRT-CSV] 5,269,14739960,10140240,0,0,0,0,4498660,0
[E3IROSRT-CSV] 5,270,14814610,10191540,0,0,0,0,4525280,0
[E3IROSRT-CSV] 5,271,14766640,10232820,0,0,0,0,4438030,0
[E3IROSRT-CSV] 5,272,14547600,9784640,0,0,0,0,4666340,0
[E3IROSRT-CSV] 5,273,14642780,10056650,0,0,0,0,4482400,0
[E3IROSRT-CSV] 5,274,14625140,9855500,0,0,0,0,4673500,0
[E3IROSRT-CSV] 5,275,14523180,9766840,0,0,0,0,4661840,0
[E3IROSRT-CSV] 5,276,14730720,10211730,0,0,0,0,4421940,0
[E3IROSRT-CSV] 5,277,14775760,10110530,0,0,0,0,4567550,0
[E3IROSRT-CSV] 5,278,14948420,10309750,0,0,0,0,4540540,0
[E3IROSRT-CSV] 5,279,14558880,9970540,0,0,0,0,4491950,0
[E3IROSRT-CSV] 5,280,14820420,10201550,0,0,0,0,4522010,0
[E3IROSRT-CSV] 5,281,14918930,10234280,0,0,0,0,4585350,0
[E3IROSRT-CSV] 5,282,14857390,10149980,0,0,0,0,4602040,0
[E3IROSRT-CSV] 5,283,14753740,10102310,0,0,0,0,4548260,0
[E3IROSRT-CSV] 5,284,14679030,10022040,0,0,0,0,4556920,0
[E3IROSRT-CSV] 5,285,14566280,9805790,0,0,0,0,4666610,0
[E3IROSRT-CSV] 5,286,14557220,9908890,0,0,0,0,4551780,0
[E3IROSRT-CSV] 5,287,14610970,10031950,0,0,0,0,4481150,0
[E3IROSRT-CSV] 5,288,14548160,9984660,0,0,0,0,4466080,0
[E3IROSRT-CSV] 5,289,14712160,10098780,0,0,0,0,4513040,0
[E3IROSRT-CSV] 5,290,14715720,10042340,0,0,0,0,4578260,0
[E3IROSRT-CSV] 5,291,14617920,10112830,0,0,0,0,4409200,0
[E3IROSRT-CSV] 5,292,14591670,10016610,0,0,0,0,4479850,0
[E3IROSRT-CSV] 5,293,14916140,10231560,0,0,0,0,4583300,0
[E3IROSRT-CSV] 5,294,14903480,10262260,0,0,0,0,4541580,0
[E3IROSRT-CSV] 5,295,14813640,10191720,0,0,0,0,4519920,0
[E3IROSRT-CSV] 5,296,15502410,11069060,0,0,0,0,4334780,0
[E3IROSRT-CSV] 5,297,14679760,10020650,0,0,0,0,4561200,0
[E3IROSRT-CSV] 5,298,14740290,10116290,0,0,0,0,4526250,0
[E3IROSRT-CSV] 5,299,14604690,10092170,0,0,0,0,4412370,0
[E3IROSRT-CSV] 5,300,14753480,10052560,0,0,0,0,4598650,0
[E3IROSRT-CSV] 5,301,14757250,10115270,0,0,0,0,4540070,0
[E3IROSRT-CSV] 5,302,14697650,10032660,0,0,0,0,4556060,0
[E3IROSRT-CSV] 5,303,14699060,10110020,0,0,0,0,4479830,0
[E3IROSRT-CSV] 5,304,14741290,10081790,0,0,0,0,4551550,0
[E3IROSRT-CSV] 5,305,14667360,10066250,0,0,0,0,4499770,0
[E3IROSRT-CSV] 5,306,14742450,10048640,0,0,0,0,4596470,0
[E3IROSRT-CSV] 5,307,14841760,10108330,0,0,0,0,4628720,0
[E3IROSRT-CSV] 5,308,14666250,10024620,0,0,0,0,4535710,0
[E3IROSRT-CSV] 5,309,14643880,9795770,0,0,0,0,4740400,0
[E3IROSRT-CSV] 5,310,14504440,9799630,0,0,0,0,4609330,0
[E3IROSRT-CSV] 5,311,14760000,10106840,0,0,0,0,4554400,0
[E3IROSRT-CSV] 5,312,14620810,10006980,0,0,0,0,4516070,0
[E3IROSRT-CSV] 5,313,14696540,9866010,0,0,0,0,4732030,0
[E3IROSRT-CSV] 5,314,14352370,9745180,0,0,0,0,4513330,0
[E3IROSRT-CSV] 5,315,14797810,10180910,0,0,0,0,4517040,0
[E3IROSRT-CSV] 5,316,14809610,10248100,0,0,0,0,4455950,0
[E3IROSRT-CSV] 5,317,14681130,10047580,0,0,0,0,4533910,0
[E3IROSRT-CSV] 5,318,14823550,10186800,0,0,0,0,4536570,0
[E3IROSRT-CSV] 5,319,14098170,9393440,0,0,0,0,4452980,0
[E3IROSRT-CSV] 5,320,14594270,9818530,0,0,0,0,4680410,0
[E3IROSRT-CSV] 5,321,14697690,9738500,0,0,0,0,4852830,0
[E3IROSRT-CSV] 5,322,14618230,9856450,0,0,0,0,4660310,0
[E3IROSRT-CSV] 5,323,14865980,10136590,0,0,0,0,4630300,0
[E3IROSRT-CSV] 5,324,15320610,10850350,0,0,0,0,4371220,0
[E3IROSRT-CSV] 5,325,14678730,10035990,0,0,0,0,4543990,0
[E3IROSRT-CSV] 5,326,15048940,10287540,0,0,0,0,4662750,0
[E3IROSRT-CSV] 5,327,13148590,9100690,0,0,0,0,3954980,0
[E3IROSRT-CSV] 5,328,14654170,10038880,0,0,0,0,4520290,0
[E3IROSRT-CSV] 5,329,14795730,10144670,0,0,0,0,4555190,0
[E3IROSRT-CSV] 5,330,14773070,10150840,0,0,0,0,4520370,0
[E3IROSRT-CSV] 5,331,14875650,10277850,0,0,0,0,4500890,0
[E3IROSRT-CSV] 5,332,14800970,10016170,0,0,0,0,4690500,0
[E3IROSRT-CSV] 5,333,14652470,9971610,0,0,0,0,4578360,0
[E3IROSRT-CSV] 5,334,14669510,10039600,0,0,0,0,4531930,0
[E3IROSRT-CSV] 5,335,14841860,10117630,0,0,0,0,4625620,0
[E3IROSRT-CSV] 5,336,14841600,10165360,0,0,0,0,4578920,0
[E3IROSRT-CSV] 5,337,14663750,10103090,0,0,0,0,4463530,0
[E3IROSRT-CSV] 5,338,14592600,9830100,0,0,0,0,4666360,0
[E3IROSRT-CSV] 5,339,14705780,9841930,0,0,0,0,4764800,0
[E3IROSRT-CSV] 5,340,14770430,10094550,0,0,0,0,4574880,0
[E3IROSRT-CSV] 5,341,14761420,10037770,0,0,0,0,4624380,0
[E3IROSRT-CSV] 5,342,14365800,9763620,0,0,0,0,4505040,0
[E3IROSRT-CSV] 5,343,14630780,9802760,0,0,0,0,4731350,0
[E3IROSRT-CSV] 5,344,14637160,10002570,0,0,0,0,4536420,0
[E3IROSRT-CSV] 5,345,14804080,10139780,0,0,0,0,4565140,0
[E3IROSRT-CSV] 5,346,14801460,10164830,0,0,0,0,4536520,0
[E3IROSRT-CSV] 5,347,14560750,10018310,0,0,0,0,4445080,0
[E3IROSRT-CSV] 5,348,14833230,10141620,0,0,0,0,4592810,0
[E3IROSRT-CSV] 5,349,14707880,9842780,0,0,0,0,4771410,0
[E3IROSRT-CSV] 5,350,14809890,10087340,0,0,0,0,4623470,0
[E3IROSRT-CSV] 5,351,14768510,10065020,0,0,0,0,4598590,0
[E3IROSRT-CSV] 5,352,15547770,10916130,0,0,0,0,4533240,0
[E3IROSRT-CSV] 5,353,14783830,10094040,0,0,0,0,4586060,0
[E3IROSRT-CSV] 5,354,14727530,10083910,0,0,0,0,4533790,0
[E3IROSRT-CSV] 5,355,14805570,10137610,0,0,0,0,4559720,0
[E3IROSRT-CSV] 5,356,14738130,10050870,0,0,0,0,4588260,0
[E3IROSRT-CSV] 5,357,14928150,10225110,0,0,0,0,4605420,0
[E3IROSRT-CSV] 5,358,14877710,10215300,0,0,0,0,4563050,0
[E3IROSRT-CSV] 5,359,14816760,10149090,0,0,0,0,4568280,0
[E3IROSRT-CSV] 5,360,14807380,10149960,0,0,0,0,4551730,0
[E3IROSRT-CSV] 5,361,14755360,10108090,0,0,0,0,4548460,0
[E3IROSRT-CSV] 5,362,14746350,10064350,0,0,0,0,4583580,0
[E3IROSRT-CSV] 5,363,14665550,10039020,0,0,0,0,4524780,0
[E3IROSRT-CSV] 5,364,14590080,9819920,0,0,0,0,4673880,0
[E3IROSRT-CSV] 5,365,14665590,10040120,0,0,0,0,4528760,0
[E3IROSRT-CSV] 5,366,14798980,10144860,0,0,0,0,4553570,0
[E3IROSRT-CSV] 5,367,14500410,9929880,0,0,0,0,4467320,0
[E3IROSRT-CSV] 5,368,14418870,9788420,0,0,0,0,4533450,0
[E3IROSRT-CSV] 5,369,14604890,10081320,0,0,0,0,4425380,0
[E3IROSRT-CSV] 5,370,14365750,9910600,0,0,0,0,4351590,0
[E3IROSRT-CSV] 5,371,14616770,9845880,0,0,0,0,4673580,0
[E3IROSRT-CSV] 5,372,14722380,9955760,0,0,0,0,4669430,0
[E3IROSRT-CSV] 5,373,14186750,9715100,0,0,0,0,4371500,0
[E3IROSRT-CSV] 5,374,14670490,10012730,0,0,0,0,4560460,0
[E3IROSRT-CSV] 5,375,14124120,9417170,0,0,0,0,4395750,0
[E3IROSRT-CSV] 5,376,14654400,9903630,0,0,0,0,4651690,0
[E3IROSRT-CSV] 5,377,14612640,9954190,0,0,0,0,4558920,0
[E3IROSRT-CSV] 5,378,14924410,10104510,0,0,0,0,4718920,0
[E3IROSRT-CSV] 5,379,14902860,10201230,0,0,0,0,4602670,0
[E3IROSRT-CSV] 5,380,15556350,10871370,0,0,0,0,4573870,0
[E3IROSRT-CSV] 5,381,14657830,9908530,0,0,0,0,4653460,0
[E3IROSRT-CSV] 5,382,14728160,10041310,0,0,0,0,4584920,0
[E3IROSRT-CSV] 5,383,14734320,10085890,0,0,0,0,4547560,0
[E3IROSRT-CSV] 5,384,14513220,9894680,0,0,0,0,4519450,0
[E3IROSRT-CSV] 5,385,13789660,9431730,0,0,0,0,4261910,0
[E3IROSRT-CSV] 5,386,14591000,9948760,0,0,0,0,4545310,0
[E3IROSRT-CSV] 5,387,14620220,9997980,0,0,0,0,4524960,0
[E3IROSRT-CSV] 5,388,14594150,9968690,0,0,0,0,4520320,0
[E3IROSRT-CSV] 5,389,14664280,9885510,0,0,0,0,4683800,0
[E3IROSRT-CSV] 5,390,13164150,9000790,0,0,0,0,4066550,0
[E3IROSRT-CSV] 5,391,14802610,10125270,0,0,0,0,4573580,0
[E3IROSRT-CSV] 5,392,14617470,9992290,0,0,0,0,4527100,0
[E3IROSRT-CSV] 5,393,14481210,9877290,0,0,0,0,4496380,0
[E3IROSRT-CSV] 5,394,14616090,9984830,0,0,0,0,4534050,0
[E3IROSRT-CSV] 5,395,14309980,10040350,0,0,0,0,4143340,0
[E3IROSRT-CSV] 5,396,14811560,10141740,0,0,0,0,4569330,0
[E3IROSRT-CSV] 5,397,14786920,10116240,0,0,0,0,4570260,0
[E3IROSRT-CSV] 5,398,14590670,10017360,0,0,0,0,4474680,0
[E3IROSRT-CSV] 5,399,14172890,9680790,0,0,0,0,4395220,0
[E3IROSRT-CSV] 5,400,15307660,10895480,0,0,0,0,4315400,0
[E3IROSRT-CSV] 5,401,14977110,10268140,0,0,0,0,4613470,0
[E3IROSRT-CSV] 5,402,14739470,10082340,0,0,0,0,4559360,0
[E3IROSRT-CSV] 5,403,14125510,9649570,0,0,0,0,4374170,0
[E3IROSRT-CSV] 5,404,14571400,9975470,0,0,0,0,4499390,0
[E3IROSRT-CSV] 5,405,14691500,10090420,0,0,0,0,4501710,0
[E3IROSRT-CSV] 5,406,14615960,10014030,0,0,0,0,4504110,0
[E3IROSRT-CSV] 5,407,14643660,10054550,0,0,0,0,4490720,0
[E3IROSRT-CSV] 5,408,15109260,10714280,0,0,0,0,4294220,0
[E3IROSRT-CSV] 5,409,14691340,10059940,0,0,0,0,4533890,0
[E3IROSRT-CSV] 5,410,14542800,9788240,0,0,0,0,4656420,0
[E3IROSRT-CSV] 5,411,14764840,10174880,0,0,0,0,4485830,0
[E3IROSRT-CSV] 5,412,14852200,10184080,0,0,0,0,4567560,0
[E3IROSRT-CSV] 5,413,14487220,9967220,0,0,0,0,4408200,0
[E3IROSRT-CSV] 5,414,14611500,9921670,0,0,0,0,4593360,0
[E3IROSRT-CSV] 5,415,14852190,10107880,0,0,0,0,4645940,0
[E3IROSRT-CSV] 5,416,14759410,10186110,0,0,0,0,4470130,0
[E3IROSRT-CSV] 5,417,14601420,9980570,0,0,0,0,4522260,0
[E3IROSRT-CSV] 5,418,14194950,9609130,0,0,0,0,4487070,0
[E3IROSRT-CSV] 5,419,14649570,10019150,0,0,0,0,4530940,0
[E3IROSRT-CSV] 5,420,14693850,10065840,0,0,0,0,4523600,0
[E3IROSRT-CSV] 5,421,14516280,10040450,0,0,0,0,4377580,0
[E3IROSRT-CSV] 5,422,14331420,9901020,0,0,0,0,4326300,0
[E3IROSRT-CSV] 5,423,14468510,9879860,0,0,0,0,4484060,0
[E3IROSRT-CSV] 5,424,14666370,10128340,0,0,0,0,4439700,0
[E3IROSRT-CSV] 5,425,14569920,9906710,0,0,0,0,4559860,0
[E3IROSRT-CSV] 5,426,14689970,10071420,0,0,0,0,4518910,0
[E3IROSRT-CSV] 5,427,14511500,9961950,0,0,0,0,4450790,0
[E3IROSRT-CSV] 5,428,14046140,9552290,0,0,0,0,4395690,0
[E3IROSRT-CSV] 5,429,14578230,9992090,0,0,0,0,4489530,0
[E3IROSRT-CSV] 5,430,14738960,10125270,0,0,0,0,4504100,0
[E3IROSRT-CSV] 5,431,14084370,9579830,0,0,0,0,4405230,0
[E3IROSRT-CSV] 5,432,14907950,10282380,0,0,0,0,4503600,0
[E3IROSRT-CSV] 5,433,13518710,9206300,0,0,0,0,4215970,0
[E3IROSRT-CSV] 5,434,14352020,9870230,0,0,0,0,4384760,0
[E3IROSRT-CSV] 5,435,14490300,9949840,0,0,0,0,4443730,0
[E3IROSRT-CSV] 5,436,15212550,10841850,0,0,0,0,4273200,0
[E3IROSRT-CSV] 5,437,15001840,10258050,0,0,0,0,4637070,0
[E3IROSRT-CSV] 5,438,14275620,9936970,0,0,0,0,4225740,0
[E3IROSRT-CSV] 5,439,14295030,9872430,0,0,0,0,4324630,0
[E3IROSRT-CSV] 5,440,14733370,10131190,0,0,0,0,4503210,0
[E3IROSRT-CSV] 5,441,14592390,9968660,0,0,0,0,4522510,0
[E3IROSRT-CSV] 5,442,14353790,9967470,0,0,0,0,4290970,0
[E3IROSRT-CSV] 5,443,14791240,10108480,0,0,0,0,4581350,0
[E3IROSRT-CSV] 5,444,14615210,10084440,0,0,0,0,4421390,0
[E3IROSRT-CSV] 5,445,14694120,10057340,0,0,0,0,4529800,0
[E3IROSRT-CSV] 5,446,14815130,10145940,0,0,0,0,4553000,0
[E3IROSRT-CSV] 5,447,14664240,10035240,0,0,0,0,4530900,0
[E3IROSRT-CSV] 5,448,14958360,10290880,0,0,0,0,4569110,0
[E3IROSRT-CSV] 5,449,14687520,10078660,0,0,0,0,4508880,0
[E3IROSRT-CSV] 5,450,14631290,10035670,0,0,0,0,4478340,0
[E3IROSRT-CSV] 5,451,14688670,10082120,0,0,0,0,4507490,0
[E3IROSRT-CSV] 5,452,14758390,10060360,0,0,0,0,4577660,0
[E3IROSRT-CSV] 5,453,14567290,9966070,0,0,0,0,4500920,0
[E3IROSRT-CSV] 5,454,14192630,9609300,0,0,0,0,4473900,0
[E3IROSRT-CSV] 5,455,14678340,10042720,0,0,0,0,4513090,0
[E3IROSRT-CSV] 5,456,14334480,9925630,0,0,0,0,4289550,0
[E3IROSRT-CSV] 5,457,14558910,9991810,0,0,0,0,4453770,0
[E3IROSRT-CSV] 5,458,14641800,9985200,0,0,0,0,4535980,0
[E3IROSRT-CSV] 5,459,14276280,9872310,0,0,0,0,4291580,0
[E3IROSRT-CSV] 5,460,14569330,9990570,0,0,0,0,4459360,0
[E3IROSRT-CSV] 5,461,14630870,10023720,0,0,0,0,4488960,0
[E3IROSRT-CSV] 5,462,14751120,10132380,0,0,0,0,4496410,0
[E3IROSRT-CSV] 5,463,14587270,10016920,0,0,0,0,4455760,0
[E3IROSRT-CSV] 5,464,15195260,10736590,0,0,0,0,4335360,0
[E3IROSRT-CSV] 5,465,14953490,10255000,0,0,0,0,4582380,0
[E3IROSRT-CSV] 5,466,14221230,9844800,0,0,0,0,4245540,0
[E3IROSRT-CSV] 5,467,14765610,10111180,0,0,0,0,4538270,0
[E3IROSRT-CSV] 5,468,14248840,9496740,0,0,0,0,4629020,0
[E3IROSRT-CSV] 5,469,14340480,9932220,0,0,0,0,4294260,0
[E3IROSRT-CSV] 5,470,14806700,10174100,0,0,0,0,4512820,0
[E3IROSRT-CSV] 5,471,14072270,9546050,0,0,0,0,4402040,0
[E3IROSRT-CSV] 5,472,14504820,9950890,0,0,0,0,4438390,0
[E3IROSRT-CSV] 5,473,14664510,10029730,0,0,0,0,4497280,0
[E3IROSRT-CSV] 5,474,14198620,9638950,0,0,0,0,4443740,0
[E3IROSRT-CSV] 5,475,14614790,10018210,0,0,0,0,4477840,0
[E3IROSRT-CSV] 5,476,14127360,9585920,0,0,0,0,4419340,0
[E3IROSRT-CSV] 5,477,14714880,10126700,0,0,0,0,4474680,0
[E3IROSRT-CSV] 5,478,14659470,10067740,0,0,0,0,4492120,0
[E3IROSRT-CSV] 5,479,14559820,10030590,0,0,0,0,4431350,0
[E3IROSRT-CSV] 5,480,14719030,10105860,0,0,0,0,4513540,0
[E3IROSRT-CSV] 5,481,13049420,9026890,0,0,0,0,3927420,0
[E3IROSRT-CSV] 5,482,14651160,10050280,0,0,0,0,4497840,0
[E3IROSRT-CSV] 5,483,14750200,10088570,0,0,0,0,4558610,0
[E3IROSRT-CSV] 5,484,14664590,10026010,0,0,0,0,4503570,0
[E3IROSRT-CSV] 5,485,14590140,9826050,0,0,0,0,4671530,0
[E3IROSRT-CSV] 5,486,14130610,9280650,0,0,0,0,4747900,0
[E3IROSRT-CSV] 5,487,14244100,9644640,0,0,0,0,4497810,0
[E3IROSRT-CSV] 5,488,14364900,9965510,0,0,0,0,4302350,0
[E3IROSRT-CSV] 5,489,14384220,9937620,0,0,0,0,4336440,0
[E3IROSRT-CSV] 5,490,14367880,9958570,0,0,0,0,4311740,0
[E3IROSRT-CSV] 5,491,15592770,10549020,0,0,0,0,4945420,0
[E3IROSRT-CSV] 5,492,15344610,10928830,0,0,0,0,4303750,0
[E3IROSRT-CSV] 5,493,14542530,9973540,0,0,0,0,4470810,0
[E3IROSRT-CSV] 5,494,14325200,9920370,0,0,0,0,4307960,0
[E3IROSRT-CSV] 5,495,14465490,9205660,0,0,0,0,5166790,0
[E3IROSRT-CSV] 5,496,16290300,11109340,0,0,0,0,5078980,0
[E3IROSRT-CSV] 5,497,8684490,6010890,0,0,0,0,2380240,0
[E3IROSRT-CSV] 5,498,15446790,10296770,0,0,0,0,5037500,0
[E3IROSRT-CSV] 5,499,14317860,9899110,0,0,0,0,4317800,0
[E3IROSRT-SUMMARY] chain_len=5 e2e_avg=14464871 publish_avg=9892752 sched_avg=4471295

*** FATAL ***
fatal source: 0 (INTERNAL_ERROR_CORE)
fatal code: 5 (INTERNAL_ERROR_THREAD_EXITTED)
RTEMS version: 6.1.0.not-released
RTEMS tools: 13.3.0 20240521 (RTEMS 6, RSB no-repo, Newlib 1b3dcfd)
executing thread ID: 0x0a010001
executing thread name: UI1 
