
RTEMS Shell on /dev/console. Use 'help' to list commands.
SHLL [/] # nexus0: <RTEMS Nexus device>
info: lo0: link state changed to UP
=== Exp3inter-ROSRT: Task Chain (n=2) NoExecutor ===
Period: 200ms, Rounds: 500
[E3IROSRT-CSV] chain_len,round,e2e_ns,publish_ns,gc_trigger_ns,invoke_cb_ns,getnext_ns,take_data_ns,sched_ns,dispatch_ns
666666
CPP Msg not nullptr
CPP Msg not nullptr
CPP Msg not nullptr
CPP Msg not nullptr
C Msg not NULL
C Msg not NULL
CPP Srv not nullptr
CPP Srv not nullptr
CPP Srv not nullptr
CPP Srv not nullptr
CPP Srv not nullptr
CPP Srv not nullptr
CPP Msg not nullptr
CPP Msg not nullptr
CPP Msg not nullptr
CPP Msg not nullptr
CPP Msg not nullptr
CPP Msg not nullptr
[33m[WARN] [0567993600.550732999] [rclcpp]: Calling set_on_new_intra_process_message_callback for subscription with IPC disabled[0m
C Msg not NULL
C Msg not NULL
CPP Srv not nullptr
CPP Srv not nullptr
CPP Srv not nullptr
CPP Srv not nullptr
CPP Srv not nullptr
CPP Srv not nullptr
CPP Msg not nullptr
CPP Msg not nullptr
CPP Msg not nullptr
CPP Msg not nullptr
CPP Msg not nullptr
CPP Msg not nullptr
[33m[WARN] [0567993600.772997849] [rclcpp]: Calling set_on_new_intra_process_message_callback for subscription with IPC disabled[0m
[33m[WARN] [0567993600.774523629] [rclcpp]: Calling set_on_new_intra_process_message_callback for subscription with IPC disabled[0m
[E3IROSRT-CSV] 2,0,3025010,966340,0,0,0,0,1883700,0
[E3IROSRT-CSV] 2,1,4384180,2903100,0,0,0,0,1417470,0
[E3IROSRT-CSV] 2,2,3891760,2702820,0,0,0,0,1134980,0
[E3IROSRT-CSV] 2,3,4087980,2827540,0,0,0,0,1193340,0
[E3IROSRT-CSV] 2,4,3862220,2696920,0,0,0,0,1113010,0
[E3IROSRT-CSV] 2,5,3833170,2655850,0,0,0,0,1127540,0
[E3IROSRT-CSV] 2,6,4223640,2937390,0,0,0,0,1214110,0
[E3IROSRT-CSV] 2,7,3947990,2735920,0,0,0,0,1153760,0
[E3IROSRT-CSV] 2,8,3991150,2782660,0,0,0,0,1152170,0
[E3IROSRT-CSV] 2,9,3772190,2611470,0,0,0,0,1109300,0
[E3IROSRT-CSV] 2,10,3955870,2750630,0,0,0,0,1149440,0
[E3IROSRT-CSV] 2,11,4479650,3163680,0,0,0,0,1241410,0
[E3IROSRT-CSV] 2,12,3897480,2749650,0,0,0,0,1094840,0
[E3IROSRT-CSV] 2,13,4300940,2878130,0,0,0,0,1352810,0
[E3IROSRT-CSV] 2,14,3958350,2754660,0,0,0,0,1149620,0
[E3IROSRT-CSV] 2,15,3774910,2623940,0,0,0,0,1098420,0
[E3IROSRT-CSV] 2,16,3849920,2677960,0,0,0,0,1118060,0
[E3IROSRT-CSV] 2,17,3832320,2658840,0,0,0,0,1122540,0
[E3IROSRT-CSV] 2,18,4013170,2760680,0,0,0,0,1197650,0
[E3IROSRT-CSV] 2,19,3819750,2674130,0,0,0,0,1094450,0
[E3IROSRT-CSV] 2,20,3807380,2650650,0,0,0,0,1104330,0
[E3IROSRT-CSV] 2,21,4020920,2805500,0,0,0,0,1155690,0
[E3IROSRT-CSV] 2,22,3809450,2644930,0,0,0,0,1113990,0
[E3IROSRT-CSV] 2,23,4247450,2977060,0,0,0,0,1218440,0
[E3IROSRT-CSV] 2,24,3703720,2547250,0,0,0,0,1093020,0
[E3IROSRT-CSV] 2,25,3963970,2587160,0,0,0,0,1309260,0
[E3IROSRT-CSV] 2,26,3979810,2772750,0,0,0,0,1149690,0
[E3IROSRT-CSV] 2,27,3793670,2653910,0,0,0,0,1091430,0
[E3IROSRT-CSV] 2,28,3785850,2632600,0,0,0,0,1101660,0
[E3IROSRT-CSV] 2,29,3829000,2663750,0,0,0,0,1113870,0
[E3IROSRT-CSV] 2,30,3750400,2599270,0,0,0,0,1101730,0
[E3IROSRT-CSV] 2,31,4018370,2795300,0,0,0,0,1165670,0
[E3IROSRT-CSV] 2,32,3992910,2780420,0,0,0,0,1157570,0
[E3IROSRT-CSV] 2,33,3892010,2694580,0,0,0,0,1144740,0
[E3IROSRT-CSV] 2,34,3759430,2617540,0,0,0,0,1093510,0
[E3IROSRT-CSV] 2,35,3794350,2633890,0,0,0,0,1109910,0
[E3IROSRT-CSV] 2,36,3970270,2772020,0,0,0,0,1144010,0
[E3IROSRT-CSV] 2,37,3971100,2760110,0,0,0,0,1155920,0
[E3IROSRT-CSV] 2,38,3901380,2714200,0,0,0,0,1132490,0
[E3IROSRT-CSV] 2,39,4222250,2812510,0,0,0,0,1353600,0
[E3IROSRT-CSV] 2,40,4034760,2847260,0,0,0,0,1132570,0
[E3IROSRT-CSV] 2,41,3808830,2640950,0,0,0,0,1118020,0
[E3IROSRT-CSV] 2,42,3826350,2660330,0,0,0,0,1115250,0
[E3IROSRT-CSV] 2,43,3867860,2702940,0,0,0,0,1108520,0
[E3IROSRT-CSV] 2,44,3756660,2613660,0,0,0,0,1094120,0
[E3IROSRT-CSV] 2,45,3850590,2677490,0,0,0,0,1120730,0
[E3IROSRT-CSV] 2,46,3837370,2676340,0,0,0,0,1109510,0
[E3IROSRT-CSV] 2,47,4185080,2996140,0,0,0,0,1138430,0
[E3IROSRT-CSV] 2,48,3940870,2737340,0,0,0,0,1150320,0
[E3IROSRT-CSV] 2,49,4168580,2968150,0,0,0,0,1145550,0
[E3IROSRT-CSV] 2,50,3934220,2722840,0,0,0,0,1158350,0
[E3IROSRT-CSV] 2,51,3969370,2750920,0,0,0,0,1158390,0
[E3IROSRT-CSV] 2,52,3785750,2626290,0,0,0,0,1108300,0
[E3IROSRT-CSV] 2,53,3955060,2764070,0,0,0,0,1129240,0
[E3IROSRT-CSV] 2,54,3955680,2762410,0,0,0,0,1140280,0
[E3IROSRT-CSV] 2,55,3922850,2735330,0,0,0,0,1133750,0
[E3IROSRT-CSV] 2,56,3953480,2759360,0,0,0,0,1139910,0
[E3IROSRT-CSV] 2,57,3761520,2621870,0,0,0,0,1087900,0
[E3IROSRT-CSV] 2,58,4309180,3019430,0,0,0,0,1234140,0
[E3IROSRT-CSV] 2,59,4214540,3039170,0,0,0,0,1120400,0
[E3IROSRT-CSV] 2,60,4152090,2728970,0,0,0,0,1368310,0
[E3IROSRT-CSV] 2,61,4159180,2981340,0,0,0,0,1125590,0
[E3IROSRT-CSV] 2,62,3950310,2761190,0,0,0,0,1134780,0
[E3IROSRT-CSV] 2,63,3853050,2667600,0,0,0,0,1129870,0
[E3IROSRT-CSV] 2,64,3837350,2672870,0,0,0,0,1110000,0
[E3IROSRT-CSV] 2,65,3769870,2621110,0,0,0,0,1097930,0
[E3IROSRT-CSV] 2,66,3960200,2726000,0,0,0,0,1180730,0
[E3IROSRT-CSV] 2,67,3792820,2644200,0,0,0,0,1097160,0
[E3IROSRT-CSV] 2,68,3921170,2728460,0,0,0,0,1136930,0
[E3IROSRT-CSV] 2,69,3941820,2749330,0,0,0,0,1134060,0
[E3IROSRT-CSV] 2,70,3959730,2735940,0,0,0,0,1168480,0
[E3IROSRT-CSV] 2,71,3936070,2725610,0,0,0,0,1156840,0
[E3IROSRT-CSV] 2,72,3926860,2746740,0,0,0,0,1123430,0
[E3IROSRT-CSV] 2,73,3863300,2676590,0,0,0,0,1135100,0
[E3IROSRT-CSV] 2,74,3996440,2763480,0,0,0,0,1179930,0
[E3IROSRT-CSV] 2,75,3880050,2697630,0,0,0,0,1128920,0
[E3IROSRT-CSV] 2,76,3782180,2626250,0,0,0,0,1105240,0
[E3IROSRT-CSV] 2,77,3807030,2655860,0,0,0,0,1100840,0
[E3IROSRT-CSV] 2,78,4075630,2822970,0,0,0,0,1194090,0
[E3IROSRT-CSV] 2,79,3909590,2725420,0,0,0,0,1131300,0
[E3IROSRT-CSV] 2,80,3779250,2638120,0,0,0,0,1089440,0
[E3IROSRT-CSV] 2,81,3915840,2728320,0,0,0,0,1132510,0
[E3IROSRT-CSV] 2,82,3939780,2716160,0,0,0,0,1170010,0
[E3IROSRT-CSV] 2,83,3801830,2647160,0,0,0,0,1102880,0
[E3IROSRT-CSV] 2,84,4034180,2786090,0,0,0,0,1194890,0
[E3IROSRT-CSV] 2,85,3903720,2734610,0,0,0,0,1113400,0
[E3IROSRT-CSV] 2,86,3947010,2719840,0,0,0,0,1174250,0
[E3IROSRT-CSV] 2,87,3812370,2650970,0,0,0,0,1111690,0
[E3IROSRT-CSV] 2,88,3827110,2660400,0,0,0,0,1114310,0
[E3IROSRT-CSV] 2,89,3857130,2686430,0,0,0,0,1119520,0
[E3IROSRT-CSV] 2,90,3939290,2739100,0,0,0,0,1149620,0
[E3IROSRT-CSV] 2,91,3981750,2719410,0,0,0,0,1208550,0
[E3IROSRT-CSV] 2,92,3826630,2681120,0,0,0,0,1095790,0
[E3IROSRT-CSV] 2,93,3967190,2770380,0,0,0,0,1142850,0
[E3IROSRT-CSV] 2,94,3874310,2702870,0,0,0,0,1118160,0
[E3IROSRT-CSV] 2,95,3931340,2732280,0,0,0,0,1145940,0
[E3IROSRT-CSV] 2,96,3894240,2722030,0,0,0,0,1118250,0
[E3IROSRT-CSV] 2,97,3921860,2730370,0,0,0,0,1134750,0
[E3IROSRT-CSV] 2,98,3833440,2663900,0,0,0,0,1113240,0
[E3IROSRT-CSV] 2,99,3767350,2595400,0,0,0,0,1118410,0
[E3IROSRT-CSV] 2,100,3813900,2660700,0,0,0,0,1103210,0
[E3IROSRT-CSV] 2,101,4046390,2814150,0,0,0,0,1177820,0
[E3IROSRT-CSV] 2,102,3932070,2740630,0,0,0,0,1134900,0
[E3IROSRT-CSV] 2,103,3963380,2762030,0,0,0,0,1146110,0
[E3IROSRT-CSV] 2,104,3880730,2697880,0,0,0,0,1128340,0
[E3IROSRT-CSV] 2,105,3811070,2662180,0,0,0,0,1097320,0
[E3IROSRT-CSV] 2,106,3827540,2652630,0,0,0,0,1121800,0
[E3IROSRT-CSV] 2,107,3923110,2728710,0,0,0,0,1139490,0
[E3IROSRT-CSV] 2,108,3905280,2721060,0,0,0,0,1133380,0
[E3IROSRT-CSV] 2,109,3917220,2715330,0,0,0,0,1147520,0
[E3IROSRT-CSV] 2,110,3876820,2680630,0,0,0,0,1144730,0
[E3IROSRT-CSV] 2,111,3966840,2761430,0,0,0,0,1153040,0
[E3IROSRT-CSV] 2,112,3880890,2708110,0,0,0,0,1119340,0
[E3IROSRT-CSV] 2,113,3853820,2685410,0,0,0,0,1116480,0
[E3IROSRT-CSV] 2,114,3885990,2685850,0,0,0,0,1138260,0
[E3IROSRT-CSV] 2,115,3795810,2648840,0,0,0,0,1096400,0
[E3IROSRT-CSV] 2,116,3767670,2624270,0,0,0,0,1092720,0
[E3IROSRT-CSV] 2,117,3848970,2679370,0,0,0,0,1117390,0
[E3IROSRT-CSV] 2,118,3824060,2680000,0,0,0,0,1093380,0
[E3IROSRT-CSV] 2,119,3973790,2757060,0,0,0,0,1160020,0
[E3IROSRT-CSV] 2,120,3953480,2753360,0,0,0,0,1146180,0
[E3IROSRT-CSV] 2,121,3873470,2680710,0,0,0,0,1131930,0
[E3IROSRT-CSV] 2,122,3898480,2677300,0,0,0,0,1167450,0
[E3IROSRT-CSV] 2,123,3880800,2706090,0,0,0,0,1122640,0
[E3IROSRT-CSV] 2,124,4116820,2880870,0,0,0,0,1182170,0
[E3IROSRT-CSV] 2,125,3802330,2643550,0,0,0,0,1104010,0
[E3IROSRT-CSV] 2,126,3999250,2755150,0,0,0,0,1188720,0
[E3IROSRT-CSV] 2,127,3822300,2658470,0,0,0,0,1112800,0
[E3IROSRT-CSV] 2,128,3774450,2632100,0,0,0,0,1091260,0
[E3IROSRT-CSV] 2,129,3892560,2709870,0,0,0,0,1128680,0
[E3IROSRT-CSV] 2,130,3877930,2671570,0,0,0,0,1154940,0
[E3IROSRT-CSV] 2,131,3804170,2642270,0,0,0,0,1109640,0
[E3IROSRT-CSV] 2,132,3942310,2752440,0,0,0,0,1135820,0
[E3IROSRT-CSV] 2,133,3923740,2730870,0,0,0,0,1137700,0
[E3IROSRT-CSV] 2,134,3778940,2640870,0,0,0,0,1086110,0
[E3IROSRT-CSV] 2,135,3899800,2734750,0,0,0,0,1112690,0
[E3IROSRT-CSV] 2,136,3792150,2640450,0,0,0,0,1098910,0
[E3IROSRT-CSV] 2,137,4030250,2811700,0,0,0,0,1163030,0
[E3IROSRT-CSV] 2,138,4027490,2777850,0,0,0,0,1198810,0
[E3IROSRT-CSV] 2,139,3753470,2600080,0,0,0,0,1103050,0
[E3IROSRT-CSV] 2,140,3920000,2754330,0,0,0,0,1113430,0
[E3IROSRT-CSV] 2,141,3835990,2678670,0,0,0,0,1107280,0
[E3IROSRT-CSV] 2,142,3803300,2637690,0,0,0,0,1113100,0
[E3IROSRT-CSV] 2,143,3848170,2684050,0,0,0,0,1112150,0
[E3IROSRT-CSV] 2,144,3749170,2619370,0,0,0,0,1079950,0
[E3IROSRT-CSV] 2,145,3833540,2670950,0,0,0,0,1109000,0
[E3IROSRT-CSV] 2,146,3741380,2606260,0,0,0,0,1084780,0
[E3IROSRT-CSV] 2,147,3757070,2612150,0,0,0,0,1093390,0
[E3IROSRT-CSV] 2,148,3822610,2674830,0,0,0,0,1095350,0
[E3IROSRT-CSV] 2,149,3802250,2663110,0,0,0,0,1086070,0
[E3IROSRT-CSV] 2,150,3784580,2631180,0,0,0,0,1102190,0
[E3IROSRT-CSV] 2,151,3807820,2643110,0,0,0,0,1112450,0
[E3IROSRT-CSV] 2,152,3855790,2674580,0,0,0,0,1128410,0
[E3IROSRT-CSV] 2,153,3887680,2690860,0,0,0,0,1144080,0
[E3IROSRT-CSV] 2,154,3827520,2667860,0,0,0,0,1108000,0
[E3IROSRT-CSV] 2,155,3778660,2629990,0,0,0,0,1095960,0
[E3IROSRT-CSV] 2,156,3827360,2660890,0,0,0,0,1113970,0
[E3IROSRT-CSV] 2,157,4061980,2830540,0,0,0,0,1174030,0
[E3IROSRT-CSV] 2,158,3969450,2776760,0,0,0,0,1138290,0
[E3IROSRT-CSV] 2,159,3948680,2758090,0,0,0,0,1137850,0
[E3IROSRT-CSV] 2,160,3898930,2712500,0,0,0,0,1135110,0
[E3IROSRT-CSV] 2,161,3954360,2752650,0,0,0,0,1146470,0
[E3IROSRT-CSV] 2,162,3945420,2756410,0,0,0,0,1136350,0
[E3IROSRT-CSV] 2,163,3924120,2736040,0,0,0,0,1134670,0
[E3IROSRT-CSV] 2,164,4033090,2693370,0,0,0,0,1288020,0
[E3IROSRT-CSV] 2,165,3965710,2767310,0,0,0,0,1142760,0
[E3IROSRT-CSV] 2,166,4075030,2859470,0,0,0,0,1159920,0
[E3IROSRT-CSV] 2,167,3905410,2716640,0,0,0,0,1137490,0
[E3IROSRT-CSV] 2,168,4002780,2781010,0,0,0,0,1167170,0
[E3IROSRT-CSV] 2,169,3833090,2649880,0,0,0,0,1128620,0
[E3IROSRT-CSV] 2,170,3861180,2671890,0,0,0,0,1135890,0
[E3IROSRT-CSV] 2,171,3805790,2621720,0,0,0,0,1131770,0
[E3IROSRT-CSV] 2,172,4030010,2794960,0,0,0,0,1181110,0
[E3IROSRT-CSV] 2,173,3943410,2739290,0,0,0,0,1151020,0
[E3IROSRT-CSV] 2,174,4175470,2936720,0,0,0,0,1180450,0
[E3IROSRT-CSV] 2,175,3934910,2733870,0,0,0,0,1147100,0
[E3IROSRT-CSV] 2,176,3958970,2755080,0,0,0,0,1149620,0
[E3IROSRT-CSV] 2,177,3962290,2762870,0,0,0,0,1148170,0
[E3IROSRT-CSV] 2,178,3930270,2742400,0,0,0,0,1136160,0
[E3IROSRT-CSV] 2,179,3987960,2786080,0,0,0,0,1144280,0
[E3IROSRT-CSV] 2,180,4133220,2876860,0,0,0,0,1204210,0
[E3IROSRT-CSV] 2,181,3865990,2680460,0,0,0,0,1131150,0
[E3IROSRT-CSV] 2,182,4123340,2894510,0,0,0,0,1173380,0
[E3IROSRT-CSV] 2,183,3953900,2750690,0,0,0,0,1149990,0
[E3IROSRT-CSV] 2,184,3829150,2662210,0,0,0,0,1113700,0
[E3IROSRT-CSV] 2,185,3708200,2576800,0,0,0,0,1081960,0
[E3IROSRT-CSV] 2,186,3971070,2768180,0,0,0,0,1148770,0
[E3IROSRT-CSV] 2,187,3930700,2746260,0,0,0,0,1132470,0
[E3IROSRT-CSV] 2,188,3911450,2734550,0,0,0,0,1124750,0
[E3IROSRT-CSV] 2,189,3993350,2785890,0,0,0,0,1150590,0
[E3IROSRT-CSV] 2,190,4018960,2766900,0,0,0,0,1195300,0
[E3IROSRT-CSV] 2,191,3917290,2750230,0,0,0,0,1113350,0
[E3IROSRT-CSV] 2,192,4106140,2811420,0,0,0,0,1237440,0
[E3IROSRT-CSV] 2,193,3932390,2726530,0,0,0,0,1150130,0
[E3IROSRT-CSV] 2,194,3889800,2690960,0,0,0,0,1144650,0
[E3IROSRT-CSV] 2,195,2046650,1370870,0,0,0,0,643200,0
[E3IROSRT-CSV] 2,196,4011520,2786960,0,0,0,0,1167770,0
[E3IROSRT-CSV] 2,197,3949310,2735910,0,0,0,0,1158590,0
[E3IROSRT-CSV] 2,198,4009350,2795870,0,0,0,0,1161780,0
[E3IROSRT-CSV] 2,199,3993110,2776990,0,0,0,0,1155310,0
[E3IROSRT-CSV] 2,200,4055220,2837580,0,0,0,0,1160930,0
[E3IROSRT-CSV] 2,201,3910930,2726440,0,0,0,0,1131650,0
[E3IROSRT-CSV] 2,202,3888880,2710470,0,0,0,0,1127210,0
[E3IROSRT-CSV] 2,203,3894760,2713100,0,0,0,0,1130560,0
[E3IROSRT-CSV] 2,204,4114800,2937400,0,0,0,0,1126060,0
[E3IROSRT-CSV] 2,205,3876340,2704760,0,0,0,0,1122230,0
[E3IROSRT-CSV] 2,206,3924260,2733560,0,0,0,0,1138460,0
[E3IROSRT-CSV] 2,207,3926530,2727090,0,0,0,0,1148500,0
[E3IROSRT-CSV] 2,208,3983750,2780470,0,0,0,0,1149820,0
[E3IROSRT-CSV] 2,209,3921250,2726460,0,0,0,0,1141100,0
[E3IROSRT-CSV] 2,210,3875010,2703190,0,0,0,0,1120300,0
[E3IROSRT-CSV] 2,211,3893380,2713390,0,0,0,0,1129800,0
[E3IROSRT-CSV] 2,212,3896430,2711120,0,0,0,0,1134580,0
[E3IROSRT-CSV] 2,213,3961990,2756580,0,0,0,0,1154460,0
[E3IROSRT-CSV] 2,214,3873500,2688620,0,0,0,0,1132130,0
[E3IROSRT-CSV] 2,215,3827730,2659120,0,0,0,0,1118250,0
[E3IROSRT-CSV] 2,216,3876860,2697910,0,0,0,0,1129150,0
[E3IROSRT-CSV] 2,217,3887950,2693720,0,0,0,0,1142250,0
[E3IROSRT-CSV] 2,218,3916300,2725490,0,0,0,0,1139550,0
[E3IROSRT-CSV] 2,219,3986720,2760420,0,0,0,0,1172320,0
[E3IROSRT-CSV] 2,220,3944210,2752100,0,0,0,0,1136710,0
[E3IROSRT-CSV] 2,221,3989940,2761530,0,0,0,0,1170630,0
[E3IROSRT-CSV] 2,222,3930770,2710720,0,0,0,0,1165220,0
[E3IROSRT-CSV] 2,223,4077140,2835840,0,0,0,0,1186450,0
[E3IROSRT-CSV] 2,224,3941410,2751050,0,0,0,0,1137060,0
[E3IROSRT-CSV] 2,225,3925090,2734990,0,0,0,0,1138010,0
[E3IROSRT-CSV] 2,226,3906530,2717040,0,0,0,0,1135770,0
[E3IROSRT-CSV] 2,227,3912040,2721340,0,0,0,0,1138650,0
[E3IROSRT-CSV] 2,228,3984260,2770950,0,0,0,0,1161080,0
[E3IROSRT-CSV] 2,229,3921240,2739390,0,0,0,0,1130220,0
[E3IROSRT-CSV] 2,230,4011480,2791530,0,0,0,0,1165200,0
[E3IROSRT-CSV] 2,231,3971370,2758200,0,0,0,0,1158020,0
[E3IROSRT-CSV] 2,232,3814740,2657350,0,0,0,0,1104060,0
[E3IROSRT-CSV] 2,233,3874230,2694080,0,0,0,0,1111920,0
[E3IROSRT-CSV] 2,234,3860600,2672040,0,0,0,0,1136320,0
[E3IROSRT-CSV] 2,235,3758890,2608960,0,0,0,0,1098130,0
[E3IROSRT-CSV] 2,236,3875810,2693850,0,0,0,0,1126900,0
[E3IROSRT-CSV] 2,237,3818760,2638470,0,0,0,0,1128170,0
[E3IROSRT-CSV] 2,238,3783650,2625170,0,0,0,0,1108230,0
[E3IROSRT-CSV] 2,239,3779350,2615380,0,0,0,0,1113030,0
[E3IROSRT-CSV] 2,240,3765230,2612140,0,0,0,0,1101600,0
[E3IROSRT-CSV] 2,241,3873620,2696820,0,0,0,0,1124780,0
[E3IROSRT-CSV] 2,242,3910270,2636660,0,0,0,0,1223940,0
[E3IROSRT-CSV] 2,243,3889800,2681380,0,0,0,0,1154610,0
[E3IROSRT-CSV] 2,244,3794010,2616630,0,0,0,0,1126900,0
[E3IROSRT-CSV] 2,245,3814000,2642220,0,0,0,0,1119560,0
[E3IROSRT-CSV] 2,246,3770600,2615080,0,0,0,0,1103770,0
[E3IROSRT-CSV] 2,247,3759660,2613310,0,0,0,0,1095200,0
[E3IROSRT-CSV] 2,248,3822540,2637940,0,0,0,0,1130990,0
[E3IROSRT-CSV] 2,249,3767350,2609970,0,0,0,0,1105950,0
[E3IROSRT-CSV] 2,250,3855960,2653370,0,0,0,0,1149980,0
[E3IROSRT-CSV] 2,251,3765370,2591450,0,0,0,0,1122890,0
[E3IROSRT-CSV] 2,252,3785340,2614350,0,0,0,0,1121680,0
[E3IROSRT-CSV] 2,253,3843400,2655020,0,0,0,0,1135990,0
[E3IROSRT-CSV] 2,254,3728350,2573580,0,0,0,0,1105170,0
[E3IROSRT-CSV] 2,255,3726120,2588970,0,0,0,0,1085410,0
[E3IROSRT-CSV] 2,256,3782890,2614180,0,0,0,0,1116640,0
[E3IROSRT-CSV] 2,257,3699580,2566640,0,0,0,0,1083340,0
[E3IROSRT-CSV] 2,258,3923410,2690900,0,0,0,0,1179310,0
[E3IROSRT-CSV] 2,259,3750220,2609630,0,0,0,0,1091470,0
[E3IROSRT-CSV] 2,260,3771290,2608260,0,0,0,0,1113510,0
[E3IROSRT-CSV] 2,261,3769630,2605770,0,0,0,0,1112640,0
[E3IROSRT-CSV] 2,262,3687030,2557110,0,0,0,0,1081130,0
[E3IROSRT-CSV] 2,263,3776220,2597100,0,0,0,0,1127710,0
[E3IROSRT-CSV] 2,264,3708680,2575300,0,0,0,0,1082640,0
[E3IROSRT-CSV] 2,265,3951610,2775020,0,0,0,0,1112090,0
[E3IROSRT-CSV] 2,266,3965230,2742790,0,0,0,0,1167770,0
[E3IROSRT-CSV] 2,267,3761320,2609570,0,0,0,0,1100090,0
[E3IROSRT-CSV] 2,268,3819600,2650630,0,0,0,0,1118100,0
[E3IROSRT-CSV] 2,269,3759730,2604080,0,0,0,0,1106030,0
[E3IROSRT-CSV] 2,270,3747780,2614880,0,0,0,0,1081390,0
[E3IROSRT-CSV] 2,271,3743040,2601290,0,0,0,0,1091300,0
[E3IROSRT-CSV] 2,272,3820580,2639750,0,0,0,0,1128270,0
[E3IROSRT-CSV] 2,273,3853740,2663730,0,0,0,0,1137440,0
[E3IROSRT-CSV] 2,274,3777250,2621730,0,0,0,0,1103230,0
[E3IROSRT-CSV] 2,275,3738760,2595810,0,0,0,0,1093650,0
[E3IROSRT-CSV] 2,276,3784790,2614770,0,0,0,0,1119600,0
[E3IROSRT-CSV] 2,277,3771190,2614400,0,0,0,0,1105130,0
[E3IROSRT-CSV] 2,278,3769800,2610970,0,0,0,0,1106690,0
[E3IROSRT-CSV] 2,279,3800070,2603920,0,0,0,0,1146290,0
[E3IROSRT-CSV] 2,280,3846690,2672550,0,0,0,0,1117060,0
[E3IROSRT-CSV] 2,281,3838480,2655660,0,0,0,0,1130050,0
[E3IROSRT-CSV] 2,282,4009430,2786450,0,0,0,0,1166580,0
[E3IROSRT-CSV] 2,283,3979640,2771530,0,0,0,0,1151380,0
[E3IROSRT-CSV] 2,284,3757270,2611890,0,0,0,0,1093580,0
[E3IROSRT-CSV] 2,285,3814160,2644680,0,0,0,0,1115670,0
[E3IROSRT-CSV] 2,286,3860250,2639360,0,0,0,0,1166750,0
[E3IROSRT-CSV] 2,287,3975400,2761870,0,0,0,0,1156230,0
[E3IROSRT-CSV] 2,288,3806540,2646600,0,0,0,0,1109450,0
[E3IROSRT-CSV] 2,289,3730520,2595680,0,0,0,0,1084600,0
[E3IROSRT-CSV] 2,290,4024580,2785600,0,0,0,0,1181320,0
[E3IROSRT-CSV] 2,291,3896540,2724500,0,0,0,0,1117320,0
[E3IROSRT-CSV] 2,292,4063660,2848680,0,0,0,0,1159480,0
[E3IROSRT-CSV] 2,293,3798370,2641300,0,0,0,0,1106310,0
[E3IROSRT-CSV] 2,294,3789150,2644580,0,0,0,0,1094680,0
[E3IROSRT-CSV] 2,295,3931820,2732560,0,0,0,0,1143840,0
[E3IROSRT-CSV] 2,296,3729480,2590300,0,0,0,0,1087680,0
[E3IROSRT-CSV] 2,297,3955810,2758400,0,0,0,0,1141020,0
[E3IROSRT-CSV] 2,298,3837240,2658930,0,0,0,0,1124990,0
[E3IROSRT-CSV] 2,299,3950820,2738260,0,0,0,0,1156520,0
[E3IROSRT-CSV] 2,300,3791220,2627650,0,0,0,0,1111340,0
[E3IROSRT-CSV] 2,301,3847260,2655820,0,0,0,0,1138830,0
[E3IROSRT-CSV] 2,302,3947040,2746000,0,0,0,0,1145800,0
[E3IROSRT-CSV] 2,303,4190000,2915380,0,0,0,0,1223750,0
[E3IROSRT-CSV] 2,304,3994540,2810610,0,0,0,0,1131020,0
[E3IROSRT-CSV] 2,305,3928270,2730260,0,0,0,0,1143860,0
[E3IROSRT-CSV] 2,306,3939000,2741630,0,0,0,0,1145580,0
[E3IROSRT-CSV] 2,307,3913020,2710200,0,0,0,0,1149380,0
[E3IROSRT-CSV] 2,308,3943580,2742460,0,0,0,0,1149030,0
[E3IROSRT-CSV] 2,309,4008790,2771280,0,0,0,0,1179910,0
[E3IROSRT-CSV] 2,310,3889650,2672490,0,0,0,0,1162620,0
[E3IROSRT-CSV] 2,311,4089280,2863860,0,0,0,0,1170520,0
[E3IROSRT-CSV] 2,312,3900630,2715790,0,0,0,0,1133030,0
[E3IROSRT-CSV] 2,313,3913070,2711360,0,0,0,0,1150030,0
[E3IROSRT-CSV] 2,314,3945290,2737040,0,0,0,0,1154600,0
[E3IROSRT-CSV] 2,315,3950400,2736350,0,0,0,0,1159470,0
[E3IROSRT-CSV] 2,316,3962370,2764090,0,0,0,0,1145410,0
[E3IROSRT-CSV] 2,317,3955130,2740650,0,0,0,0,1157820,0
[E3IROSRT-CSV] 2,318,3885020,2663960,0,0,0,0,1169040,0
[E3IROSRT-CSV] 2,319,4001760,2794550,0,0,0,0,1152410,0
[E3IROSRT-CSV] 2,320,3860670,2671900,0,0,0,0,1137690,0
[E3IROSRT-CSV] 2,321,3925400,2715550,0,0,0,0,1155640,0
[E3IROSRT-CSV] 2,322,4016640,2756120,0,0,0,0,1203290,0
[E3IROSRT-CSV] 2,323,3801780,2628540,0,0,0,0,1120880,0
[E3IROSRT-CSV] 2,324,3809940,2650220,0,0,0,0,1109220,0
[E3IROSRT-CSV] 2,325,3812480,2639130,0,0,0,0,1117850,0
[E3IROSRT-CSV] 2,326,3798230,2627510,0,0,0,0,1118580,0
[E3IROSRT-CSV] 2,327,3803100,2637500,0,0,0,0,1113760,0
[E3IROSRT-CSV] 2,328,3809420,2645640,0,0,0,0,1110730,0
[E3IROSRT-CSV] 2,329,4128120,2857250,0,0,0,0,1207890,0
[E3IROSRT-CSV] 2,330,3929400,2731980,0,0,0,0,1142470,0
[E3IROSRT-CSV] 2,331,3964720,2753760,0,0,0,0,1153040,0
[E3IROSRT-CSV] 2,332,3828160,2670090,0,0,0,0,1104940,0
[E3IROSRT-CSV] 2,333,4153540,2902880,0,0,0,0,1190190,0
[E3IROSRT-CSV] 2,334,3949720,2739560,0,0,0,0,1156740,0
[E3IROSRT-CSV] 2,335,3940600,2737410,0,0,0,0,1149970,0
[E3IROSRT-CSV] 2,336,3982410,2785510,0,0,0,0,1138540,0
[E3IROSRT-CSV] 2,337,3829800,2652590,0,0,0,0,1123010,0
[E3IROSRT-CSV] 2,338,4091610,2866820,0,0,0,0,1168680,0
[E3IROSRT-CSV] 2,339,3992420,2767970,0,0,0,0,1169220,0
[E3IROSRT-CSV] 2,340,3900940,2692650,0,0,0,0,1155990,0
[E3IROSRT-CSV] 2,341,3911610,2705980,0,0,0,0,1150390,0
[E3IROSRT-CSV] 2,342,4033840,2833000,0,0,0,0,1146250,0
[E3IROSRT-CSV] 2,343,4106290,2815320,0,0,0,0,1235230,0
[E3IROSRT-CSV] 2,344,3841710,2668580,0,0,0,0,1118650,0
[E3IROSRT-CSV] 2,345,3949770,2742870,0,0,0,0,1150340,0
[E3IROSRT-CSV] 2,346,3836730,2648340,0,0,0,0,1135820,0
[E3IROSRT-CSV] 2,347,3956210,2743090,0,0,0,0,1157610,0
[E3IROSRT-CSV] 2,348,4124990,2904340,0,0,0,0,1163160,0
[E3IROSRT-CSV] 2,349,3851380,2683460,0,0,0,0,1115330,0
[E3IROSRT-CSV] 2,350,4020350,2759310,0,0,0,0,1204570,0
[E3IROSRT-CSV] 2,351,3776630,2607160,0,0,0,0,1120160,0
[E3IROSRT-CSV] 2,352,3739110,2606010,0,0,0,0,1082630,0
[E3IROSRT-CSV] 2,353,3826280,2660680,0,0,0,0,1111100,0
[E3IROSRT-CSV] 2,354,3762950,2616720,0,0,0,0,1095230,0
[E3IROSRT-CSV] 2,355,3769600,2616550,0,0,0,0,1100700,0
[E3IROSRT-CSV] 2,356,3780720,2624030,0,0,0,0,1107240,0
[E3IROSRT-CSV] 2,357,3737190,2589800,0,0,0,0,1095770,0
[E3IROSRT-CSV] 2,358,3851930,2649860,0,0,0,0,1149630,0
[E3IROSRT-CSV] 2,359,3857140,2691360,0,0,0,0,1111830,0
[E3IROSRT-CSV] 2,360,3799740,2632240,0,0,0,0,1116900,0
[E3IROSRT-CSV] 2,361,3757800,2598670,0,0,0,0,1107590,0
[E3IROSRT-CSV] 2,362,3746710,2601200,0,0,0,0,1095010,0
[E3IROSRT-CSV] 2,363,3869390,2676020,0,0,0,0,1141390,0
[E3IROSRT-CSV] 2,364,3962610,2648040,0,0,0,0,1262910,0
[E3IROSRT-CSV] 2,365,3780510,2602700,0,0,0,0,1125220,0
[E3IROSRT-CSV] 2,366,3750070,2605420,0,0,0,0,1095950,0
[E3IROSRT-CSV] 2,367,3797890,2630620,0,0,0,0,1116760,0
[E3IROSRT-CSV] 2,368,3784530,2624510,0,0,0,0,1108200,0
[E3IROSRT-CSV] 2,369,3951140,2739300,0,0,0,0,1155150,0
[E3IROSRT-CSV] 2,370,3834630,2673450,0,0,0,0,1108390,0
[E3IROSRT-CSV] 2,371,3717980,2587820,0,0,0,0,1080320,0
[E3IROSRT-CSV] 2,372,3825310,2668690,0,0,0,0,1105120,0
[E3IROSRT-CSV] 2,373,3961220,2744590,0,0,0,0,1159960,0
[E3IROSRT-CSV] 2,374,3766240,2615950,0,0,0,0,1098880,0
[E3IROSRT-CSV] 2,375,3775240,2613560,0,0,0,0,1110440,0
[E3IROSRT-CSV] 2,376,3755450,2596500,0,0,0,0,1107490,0
[E3IROSRT-CSV] 2,377,3735020,2601810,0,0,0,0,1081960,0
[E3IROSRT-CSV] 2,378,3973320,2715630,0,0,0,0,1204950,0
[E3IROSRT-CSV] 2,379,4156470,2893860,0,0,0,0,1123440,0
[E3IROSRT-CSV] 2,380,4141070,2724360,0,0,0,0,1362190,0
[E3IROSRT-CSV] 2,381,3852440,2662050,0,0,0,0,1136150,0
[E3IROSRT-CSV] 2,382,3996750,2760460,0,0,0,0,1181500,0
[E3IROSRT-CSV] 2,383,3819100,2664970,0,0,0,0,1098940,0
[E3IROSRT-CSV] 2,384,4000170,2778490,0,0,0,0,1164330,0
[E3IROSRT-CSV] 2,385,4046450,2814060,0,0,0,0,1176760,0
[E3IROSRT-CSV] 2,386,4017380,2758010,0,0,0,0,1203740,0
[E3IROSRT-CSV] 2,387,4064820,2834500,0,0,0,0,1174550,0
[E3IROSRT-CSV] 2,388,3936000,2746240,0,0,0,0,1136310,0
[E3IROSRT-CSV] 2,389,3958640,2749920,0,0,0,0,1144410,0
[E3IROSRT-CSV] 2,390,4014590,2790210,0,0,0,0,1166320,0
[E3IROSRT-CSV] 2,391,3834540,2653780,0,0,0,0,1124480,0
[E3IROSRT-CSV] 2,392,3920920,2741440,0,0,0,0,1126460,0
[E3IROSRT-CSV] 2,393,3903110,2737810,0,0,0,0,1114400,0
[E3IROSRT-CSV] 2,394,3867260,2655910,0,0,0,0,1142240,0
[E3IROSRT-CSV] 2,395,4099960,2865990,0,0,0,0,1176340,0
[E3IROSRT-CSV] 2,396,3982040,2751640,0,0,0,0,1172630,0
[E3IROSRT-CSV] 2,397,3851320,2661940,0,0,0,0,1123850,0
[E3IROSRT-CSV] 2,398,3884450,2660440,0,0,0,0,1156370,0
[E3IROSRT-CSV] 2,399,3776410,2600740,0,0,0,0,1111280,0
[E3IROSRT-CSV] 2,400,3972590,2761950,0,0,0,0,1154200,0
[E3IROSRT-CSV] 2,401,3933540,2720440,0,0,0,0,1141670,0
[E3IROSRT-CSV] 2,402,3904460,2683050,0,0,0,0,1151630,0
[E3IROSRT-CSV] 2,403,3896810,2698180,0,0,0,0,1127870,0
[E3IROSRT-CSV] 2,404,4103200,2836710,0,0,0,0,1201900,0
[E3IROSRT-CSV] 2,405,4032860,2805730,0,0,0,0,1170460,0
[E3IROSRT-CSV] 2,406,3977080,2716010,0,0,0,0,1204760,0
[E3IROSRT-CSV] 2,407,3814280,2642050,0,0,0,0,1103510,0
[E3IROSRT-CSV] 2,408,3834570,2655700,0,0,0,0,1117750,0
[E3IROSRT-CSV] 2,409,4021460,2776850,0,0,0,0,1174270,0
[E3IROSRT-CSV] 2,410,4268780,3055020,0,0,0,0,1148790,0
[E3IROSRT-CSV] 2,411,3964550,2742530,0,0,0,0,1154070,0
[E3IROSRT-CSV] 2,412,3806870,2639890,0,0,0,0,1101610,0
[E3IROSRT-CSV] 2,413,3758810,2617340,0,0,0,0,1091260,0
[E3IROSRT-CSV] 2,414,3910920,2701540,0,0,0,0,1155360,0
[E3IROSRT-CSV] 2,415,3791010,2628170,0,0,0,0,1112170,0
[E3IROSRT-CSV] 2,416,3844690,2681330,0,0,0,0,1111870,0
[E3IROSRT-CSV] 2,417,3775940,2620110,0,0,0,0,1105280,0
[E3IROSRT-CSV] 2,418,3805230,2646040,0,0,0,0,1107890,0
[E3IROSRT-CSV] 2,419,4051010,2801950,0,0,0,0,1176310,0
[E3IROSRT-CSV] 2,420,4094270,2840350,0,0,0,0,1186160,0
[E3IROSRT-CSV] 2,421,3930990,2742550,0,0,0,0,1121520,0
[E3IROSRT-CSV] 2,422,3977090,2749740,0,0,0,0,1153790,0
[E3IROSRT-CSV] 2,423,3998700,2771600,0,0,0,0,1160400,0
[E3IROSRT-CSV] 2,424,3795280,2642290,0,0,0,0,1102640,0
[E3IROSRT-CSV] 2,425,3958650,2745440,0,0,0,0,1142880,0
[E3IROSRT-CSV] 2,426,3760490,2608730,0,0,0,0,1102180,0
[E3IROSRT-CSV] 2,427,3813340,2650710,0,0,0,0,1110940,0
[E3IROSRT-CSV] 2,428,3788710,2630700,0,0,0,0,1105690,0
[E3IROSRT-CSV] 2,429,4400300,3205540,0,0,0,0,1142730,0
[E3IROSRT-CSV] 2,430,4077360,2812520,0,0,0,0,1193800,0
[E3IROSRT-CSV] 2,431,3958450,2758940,0,0,0,0,1148270,0
[E3IROSRT-CSV] 2,432,3945220,2759360,0,0,0,0,1133130,0
[E3IROSRT-CSV] 2,433,3923820,2735470,0,0,0,0,1137630,0
[E3IROSRT-CSV] 2,434,3913050,2735990,0,0,0,0,1125950,0
[E3IROSRT-CSV] 2,435,4002620,2775490,0,0,0,0,1157960,0
[E3IROSRT-CSV] 2,436,3848720,2676970,0,0,0,0,1120670,0
[E3IROSRT-CSV] 2,437,4032870,2794350,0,0,0,0,1171030,0
[E3IROSRT-CSV] 2,438,3990860,2776020,0,0,0,0,1162900,0
[E3IROSRT-CSV] 2,439,3954310,2761710,0,0,0,0,1141400,0
[E3IROSRT-CSV] 2,440,3922580,2736300,0,0,0,0,1134090,0
[E3IROSRT-CSV] 2,441,3910770,2715720,0,0,0,0,1142300,0
[E3IROSRT-CSV] 2,442,4043890,2838330,0,0,0,0,1149310,0
[E3IROSRT-CSV] 2,443,4092930,2883820,0,0,0,0,1153890,0
[E3IROSRT-CSV] 2,444,3956000,2759620,0,0,0,0,1142580,0
[E3IROSRT-CSV] 2,445,3952220,2734910,0,0,0,0,1162340,0
[E3IROSRT-CSV] 2,446,3764890,2614250,0,0,0,0,1100590,0
[E3IROSRT-CSV] 2,447,3998330,2781970,0,0,0,0,1162420,0
[E3IROSRT-CSV] 2,448,3956730,2742440,0,0,0,0,1156900,0
[E3IROSRT-CSV] 2,449,4014440,2792930,0,0,0,0,1167920,0
[E3IROSRT-CSV] 2,450,3945000,2752420,0,0,0,0,1140380,0
[E3IROSRT-CSV] 2,451,3865880,2691650,0,0,0,0,1123110,0
[E3IROSRT-CSV] 2,452,3976150,2775580,0,0,0,0,1146600,0
[E3IROSRT-CSV] 2,453,4057700,2816480,0,0,0,0,1187330,0
[E3IROSRT-CSV] 2,454,4018040,2839880,0,0,0,0,1122170,0
[E3IROSRT-CSV] 2,455,3966860,2762130,0,0,0,0,1149590,0
[E3IROSRT-CSV] 2,456,3831290,2677050,0,0,0,0,1101470,0
[E3IROSRT-CSV] 2,457,3794680,2636210,0,0,0,0,1103890,0
[E3IROSRT-CSV] 2,458,3869580,2682260,0,0,0,0,1135130,0
[E3IROSRT-CSV] 2,459,3893050,2709240,0,0,0,0,1129390,0
[E3IROSRT-CSV] 2,460,3837220,2674540,0,0,0,0,1110830,0
[E3IROSRT-CSV] 2,461,3784680,2633540,0,0,0,0,1098690,0
[E3IROSRT-CSV] 2,462,3854940,2656620,0,0,0,0,1146320,0
[E3IROSRT-CSV] 2,463,3781670,2619280,0,0,0,0,1111310,0
[E3IROSRT-CSV] 2,464,3767750,2614670,0,0,0,0,1102450,0
[E3IROSRT-CSV] 2,465,3885980,2711770,0,0,0,0,1120320,0
[E3IROSRT-CSV] 2,466,3765410,2619860,0,0,0,0,1093950,0
[E3IROSRT-CSV] 2,467,3934820,2741970,0,0,0,0,1132060,0
[E3IROSRT-CSV] 2,468,3936490,2753880,0,0,0,0,1131140,0
[E3IROSRT-CSV] 2,469,4311040,3067940,0,0,0,0,1190220,0
[E3IROSRT-CSV] 2,470,4034460,2788010,0,0,0,0,1191450,0
[E3IROSRT-CSV] 2,471,4050050,2830920,0,0,0,0,1165460,0
[E3IROSRT-CSV] 2,472,3981480,2776450,0,0,0,0,1152050,0
[E3IROSRT-CSV] 2,473,3864090,2686680,0,0,0,0,1124230,0
[E3IROSRT-CSV] 2,474,4107230,2867260,0,0,0,0,1181110,0
[E3IROSRT-CSV] 2,475,3916290,2713170,0,0,0,0,1149440,0
[E3IROSRT-CSV] 2,476,4245510,2991910,0,0,0,0,1205420,0
[E3IROSRT-CSV] 2,477,3957290,2766140,0,0,0,0,1137890,0
[E3IROSRT-CSV] 2,478,4020470,2768820,0,0,0,0,1194490,0
[E3IROSRT-CSV] 2,479,4061380,2831670,0,0,0,0,1171390,0
[E3IROSRT-CSV] 2,480,3958310,2765540,0,0,0,0,1139290,0
[E3IROSRT-CSV] 2,481,3961040,2750690,0,0,0,0,1154600,0
[E3IROSRT-CSV] 2,482,4200810,2972820,0,0,0,0,1174580,0
[E3IROSRT-CSV] 2,483,3973550,2735510,0,0,0,0,1184480,0
[E3IROSRT-CSV] 2,484,4093970,2828860,0,0,0,0,1212570,0
[E3IROSRT-CSV] 2,485,3849460,2674070,0,0,0,0,1123210,0
[E3IROSRT-CSV] 2,486,3861780,2669580,0,0,0,0,1141970,0
[E3IROSRT-CSV] 2,487,3745680,2611630,0,0,0,0,1083120,0
[E3IROSRT-CSV] 2,488,3819700,2647190,0,0,0,0,1118450,0
[E3IROSRT-CSV] 2,489,4099370,2856670,0,0,0,0,1178330,0
[E3IROSRT-CSV] 2,490,3966930,2731240,0,0,0,0,1180280,0
[E3IROSRT-CSV] 2,491,3983470,2774020,0,0,0,0,1151430,0
[E3IROSRT-CSV] 2,492,3936580,2738340,0,0,0,0,1143870,0
[E3IROSRT-CSV] 2,493,4014290,2819720,0,0,0,0,1142640,0
[E3IROSRT-CSV] 2,494,3982200,2716500,0,0,0,0,1214450,0
[E3IROSRT-CSV] 2,495,3882900,2705200,0,0,0,0,1128050,0
[E3IROSRT-CSV] 2,496,3911940,2727790,0,0,0,0,1133330,0
[E3IROSRT-CSV] 2,497,3892950,2717120,0,0,0,0,1122890,0
[E3IROSRT-CSV] 2,498,3995520,2771800,0,0,0,0,1173230,0
[E3IROSRT-CSV] 2,499,3981260,2754620,0,0,0,0,1169760,0
[E3IROSRT-SUMMARY] chain_len=2 e2e_avg=3905174 publish_avg=2710362 sched_avg=1140212

*** FATAL ***
fatal source: 0 (INTERNAL_ERROR_CORE)
fatal code: 5 (INTERNAL_ERROR_THREAD_EXITTED)
RTEMS version: 6.1.0.not-released
RTEMS tools: 13.3.0 20240521 (RTEMS 6, RSB no-repo, Newlib 1b3dcfd)
executing thread ID: 0x0a010001
executing thread name: UI1 
