
RTEMS Shell on /dev/console. Use 'help' to list commands.
SHLL [/] # nexus0: <RTEMS Nexus device>
info: lo0: link state changed to UP
=== Exp3inter-ST: Task Chain (n=2) SingleThreadedExecutor ===
Period: 200ms, Rounds: 500
[E3IST-CSV] chain_len,round,e2e_ns,publish_ns,gc_trigger_ns,invoke_cb_ns,getnext_ns,take_data_ns,sched_ns,dispatch_ns
666666
CPP Msg not nullptr
CPP Msg not nullptr
CPP Msg not nullptr
CPP Msg not nullptr
C Msg not NULL
C Msg not NULL
CPP Srv not nullptr
CPP Srv not nullptr
CPP Srv not nullptr
CPP Srv not nullptr
CPP Srv not nullptr
CPP Srv not nullptr
CPP Msg not nullptr
CPP Msg not nullptr
CPP Msg not nullptr
CPP Msg not nullptr
CPP Msg not nullptr
CPP Msg not nullptr
C Msg not NULL
C Msg not NULL
CPP Srv not nullptr
CPP Srv not nullptr
CPP Srv not nullptr
CPP Srv not nullptr
CPP Srv not nullptr
CPP Srv not nullptr
CPP Msg not nullptr
CPP Msg not nullptr
CPP Msg not nullptr
CPP Msg not nullptr
CPP Msg not nullptr
CPP Msg not nullptr
[E3IST-CSV] 2,0,20125980,17274170,0,0,32780,0,1733420,1762157409
[E3IST-CSV] 2,1,8043380,2979680,0,0,169700,0,4989140,1945676399
[E3IST-CSV] 2,2,7247390,2531150,0,0,319120,0,4642040,2145825849
[E3IST-CSV] 2,3,7509600,2588090,0,0,333140,0,4846340,2346124049
[E3IST-CSV] 2,4,5650450,2422580,0,0,32110,0,2963780,2544442679
[E3IST-CSV] 2,5,7751290,2802600,0,0,168060,0,4874000,2745279659
[E3IST-CSV] 2,6,7607800,2545770,0,0,174460,0,4982580,2945147619
[E3IST-CSV] 2,7,7188640,2491530,0,0,162550,0,4621560,3145718209
[E3IST-CSV] 2,8,7529110,2580890,0,0,327350,0,4866610,3346043109
[E3IST-CSV] 2,9,7152550,2295300,0,0,165480,0,4784030,3545615249
[E3IST-CSV] 2,10,7351710,2593180,0,0,334660,0,4680480,3745836509
[E3IST-CSV] 2,11,7199790,2476130,0,0,164610,0,4648990,3945687469
[E3IST-CSV] 2,12,7163760,2520380,0,0,163360,0,4567190,4145635209
[E3IST-CSV] 2,13,7461010,2354890,0,0,169480,0,4870780,4346251249
[E3IST-CSV] 2,14,7164690,2312890,0,0,166360,0,4769860,4545607579
[E3IST-CSV] 2,15,6650450,2557110,0,0,286980,0,4015280,4745135369
[E3IST-CSV] 2,16,7208120,2506760,0,0,176300,0,4622840,4944682279
[E3IST-CSV] 2,17,7221640,2462470,0,0,163860,0,4681990,5145682009
[E3IST-CSV] 2,18,7481510,2535630,0,0,323920,0,4873140,5346011859
[E3IST-CSV] 2,19,7172860,2549120,0,0,163520,0,4550500,5545605739
[E3IST-CSV] 2,20,7635500,2591290,0,0,347070,0,4967480,5746057829
[E3IST-CSV] 2,21,7664600,2732390,0,0,320320,0,4858960,5946094909
[E3IST-CSV] 2,22,7236880,2442150,0,0,306870,0,4718980,6145716719
[E3IST-CSV] 2,23,7262020,2283860,0,0,167990,0,4903170,6345691809
[E3IST-CSV] 2,24,5707950,2564680,0,0,32870,0,3058560,6544401849
[E3IST-CSV] 2,25,7166030,2298280,0,0,180140,0,4792530,6744613919
[E3IST-CSV] 2,26,7125400,2446600,0,0,162580,0,4596510,6945593099
[E3IST-CSV] 2,27,7252750,2501210,0,0,163300,0,4667450,7145659979
[E3IST-CSV] 2,28,7134990,2443870,0,0,165690,0,4615870,7345585609
[E3IST-CSV] 2,29,7261200,2520990,0,0,162030,0,4665300,7545698749
[E3IST-CSV] 2,30,7239430,2518980,0,0,166310,0,4646480,7745634039
[E3IST-CSV] 2,31,7251150,2530790,0,0,163050,0,4638700,7945677969
[E3IST-CSV] 2,32,7377800,2488180,0,0,170460,0,4812510,8146104079
[E3IST-CSV] 2,33,7253390,2346010,0,0,165670,0,4824540,8346247579
[E3IST-CSV] 2,34,7255170,2500960,0,0,164590,0,4671520,8545676479
[E3IST-CSV] 2,35,7194590,2474550,0,0,164470,0,4646140,8745647389
[E3IST-CSV] 2,36,7193030,2274260,0,0,170550,0,4842810,8945612559
[E3IST-CSV] 2,37,8019110,2931510,0,0,167720,0,5006990,9146526269
[E3IST-CSV] 2,38,8538980,2486490,0,0,335860,0,5977950,9346981709
[E3IST-CSV] 2,39,7198970,2544010,0,0,167830,0,4585080,9545597669
[E3IST-CSV] 2,40,6150880,2507130,0,0,32610,0,3567610,9744668349
[E3IST-CSV] 2,41,6970710,2651770,0,0,169930,0,4236690,9945550479
[E3IST-CSV] 2,42,7329260,2515580,0,0,354040,0,4737400,10144791869
[E3IST-CSV] 2,43,7232000,2528440,0,0,168020,0,4631300,10345619299
[E3IST-CSV] 2,44,3106100,1027710,0,0,83440,0,2041700,10540527989
[E3IST-CSV] 2,45,9924780,5008700,0,0,162680,0,4832960,10748557999
[E3IST-CSV] 2,46,7246700,2505280,0,0,172950,0,4667170,10944678139
[E3IST-CSV] 2,47,7674100,2693470,0,0,179450,0,4905740,11145087919
[E3IST-CSV] 2,48,7437420,2521030,0,0,332350,0,4846380,11345965379
[E3IST-CSV] 2,49,7239500,2482040,0,0,319010,0,4683080,11545680189
[E3IST-CSV] 2,50,8145910,3239140,0,0,170290,0,4779830,11748452579
[E3IST-CSV] 2,51,7271100,2508620,0,0,311670,0,4685260,11945686909
[E3IST-CSV] 2,52,7266810,2523030,0,0,159110,0,4662130,12145631019
[E3IST-CSV] 2,53,7299200,2507030,0,0,311970,0,4715660,12345701499
[E3IST-CSV] 2,54,7407580,2484840,0,0,175790,0,4846900,12546078589
[E3IST-CSV] 2,55,7210500,2514510,0,0,162750,0,4619440,12745561419
[E3IST-CSV] 2,56,7218010,2514350,0,0,163080,0,4630370,12945579669
[E3IST-CSV] 2,57,7197900,2518520,0,0,164230,0,4603860,13145556609
[E3IST-CSV] 2,58,7198500,2488280,0,0,163700,0,4630720,13345575859
[E3IST-CSV] 2,59,7218260,2448800,0,0,166680,0,4693250,13545615999
[E3IST-CSV] 2,60,7250190,2522750,0,0,166250,0,4654710,13745608129
[E3IST-CSV] 2,61,7250390,2301150,0,0,168480,0,4868520,13945601029
[E3IST-CSV] 2,62,7130910,2279060,0,0,169160,0,4774560,14145490349
[E3IST-CSV] 2,63,7206250,2492760,0,0,315140,0,4642000,14345668269
[E3IST-CSV] 2,64,7635010,2510160,0,0,165750,0,5047900,14546014689
[E3IST-CSV] 2,65,7262610,2513760,0,0,167040,0,4674190,14745618589
[E3IST-CSV] 2,66,7253650,2323530,0,0,179010,0,4858290,14945563599
[E3IST-CSV] 2,67,7216970,2309640,0,0,166540,0,4831490,15145566699
[E3IST-CSV] 2,68,7180440,2326090,0,0,163790,0,4780310,15345487389
[E3IST-CSV] 2,69,7216370,2331300,0,0,165170,0,4811440,15545533729
[E3IST-CSV] 2,70,7245490,2481340,0,0,169300,0,4686480,15745615419
[E3IST-CSV] 2,71,7203830,2531030,0,0,162970,0,4600330,15945494299
[E3IST-CSV] 2,72,7237020,2451300,0,0,166990,0,4709880,16145596919
[E3IST-CSV] 2,73,7620000,2548700,0,0,179900,0,4987450,16346051849
[E3IST-CSV] 2,74,7209740,2501140,0,0,169680,0,4635520,16545527199
[E3IST-CSV] 2,75,5257330,2536380,0,0,32560,0,2641280,16743537719
[E3IST-CSV] 2,76,7193850,2323280,0,0,166590,0,4797370,16945502399
[E3IST-CSV] 2,77,7168300,2456800,0,0,168330,0,4636120,17145550969
[E3IST-CSV] 2,78,7521170,2520830,0,0,195910,0,4925370,17345997329
[E3IST-CSV] 2,79,7235470,2468950,0,0,165930,0,4692780,17545603129
[E3IST-CSV] 2,80,7286610,2538250,0,0,314020,0,4670720,17745630219
[E3IST-CSV] 2,81,7212780,2311250,0,0,166900,0,4826470,17945534069
[E3IST-CSV] 2,82,7248390,2522640,0,0,165930,0,4649930,18145583729
[E3IST-CSV] 2,83,7504490,2505000,0,0,321140,0,4915540,18345876199
[E3IST-CSV] 2,84,7174160,2278780,0,0,165940,0,4822250,18545500289
[E3IST-CSV] 2,85,7210200,2480770,0,0,314000,0,4655170,18745595289
[E3IST-CSV] 2,86,7353160,2577910,0,0,323950,0,4700440,18945673889
[E3IST-CSV] 2,87,7230410,2494560,0,0,176190,0,4661240,19145552429
[E3IST-CSV] 2,88,7234420,2496800,0,0,164170,0,4662170,19345576819
[E3IST-CSV] 2,89,7178850,2460240,0,0,167150,0,4643330,19545500109
[E3IST-CSV] 2,90,7288330,2511210,0,0,311220,0,4703370,19745605799
[E3IST-CSV] 2,91,7271210,2507290,0,0,317950,0,4687730,19945598679
[E3IST-CSV] 2,92,7222940,2497420,0,0,162950,0,4652080,20145538589
[E3IST-CSV] 2,93,7433200,2471860,0,0,332760,0,4887940,20345859069
[E3IST-CSV] 2,94,7265320,2311180,0,0,166490,0,4878020,20545542929
[E3IST-CSV] 2,95,7247040,2485310,0,0,314010,0,4677720,20745585299
[E3IST-CSV] 2,96,7193500,2313290,0,0,165860,0,4798680,20945477979
[E3IST-CSV] 2,97,7262090,2508190,0,0,309750,0,4678040,21145587759
[E3IST-CSV] 2,98,7200420,2464740,0,0,166300,0,4654890,21345556619
[E3IST-CSV] 2,99,7147660,2264740,0,0,164110,0,4810370,21545458139
[E3IST-CSV] 2,100,9209520,4145690,0,0,166040,0,4951860,21748409679
[E3IST-CSV] 2,101,7242240,2548620,0,0,313530,0,4619440,21945580309
[E3IST-CSV] 2,102,7135870,2311520,0,0,165960,0,4752200,22145414029
[E3IST-CSV] 2,103,7285940,2514540,0,0,308600,0,4696930,22345562719
[E3IST-CSV] 2,104,7302500,2525470,0,0,313100,0,4701150,22545585809
[E3IST-CSV] 2,105,7244560,2525190,0,0,164610,0,4642810,22745550829
[E3IST-CSV] 2,106,13907210,4177470,0,0,310480,0,9654100,22953190229
[E3IST-CSV] 2,107,7205480,2482380,0,0,163960,0,4640250,23145505769
[E3IST-CSV] 2,108,5442640,2581970,0,0,31630,0,2783710,23343826819
[E3IST-CSV] 2,109,7124040,2293690,0,0,166870,0,4757930,23545412079
[E3IST-CSV] 2,110,7140210,2318270,0,0,166730,0,4750670,23745387499
[E3IST-CSV] 2,111,7173430,2314630,0,0,167670,0,4781700,23945409199
[E3IST-CSV] 2,112,7228430,2329380,0,0,162770,0,4826520,24145472999
[E3IST-CSV] 2,113,7223740,2498200,0,0,166970,0,4650420,24345472199
[E3IST-CSV] 2,114,7193060,2330380,0,0,164590,0,4786670,24545421249
[E3IST-CSV] 2,115,7187560,2485250,0,0,161420,0,4624640,24745519439
[E3IST-CSV] 2,116,7221180,2527910,0,0,162770,0,4616630,24945498839
[E3IST-CSV] 2,117,7217190,2512640,0,0,162050,0,4627990,25145494919
[E3IST-CSV] 2,118,6443550,2490190,0,0,124690,0,3875840,25344724319
[E3IST-CSV] 2,119,7194750,2299500,0,0,165810,0,4821970,25545422509
[E3IST-CSV] 2,120,7221030,2489370,0,0,316520,0,4655450,25745577189
[E3IST-CSV] 2,121,7218420,2545860,0,0,163890,0,4595660,25945504899
[E3IST-CSV] 2,122,7214850,2304070,0,0,162320,0,4837420,26145427509
[E3IST-CSV] 2,123,7776540,2466610,0,0,173340,0,5233370,26346124989
[E3IST-CSV] 2,124,5429050,2516290,0,0,32000,0,2838930,26544672359
[E3IST-CSV] 2,125,7020000,2562470,0,0,166720,0,4380040,26745466359
[E3IST-CSV] 2,126,6882230,2404350,0,0,176880,0,4212490,26945456739
[E3IST-CSV] 2,127,7162700,2318420,0,0,165170,0,4767980,27145365679
[E3IST-CSV] 2,128,7164830,2317970,0,0,165950,0,4773880,27345379789
[E3IST-CSV] 2,129,7143370,2456760,0,0,162040,0,4613800,27545421559
[E3IST-CSV] 2,130,7197370,2499520,0,0,168820,0,4623270,27745392979
[E3IST-CSV] 2,131,6057600,2486040,0,0,31850,0,3494390,27944564139
[E3IST-CSV] 2,132,7144170,2444060,0,0,164670,0,4619940,28145393499
[E3IST-CSV] 2,133,7455710,2554300,0,0,165380,0,4821330,28345889629
[E3IST-CSV] 2,134,5471910,2486500,0,0,32340,0,2910670,28543715999
[E3IST-CSV] 2,135,7163530,2338200,0,0,168310,0,4754900,28745342559
[E3IST-CSV] 2,136,7162980,2542020,0,0,167560,0,4548420,28945357839
[E3IST-CSV] 2,137,7204550,2468870,0,0,164280,0,4661210,29145423999
[E3IST-CSV] 2,138,7238240,2500740,0,0,309020,0,4668130,29345519329
[E3IST-CSV] 2,139,7274910,2515680,0,0,164150,0,4685530,29545474019
[E3IST-CSV] 2,140,7300620,2515070,0,0,314800,0,4707510,29745519389
[E3IST-CSV] 2,141,7212390,2318620,0,0,167270,0,4819650,29945379189
[E3IST-CSV] 2,142,7143710,2306260,0,0,165660,0,4761120,30145335379
[E3IST-CSV] 2,143,7202270,2475000,0,0,165320,0,4648480,30345439839
[E3IST-CSV] 2,144,7213310,2512130,0,0,161960,0,4625200,30545401059
[E3IST-CSV] 2,145,7684830,2684630,0,0,170830,0,4921620,30745917159
[E3IST-CSV] 2,146,7208020,2489300,0,0,312160,0,4635860,30945518039
[E3IST-CSV] 2,147,7276430,2545120,0,0,315760,0,4654250,31145498999
[E3IST-CSV] 2,148,7213660,2493510,0,0,168120,0,4645830,31345396469
[E3IST-CSV] 2,149,7219390,2515170,0,0,166950,0,4630870,31545365949
[E3IST-CSV] 2,150,7123850,2442100,0,0,166860,0,4603930,31745337699
[E3IST-CSV] 2,151,7279960,2489470,0,0,307850,0,4712820,31945526559
[E3IST-CSV] 2,152,7226510,2528200,0,0,166470,0,4624380,32145365069
[E3IST-CSV] 2,153,7271320,2499360,0,0,317960,0,4700890,32345546159
[E3IST-CSV] 2,154,7235790,2530830,0,0,164070,0,4626060,32545422459
[E3IST-CSV] 2,155,5351410,2305160,0,0,41570,0,2967540,32743519359
[E3IST-CSV] 2,156,7191620,2453140,0,0,168520,0,4665760,32945405339
[E3IST-CSV] 2,157,7117960,2267560,0,0,166320,0,4777940,33145280279
[E3IST-CSV] 2,158,7192300,2297750,0,0,167380,0,4821560,33345360549
[E3IST-CSV] 2,159,7193980,2501050,0,0,159790,0,4615470,33545389759
[E3IST-CSV] 2,160,5528680,2488490,0,0,32450,0,2965670,33743699429
[E3IST-CSV] 2,161,7230060,2526660,0,0,163340,0,4627920,33945403299
[E3IST-CSV] 2,162,7273110,2561240,0,0,163550,0,4636000,34146420159
[E3IST-CSV] 2,163,7227740,2501530,0,0,172650,0,4655250,34345363999
[E3IST-CSV] 2,164,7193350,2296320,0,0,167410,0,4822130,34545338359
[E3IST-CSV] 2,165,7172570,2486510,0,0,161330,0,4611240,34745371259
[E3IST-CSV] 2,166,7093210,2442050,0,0,165800,0,4572790,34945272119
[E3IST-CSV] 2,167,7728770,2548230,0,0,166460,0,5100290,35145862689
[E3IST-CSV] 2,168,7276550,2518160,0,0,318560,0,4685100,35346504459
[E3IST-CSV] 2,169,7164570,2307690,0,0,166330,0,4781080,35545312849
[E3IST-CSV] 2,170,7182210,2363300,0,0,166340,0,4747840,35745271839
[E3IST-CSV] 2,171,7217320,2501070,0,0,305270,0,4643510,35945436749
[E3IST-CSV] 2,172,5683730,2574580,0,0,32570,0,3035670,36143838729
[E3IST-CSV] 2,173,7275130,2298220,0,0,164090,0,4902080,36345413699
[E3IST-CSV] 2,174,5592410,2314940,0,0,32220,0,3203180,36543697089
[E3IST-CSV] 2,175,7214690,2429210,0,0,166420,0,4708500,36745380659
[E3IST-CSV] 2,176,5602780,2555690,0,0,33490,0,2962560,36943781089
[E3IST-CSV] 2,177,5774680,2507500,0,0,33070,0,3197020,37143898779
[E3IST-CSV] 2,178,5564760,2552710,0,0,33460,0,2932970,37343727409
[E3IST-CSV] 2,179,5584970,2493230,0,0,33420,0,3016190,37543790349
[E3IST-CSV] 2,180,6359490,2426490,0,0,44020,0,3856050,37745260619
[E3IST-CSV] 2,181,7023460,2694740,0,0,168840,0,4232260,37946293429
[E3IST-CSV] 2,182,7210010,2467640,0,0,164400,0,4667740,38145363559
[E3IST-CSV] 2,183,7506670,2570340,0,0,170600,0,4862560,38345762069
[E3IST-CSV] 2,184,6192270,2559990,0,0,32350,0,3553840,38544594309
[E3IST-CSV] 2,185,7269720,2551160,0,0,307780,0,4642050,38745396659
[E3IST-CSV] 2,186,7150360,2292390,0,0,167060,0,4784210,38945255489
[E3IST-CSV] 2,187,7248940,2478970,0,0,306890,0,4693400,39145416599
[E3IST-CSV] 2,188,7238800,2480390,0,0,164060,0,4684540,39345333219
[E3IST-CSV] 2,189,7284350,2510440,0,0,165860,0,4698730,39545413389
[E3IST-CSV] 2,190,7212350,2475910,0,0,163160,0,4661540,39745352609
[E3IST-CSV] 2,191,7180950,2482060,0,0,312450,0,4616550,39945384999
[E3IST-CSV] 2,192,7191510,2525690,0,0,163290,0,4588230,40145322489
[E3IST-CSV] 2,193,7182910,2479030,0,0,165550,0,4623400,40345268219
[E3IST-CSV] 2,194,7234440,2471340,0,0,163350,0,4679730,40545357939
[E3IST-CSV] 2,195,5397400,2316290,0,0,32200,0,3007100,40743469519
[E3IST-CSV] 2,196,7442620,2520670,0,0,165500,0,4845580,40945827529
[E3IST-CSV] 2,197,7202740,2481540,0,0,163490,0,4647010,41145319089
[E3IST-CSV] 2,198,5517500,2490460,0,0,33520,0,2949260,41343721559
[E3IST-CSV] 2,199,5508360,2505600,0,0,32180,0,2926680,41543609209
[E3IST-CSV] 2,200,7640060,2293800,0,0,168030,0,5271270,41745724109
[E3IST-CSV] 2,201,8639730,2548010,0,0,181470,0,6013560,41947002889
[E3IST-CSV] 2,202,7208120,2295470,0,0,164180,0,4839030,42145291439
[E3IST-CSV] 2,203,7172550,2303970,0,0,165710,0,4790940,42345256959
[E3IST-CSV] 2,204,7645120,2473060,0,0,168990,0,5096120,42545742449
[E3IST-CSV] 2,205,7267690,2551910,0,0,322280,0,4637700,42745452999
[E3IST-CSV] 2,206,7166410,2322580,0,0,167850,0,4770690,42945202769
[E3IST-CSV] 2,207,7236490,2295750,0,0,163820,0,4869270,43145312209
[E3IST-CSV] 2,208,7247050,2288710,0,0,167760,0,4885440,43345293159
[E3IST-CSV] 2,209,5724720,2507000,0,0,32600,0,3144010,43544780639
[E3IST-CSV] 2,210,7205660,2293010,0,0,163420,0,4839760,43745231899
[E3IST-CSV] 2,211,7173190,2457630,0,0,166140,0,4636460,43945290879
[E3IST-CSV] 2,212,5551690,2498090,0,0,31730,0,2980320,44143589109
[E3IST-CSV] 2,213,7111390,2746890,0,0,169070,0,4293200,44345279159
[E3IST-CSV] 2,214,7176130,2483710,0,0,164480,0,4616190,44545237199
[E3IST-CSV] 2,215,7220590,2463620,0,0,164250,0,4678520,44745297529
[E3IST-CSV] 2,216,7186880,2324420,0,0,167280,0,4787870,44945212859
[E3IST-CSV] 2,217,7290320,2491560,0,0,317800,0,4720390,45145421549
[E3IST-CSV] 2,218,7225880,2332960,0,0,162080,0,4809990,45345233199
[E3IST-CSV] 2,219,7218470,2311020,0,0,165830,0,4834650,45545262729
[E3IST-CSV] 2,220,7165320,2501940,0,0,166760,0,4586840,45745217049
[E3IST-CSV] 2,221,7699490,2476840,0,0,192540,0,5146920,45945878309
[E3IST-CSV] 2,222,7755040,2650520,0,0,173850,0,5022330,46145820489
[E3IST-CSV] 2,223,7802450,2701550,0,0,174270,0,5024730,46345884569
[E3IST-CSV] 2,224,5488850,2598110,0,0,31070,0,2814420,46543579769
[E3IST-CSV] 2,225,6539600,2581540,0,0,34920,0,3884850,46744766329
[E3IST-CSV] 2,226,7716890,2591830,0,0,169640,0,5050250,46945778029
[E3IST-CSV] 2,227,7645530,2599630,0,0,348240,0,4969230,47145723229
[E3IST-CSV] 2,228,7704560,2661160,0,0,172470,0,4970090,47345898539
[E3IST-CSV] 2,229,7233040,2522500,0,0,164510,0,4618690,47545246229
[E3IST-CSV] 2,230,7121470,2450480,0,0,171390,0,4360470,47745486699
[E3IST-CSV] 2,231,7199040,2492350,0,0,163330,0,4630010,47945221249
[E3IST-CSV] 2,232,5676650,2295100,0,0,33780,0,3300910,48143671099
[E3IST-CSV] 2,233,7254440,2505500,0,0,164520,0,4667640,48345232959
[E3IST-CSV] 2,234,7658650,2582890,0,0,350010,0,4998540,48545724179
[E3IST-CSV] 2,235,7666720,2574190,0,0,174610,0,5017240,48745759359
[E3IST-CSV] 2,236,7335660,2534960,0,0,321840,0,4720900,48945385299
[E3IST-CSV] 2,237,5701540,2449240,0,0,33050,0,3177760,49144749139
[E3IST-CSV] 2,238,7204040,2511470,0,0,165010,0,4613410,49345186049
[E3IST-CSV] 2,239,7185700,2509920,0,0,168860,0,4596280,49546168749
[E3IST-CSV] 2,240,7716320,2619450,0,0,172550,0,5019720,49746841389
[E3IST-CSV] 2,241,7715260,2617880,0,0,172090,0,5014890,49945772689
[E3IST-CSV] 2,242,7213880,2498180,0,0,163320,0,4635660,50145241569
[E3IST-CSV] 2,243,5457120,2500750,0,0,67700,0,2881510,50343585779
[E3IST-CSV] 2,244,7187640,2477200,0,0,165010,0,4634290,50545223529
[E3IST-CSV] 2,245,7691510,2495650,0,0,171330,0,5117720,50745907329
[E3IST-CSV] 2,246,7121080,2463110,0,0,161650,0,4575310,50946119309
[E3IST-CSV] 2,247,7479870,2601240,0,0,167020,0,4800780,51146739509
[E3IST-CSV] 2,248,7852080,2647840,0,0,176810,0,5126280,51346892269
[E3IST-CSV] 2,249,7255020,2543840,0,0,164190,0,4625800,51545223729
[E3IST-CSV] 2,250,7153500,2464650,0,0,164050,0,4604390,51746147249
[E3IST-CSV] 2,251,5810530,2558200,0,0,32480,0,3165610,51944780329
[E3IST-CSV] 2,252,7211770,2522690,0,0,163550,0,4615740,52145146679
[E3IST-CSV] 2,253,5772860,2318130,0,0,32730,0,3363780,52343710379
[E3IST-CSV] 2,254,7137010,2311450,0,0,166980,0,4750490,52545073989
[E3IST-CSV] 2,255,6456630,2528920,0,0,33850,0,3843570,52745716129
[E3IST-CSV] 2,256,7178020,2488930,0,0,163010,0,4602140,52945158259
[E3IST-CSV] 2,257,7211130,2482330,0,0,162790,0,4642560,53146181529
[E3IST-CSV] 2,258,7237850,2495090,0,0,312940,0,4671150,53346330659
[E3IST-CSV] 2,259,7276730,2538010,0,0,164760,0,4665870,53546182009
[E3IST-CSV] 2,260,7723870,2489380,0,0,164280,0,5149440,53746724989
[E3IST-CSV] 2,261,7199780,2535610,0,0,161870,0,4582580,53946118769
[E3IST-CSV] 2,262,7189230,2371540,0,0,168130,0,4739410,54146087599
[E3IST-CSV] 2,263,7186900,2340120,0,0,176700,0,4768460,54346108899
[E3IST-CSV] 2,264,7159710,2322040,0,0,168700,0,4762150,54546073609
[E3IST-CSV] 2,265,7128930,2318530,0,0,175470,0,4739610,54746048659
[E3IST-CSV] 2,266,7168050,2477870,0,0,165820,0,4601660,54946126759
[E3IST-CSV] 2,267,7108250,2316430,0,0,179450,0,4721280,55145991169
[E3IST-CSV] 2,268,5736370,2294570,0,0,32700,0,3360420,55344679849
[E3IST-CSV] 2,269,7200000,2333150,0,0,168820,0,4788280,55545075859
[E3IST-CSV] 2,270,7716670,2588710,0,0,173350,0,5030190,55746698829
[E3IST-CSV] 2,271,7753400,2853920,0,0,166870,0,4817890,55946684249
[E3IST-CSV] 2,272,7280760,2599280,0,0,303020,0,4599460,56145228719
[E3IST-CSV] 2,273,7504510,2568180,0,0,168990,0,4865030,56346603959
[E3IST-CSV] 2,274,7840470,2735840,0,0,167810,0,5019450,56546769119
[E3IST-CSV] 2,275,7300320,2495610,0,0,163860,0,4721160,56745242139
[E3IST-CSV] 2,276,5881570,2507040,0,0,31920,0,3298650,56944794829
[E3IST-CSV] 2,277,7688130,2806640,0,0,167860,0,4808890,57145592589
[E3IST-CSV] 2,278,7373480,2743890,0,0,167810,0,4543560,57345363919
[E3IST-CSV] 2,279,7379860,2511280,0,0,169570,0,4790090,57545547909
[E3IST-CSV] 2,280,7216200,2533580,0,0,161160,0,4608280,57746113189
[E3IST-CSV] 2,281,7158890,2300270,0,0,163110,0,4783050,57946076059
[E3IST-CSV] 2,282,7157960,2340290,0,0,170590,0,4743060,58146031989
[E3IST-CSV] 2,283,5686450,2551070,0,0,43370,0,3061870,58344561359
[E3IST-CSV] 2,284,6593540,2536890,0,0,34600,0,3979940,58544775629
[E3IST-CSV] 2,285,7716900,2839790,0,0,169230,0,4805340,58745584469
[E3IST-CSV] 2,286,7133960,2310530,0,0,174460,0,4751140,58947005969
[E3IST-CSV] 2,287,7228180,2492080,0,0,173830,0,4656630,59146120259
[E3IST-CSV] 2,288,7463400,2536660,0,0,316580,0,4846730,59346462839
[E3IST-CSV] 2,289,7175550,2324290,0,0,176040,0,4771500,59546039719
[E3IST-CSV] 2,290,7117780,2319000,0,0,176420,0,4721690,59745998239
[E3IST-CSV] 2,291,7626710,2622370,0,0,346900,0,4930050,59946553849
[E3IST-CSV] 2,292,7676860,2614960,0,0,175830,0,4978940,60146635249
[E3IST-CSV] 2,293,6588530,2551950,0,0,34790,0,3951160,60344592319
[E3IST-CSV] 2,294,7240970,2495870,0,0,165330,0,4661360,60545129419
[E3IST-CSV] 2,295,7300890,2542490,0,0,162350,0,4683590,60746174869
[E3IST-CSV] 2,296,7084960,2461830,0,0,153290,0,4546740,60946275669
[E3IST-CSV] 2,297,7304210,2545350,0,0,319210,0,4672350,61145276559
[E3IST-CSV] 2,298,7240640,2511240,0,0,310460,0,4645730,61346182069
[E3IST-CSV] 2,299,7161800,2369490,0,0,174400,0,4719480,61545969189
[E3IST-CSV] 2,300,6104550,2364450,0,0,41060,0,3667190,61744928509
[E3IST-CSV] 2,301,6495860,2355940,0,0,54430,0,3917690,61944724439
[E3IST-CSV] 2,302,5791580,2510870,0,0,32760,0,3199690,62143656689
[E3IST-CSV] 2,303,7265020,2503160,0,0,315020,0,4670280,62345246989
[E3IST-CSV] 2,304,7129450,2298230,0,0,176840,0,4759620,62546006669
[E3IST-CSV] 2,305,7104290,2306090,0,0,175160,0,4724960,62745974619
[E3IST-CSV] 2,306,7159620,2481070,0,0,174060,0,4598170,62946039099
[E3IST-CSV] 2,307,7142060,2292700,0,0,177470,0,4777460,63145930659
[E3IST-CSV] 2,308,6783510,2525530,0,0,31750,0,4179190,63345913339
[E3IST-CSV] 2,309,6419170,2499040,0,0,76050,0,3844590,63544304149
[E3IST-CSV] 2,310,7184920,2343470,0,0,175850,0,4767820,63744990109
[E3IST-CSV] 2,311,7125310,2294980,0,0,177690,0,4757750,63945992879
[E3IST-CSV] 2,312,7169850,2304340,0,0,172010,0,4787980,64146006499
[E3IST-CSV] 2,313,7177320,2487110,0,0,171650,0,4607220,64346034289
[E3IST-CSV] 2,314,7759650,2691480,0,0,175470,0,4992450,64546663969
[E3IST-CSV] 2,315,7634990,2581070,0,0,357690,0,4979050,64745491379
[E3IST-CSV] 2,316,7662790,2606000,0,0,175390,0,4975490,64945530969
[E3IST-CSV] 2,317,7714850,2572760,0,0,172050,0,5068070,65145563629
[E3IST-CSV] 2,318,7303180,2506810,0,0,312100,0,4724760,65345226289
[E3IST-CSV] 2,319,7075780,2289130,0,0,175460,0,4714170,65545902359
[E3IST-CSV] 2,320,7134970,2321230,0,0,174070,0,4738250,65745963399
[E3IST-CSV] 2,321,7170020,2288400,0,0,172990,0,4809490,65946014209
[E3IST-CSV] 2,322,5789760,2475480,0,0,32310,0,3239000,66144679999
[E3IST-CSV] 2,323,7275590,2591010,0,0,160260,0,4608170,66345095909
[E3IST-CSV] 2,324,7282440,2538150,0,0,316010,0,4670050,66546154299
[E3IST-CSV] 2,325,5910410,2521950,0,0,31910,0,3312480,66744746689
[E3IST-CSV] 2,326,7772370,2631110,0,0,171820,0,5064890,66945677489
[E3IST-CSV] 2,327,7699700,2567510,0,0,344400,0,5051220,67145545979
[E3IST-CSV] 2,328,7800300,2666680,0,0,174160,0,5050650,67345655809
[E3IST-CSV] 2,329,7662790,2597120,0,0,175770,0,4984550,67545573729
[E3IST-CSV] 2,330,7647500,2611880,0,0,345490,0,4961110,67746477419
[E3IST-CSV] 2,331,7643190,2599440,0,0,355940,0,4968680,67945480409
[E3IST-CSV] 2,332,7653540,2645630,0,0,174550,0,4933630,68145510259
[E3IST-CSV] 2,333,7702610,2583880,0,0,174800,0,5034650,68346668479
[E3IST-CSV] 2,334,7724370,2606380,0,0,174670,0,5043450,68546616519
[E3IST-CSV] 2,335,7717430,2603750,0,0,174560,0,5037560,68746567049
[E3IST-CSV] 2,336,7668510,2622740,0,0,177440,0,4972130,68945515859
[E3IST-CSV] 2,337,7289320,2562630,0,0,311470,0,4648160,69145115899
[E3IST-CSV] 2,338,7256830,2539380,0,0,305520,0,4640790,69346094999
[E3IST-CSV] 2,339,7163710,2329060,0,0,174340,0,4762200,69545946889
[E3IST-CSV] 2,340,7214020,2327690,0,0,196560,0,4815360,69745978779
[E3IST-CSV] 2,341,7692190,2626510,0,0,171370,0,4988050,69946586959
[E3IST-CSV] 2,342,7115730,2274180,0,0,170400,0,4765640,70145922979
[E3IST-CSV] 2,343,7108010,2285790,0,0,170880,0,4751010,70345857249
[E3IST-CSV] 2,344,7220360,2516880,0,0,170270,0,4620760,70546030249
[E3IST-CSV] 2,345,7126960,2457670,0,0,172780,0,4594010,70745941249
[E3IST-CSV] 2,346,7189730,2492920,0,0,172160,0,4622080,70946003889
[E3IST-CSV] 2,347,7138480,2291690,0,0,174700,0,4766430,71145921629
[E3IST-CSV] 2,348,7506970,2539320,0,0,322010,0,4896220,71346365419
[E3IST-CSV] 2,349,7213450,2331300,0,0,180810,0,4810050,71545967729
[E3IST-CSV] 2,350,7152250,2305930,0,0,164060,0,4770890,71745903719
[E3IST-CSV] 2,351,7184920,2514990,0,0,172830,0,4595960,71945937059
[E3IST-CSV] 2,352,7234610,2306760,0,0,203680,0,4848290,72145996639
[E3IST-CSV] 2,353,7522820,2511850,0,0,167870,0,4910590,72346505129
[E3IST-CSV] 2,354,7170150,2302570,0,0,175300,0,4786920,72544913139
[E3IST-CSV] 2,355,7285130,2305660,0,0,175800,0,4904590,72746064119
[E3IST-CSV] 2,356,6752580,2490300,0,0,169010,0,4164960,72945750869
[E3IST-CSV] 2,357,7181920,2299480,0,0,174610,0,4810310,73144953099
[E3IST-CSV] 2,358,7192560,2326380,0,0,166000,0,4783160,73345937449
[E3IST-CSV] 2,359,7127090,2299290,0,0,162690,0,4753940,73545861259
[E3IST-CSV] 2,360,5974460,2374330,0,0,32470,0,3519090,73744672039
[E3IST-CSV] 2,361,6634160,2575950,0,0,33390,0,3979750,73944541169
[E3IST-CSV] 2,362,7249130,2319500,0,0,173540,0,4848760,74144994769
[E3IST-CSV] 2,363,7500140,2495030,0,0,172650,0,4930290,74346432579
[E3IST-CSV] 2,364,7146520,2335520,0,0,171480,0,4739110,74545856389
[E3IST-CSV] 2,365,7163560,2335910,0,0,165570,0,4748680,74746880899
[E3IST-CSV] 2,366,5926180,2517920,0,0,41720,0,3327500,74944644279
[E3IST-CSV] 2,367,5816310,2290280,0,0,32960,0,3454830,75143556349
[E3IST-CSV] 2,368,7302540,2565890,0,0,175840,0,4662610,75345044249
[E3IST-CSV] 2,369,6103530,2470070,0,0,34940,0,3560180,75544854189
[E3IST-CSV] 2,370,7139570,2450670,0,0,175150,0,4615090,75744914149
[E3IST-CSV] 2,371,5904310,2523450,0,0,42240,0,3309840,75944601079
[E3IST-CSV] 2,372,7220680,2523420,0,0,175160,0,4617720,76144979489
[E3IST-CSV] 2,373,7290400,2512100,0,0,324160,0,4700890,76346085239
[E3IST-CSV] 2,374,7213980,2555440,0,0,172220,0,4583320,76545948309
[E3IST-CSV] 2,375,6086450,2340200,0,0,32330,0,3672340,76744784069
[E3IST-CSV] 2,376,7267790,2310510,0,0,178030,0,4884710,76945000819
[E3IST-CSV] 2,377,7153760,2488250,0,0,174650,0,4593720,77145913909
[E3IST-CSV] 2,378,7479050,2506510,0,0,322710,0,4898900,77346346739
[E3IST-CSV] 2,379,7190330,2490490,0,0,170660,0,4623950,77545941579
[E3IST-CSV] 2,380,7633950,2472390,0,0,167350,0,5086150,77746413859
[E3IST-CSV] 2,381,7282470,2544070,0,0,318780,0,4654980,77944987379
[E3IST-CSV] 2,382,7175750,2330130,0,0,161860,0,4770030,78145879219
[E3IST-CSV] 2,383,7197240,2338980,0,0,164840,0,4777580,78345847879
[E3IST-CSV] 2,384,7348380,2634330,0,0,322580,0,4636160,78546039029
[E3IST-CSV] 2,385,7146610,2462930,0,0,170860,0,4609740,78745914019
[E3IST-CSV] 2,386,7192810,2326070,0,0,167890,0,4794380,78945872219
[E3IST-CSV] 2,387,7169810,2302170,0,0,170080,0,4797230,79145824519
[E3IST-CSV] 2,388,7817570,2528890,0,0,168390,0,5210820,79346559239
[E3IST-CSV] 2,389,7241490,2481840,0,0,177540,0,4684480,79544965409
[E3IST-CSV] 2,390,7160810,2326980,0,0,165100,0,4762500,79745828879
[E3IST-CSV] 2,391,5709580,2522610,0,0,33140,0,3109990,79944440509
[E3IST-CSV] 2,392,8600450,2340070,0,0,340250,0,6189610,80146270309
[E3IST-CSV] 2,393,7277070,2471420,0,0,330060,0,4734130,80346078039
[E3IST-CSV] 2,394,7228800,2545850,0,0,175220,0,4607290,80545904079
[E3IST-CSV] 2,395,7244830,2542100,0,0,168990,0,4619960,80745946969
[E3IST-CSV] 2,396,7669100,2634530,0,0,351680,0,4958740,80946376649
[E3IST-CSV] 2,397,7289940,2563120,0,0,331550,0,4650360,81146013279
[E3IST-CSV] 2,398,7407510,2346690,0,0,169140,0,4824270,81346421229
[E3IST-CSV] 2,399,7198040,2497940,0,0,168340,0,4623100,81545910719
[E3IST-CSV] 2,400,7217140,2354630,0,0,163580,0,4789410,81745858169
[E3IST-CSV] 2,401,7231210,2329740,0,0,163080,0,4825500,81945884169
[E3IST-CSV] 2,402,7285960,2550030,0,0,175550,0,4659380,82145952079
[E3IST-CSV] 2,403,7650510,2591530,0,0,176330,0,4978560,82346360019
[E3IST-CSV] 2,404,7247460,2537500,0,0,315270,0,4633680,82545941559
[E3IST-CSV] 2,405,7493320,2569370,0,0,167030,0,4844610,82746361319
[E3IST-CSV] 2,406,7214670,2296910,0,0,175160,0,4842230,82944850139
[E3IST-CSV] 2,407,7246260,2532120,0,0,171250,0,4637480,83145904309
[E3IST-CSV] 2,408,7478610,2506400,0,0,327040,0,4898420,83346240109
[E3IST-CSV] 2,409,7258240,2365040,0,0,163810,0,4819740,83545848619
[E3IST-CSV] 2,410,7262980,2296240,0,0,164420,0,4893430,83745894709
[E3IST-CSV] 2,411,7141160,2445660,0,0,161630,0,4620010,83945834559
[E3IST-CSV] 2,412,7190980,2497690,0,0,163890,0,4618300,84145874689
[E3IST-CSV] 2,413,7748980,2765480,0,0,174200,0,4904880,84346572279
[E3IST-CSV] 2,414,7254970,2506890,0,0,176440,0,4661820,84544890589
[E3IST-CSV] 2,415,7361830,2472110,0,0,312620,0,4806120,84746260359
[E3IST-CSV] 2,416,7210030,2306090,0,0,166350,0,4829310,84945858269
[E3IST-CSV] 2,417,7266290,2293040,0,0,162760,0,4893870,85145873919
[E3IST-CSV] 2,418,7175090,2265670,0,0,165010,0,4833410,85345842469
[E3IST-CSV] 2,419,7141040,2318740,0,0,166360,0,4749660,85545723019
[E3IST-CSV] 2,420,7239340,2368310,0,0,169570,0,4799620,85745799789
[E3IST-CSV] 2,421,7152930,2286970,0,0,163210,0,4790470,85945823039
[E3IST-CSV] 2,422,7224700,2509310,0,0,165770,0,4643840,86145828069
[E3IST-CSV] 2,423,7462780,2475870,0,0,340560,0,4916680,86346249389
[E3IST-CSV] 2,424,7382740,2629810,0,0,319530,0,4678770,86545971349
[E3IST-CSV] 2,425,7297240,2485320,0,0,328550,0,4738220,86745945009
[E3IST-CSV] 2,426,7295510,2501630,0,0,321700,0,4723440,86945904519
[E3IST-CSV] 2,427,7295710,2554500,0,0,162880,0,4667280,87145883499
[E3IST-CSV] 2,428,7235300,2545450,0,0,166970,0,4618310,87345833159
[E3IST-CSV] 2,429,7157510,2316510,0,0,168050,0,4770540,87545708669
[E3IST-CSV] 2,430,7107750,2270410,0,0,166570,0,4765760,87745724759
[E3IST-CSV] 2,431,7194690,2316350,0,0,165590,0,4806130,87945803879
[E3IST-CSV] 2,432,7311400,2570150,0,0,165530,0,4659170,88145868709
[E3IST-CSV] 2,433,7277950,2329230,0,0,163870,0,4876340,88345879599
[E3IST-CSV] 2,434,7268080,2557810,0,0,165830,0,4635750,88545830389
[E3IST-CSV] 2,435,7226030,2327940,0,0,165250,0,4824060,88745797349
[E3IST-CSV] 2,436,7301100,2532890,0,0,331610,0,4684790,88945983179
[E3IST-CSV] 2,437,7646910,2510510,0,0,359240,0,5061800,89146255039
[E3IST-CSV] 2,438,7280060,2495450,0,0,318080,0,4715820,89345961539
[E3IST-CSV] 2,439,7219600,2469620,0,0,164890,0,4668920,89545831199
[E3IST-CSV] 2,440,7235950,2364920,0,0,165800,0,4800120,89745771749
[E3IST-CSV] 2,441,7244770,2533200,0,0,165930,0,4637540,89945842099
[E3IST-CSV] 2,442,7232800,2336620,0,0,166610,0,4818620,90145802479
[E3IST-CSV] 2,443,7210390,2299190,0,0,165000,0,4835950,90345801259
[E3IST-CSV] 2,444,7250340,2347390,0,0,166450,0,4820820,90545797609
[E3IST-CSV] 2,445,7212600,2314940,0,0,166590,0,4824730,90745786589
[E3IST-CSV] 2,446,7234410,2486460,0,0,164100,0,4670470,90945844849
[E3IST-CSV] 2,447,7257170,2475210,0,0,169250,0,4708650,91145859599
[E3IST-CSV] 2,448,7267190,2498040,0,0,166960,0,4691890,91345833659
[E3IST-CSV] 2,449,7335990,2530920,0,0,164110,0,4723220,91545894419
[E3IST-CSV] 2,450,7243580,2325450,0,0,165410,0,4845950,91745790279
[E3IST-CSV] 2,451,7251180,2512650,0,0,321840,0,4664200,91945869749
[E3IST-CSV] 2,452,7261410,2365670,0,0,166840,0,4816320,92145780709
[E3IST-CSV] 2,453,7258170,2503750,0,0,329300,0,4672510,92345964439
[E3IST-CSV] 2,454,7185350,2284440,0,0,166950,0,4826450,92545771239
[E3IST-CSV] 2,455,7288640,2489880,0,0,330510,0,4723750,92745876599
[E3IST-CSV] 2,456,7258390,2527750,0,0,163540,0,4657580,92945846009
[E3IST-CSV] 2,457,7226650,2316390,0,0,167810,0,4838200,93145771739
[E3IST-CSV] 2,458,7245190,2504090,0,0,318540,0,4665890,93345847989
[E3IST-CSV] 2,459,7236170,2490190,0,0,176220,0,4673230,93545818979
[E3IST-CSV] 2,460,7216870,2512330,0,0,167930,0,4632000,93745796699
[E3IST-CSV] 2,461,7210360,2301630,0,0,165250,0,4833200,93945783449
[E3IST-CSV] 2,462,7209200,2271340,0,0,167640,0,4865920,94145715119
[E3IST-CSV] 2,463,7216850,2506240,0,0,165360,0,4627750,94345749909
[E3IST-CSV] 2,464,7275430,2562180,0,0,166070,0,4640270,94545801329
[E3IST-CSV] 2,465,7203270,2301100,0,0,163790,0,4828760,94745706469
[E3IST-CSV] 2,466,7259910,2292110,0,0,164070,0,4893720,94945817399
[E3IST-CSV] 2,467,7399510,2573660,0,0,337520,0,4743740,95145904989
[E3IST-CSV] 2,468,7512980,2518450,0,0,334610,0,4923770,95346159089
[E3IST-CSV] 2,469,7271970,2510550,0,0,320490,0,4688260,95545835529
[E3IST-CSV] 2,470,7224590,2459550,0,0,163530,0,4690980,95745790509
[E3IST-CSV] 2,471,7197860,2291620,0,0,167860,0,4831010,95945753049
[E3IST-CSV] 2,472,7339530,2577290,0,0,166010,0,4682550,96145822259
[E3IST-CSV] 2,473,7170980,2468750,0,0,162940,0,4626880,96345786029
[E3IST-CSV] 2,474,7634330,2655420,0,0,170660,0,4901790,96546180259
[E3IST-CSV] 2,475,7339500,2325380,0,0,320340,0,4932500,96745829109
[E3IST-CSV] 2,476,7364330,2522330,0,0,344640,0,4768820,96945907799
[E3IST-CSV] 2,477,7271670,2555020,0,0,318370,0,4636550,97145807629
[E3IST-CSV] 2,478,7252560,2509810,0,0,323900,0,4667290,97345822639
[E3IST-CSV] 2,479,7215590,2481480,0,0,163940,0,4652470,97545773859
[E3IST-CSV] 2,480,7275390,2567600,0,0,164890,0,4627400,97745736349
[E3IST-CSV] 2,481,7187150,2304450,0,0,167310,0,4802080,97945659569
[E3IST-CSV] 2,482,7204170,2289410,0,0,164810,0,4843630,98145710969
[E3IST-CSV] 2,483,7633340,2562950,0,0,171370,0,4994010,98346259379
[E3IST-CSV] 2,484,7542680,2513850,0,0,339500,0,4953670,98546151559
[E3IST-CSV] 2,485,7288850,2298670,0,0,321420,0,4914070,98745815489
[E3IST-CSV] 2,486,7316030,2510310,0,0,331440,0,4729850,98945864059
[E3IST-CSV] 2,487,7531080,2529300,0,0,347200,0,4925420,99146109139
[E3IST-CSV] 2,488,7300900,2534020,0,0,322860,0,4684680,99345799599
[E3IST-CSV] 2,489,7232400,2495730,0,0,317740,0,4662520,99545782569
[E3IST-CSV] 2,490,7225180,2326450,0,0,164190,0,4824360,99745714989
[E3IST-CSV] 2,491,7224080,2483710,0,0,168490,0,4667900,99945749599
[E3IST-CSV] 2,492,7273170,2526630,0,0,330840,0,4673570,100145810759
[E3IST-CSV] 2,493,7317640,2536000,0,0,164660,0,4699390,100345778599
[E3IST-CSV] 2,494,7260880,2492190,0,0,333370,0,4684830,100545823369
[E3IST-CSV] 2,495,7302770,2521530,0,0,336690,0,4707420,100745830049
[E3IST-CSV] 2,496,7330550,2541930,0,0,165440,0,4713660,100945790309
[E3IST-CSV] 2,497,7907220,2364720,0,0,185590,0,5272720,101146716649
[E3IST-CSV] 2,498,7504290,2519590,0,0,176080,0,4909130,101345142369
[E3IST-CSV] 2,499,7224210,2471270,0,0,180770,0,4678010,101545745589
[E3IST-SUMMARY] chain_len=2 e2e_avg=7198971 publish_avg=2509591 gc_trigger_avg=0 invoke_cb_avg=0 getnext_avg=185462 take_data_avg=0 sched_avg=4608062 dispatch_avg=51645642994

*** FATAL ***
fatal source: 9 (RTEMS_FATAL_SOURCE_EXCEPTION)

R0   = 0x01596bb8 R8  = 0x00000000
R1   = 0x00000000 R9  = 0x00000000
R2   = 0x00000010 R10 = 0x00000000
R3   = 0x01596cb8 R11 = 0x00000000
R4   = 0x00c00c88 R12 = 0x01596cb8
R5   = 0x0030cbd1 SP  = 0x01596ba8
R6   = 0x00000000 LR  = 0x00000000
R7   = 0x01596ba8 PC  = 0x0030cc58
CPSR = 0x600d0173 VEC = 0x00000001
FPEXC = 0x40000000
FPSCR = 0x20000010
D00 = 0x0000000000000000
D01 = 0x0000000000000001
D02 = 0x0000000000000000
D03 = 0x0000000000000000
D04 = 0x0000000000000000
D05 = 0x0000000000000000
D06 = 0x00abc85400abc854
D07 = 0x000186a00061a800
D08 = 0x0000000000000000
D09 = 0x0000000000000000
D10 = 0x0000000000000000
D11 = 0x0000000000000000
D12 = 0x0000000000000000
D13 = 0x0000000000000000
D14 = 0x0000000000000000
D15 = 0x0000000000000000
D16 = 0x0000000000000000
D17 = 0x0000000000000000
D18 = 0x0000000000000000
D19 = 0x0000000000000000
D20 = 0x00abcaac00abca98
D21 = 0x00abcadc00abcac0
D22 = 0x00abc9f400abc9e4
D23 = 0x00abca1400abca04
D24 = 0x00abc9b400abc9a4
D25 = 0x00abc9d400abc9c4
D26 = 0x00abc94000abc918
D27 = 0x00abc98000abc964
D28 = 0x00abc8c000abc890
D29 = 0x00abc8f800abc8dc
D30 = 0x00abcd7800abcd78
D31 = 0x00abc88400abc878
RTEMS version: 6.1.0.not-released
RTEMS tools: 13.3.0 20240521 (RTEMS 6, RSB no-repo, Newlib 1b3dcfd)
executing thread ID: 0x0a010001
executing thread name: UI1 
