audio: Device lm4549: audiodev default parameter is deprecated, please specify audiodev=none

RTEMS Shell on /dev/console. Use 'help' to list commands.
SHLL [/] # nexus0: <RTEMS Nexus device>
info: lo0: link state changed to UP
=== Exp2-ST: Task Chain (n=2) SingleThreadedExecutor ===
Period: 200ms, Rounds: 500
[E2ST-CSV] chain_len,round,e2e_ns,publish_ns,gc_trigger_ns,invoke_cb_ns,getnext_ns,take_data_ns,sched_ns,dispatch_ns
666666
CPP Msg not nullptr
CPP Msg not nullptr
CPP Msg not nullptr
CPP Msg not nullptr
C Msg not NULL
C Msg not NULL
CPP Srv not nullptr
CPP Srv not nullptr
CPP Srv not nullptr
CPP Srv not nullptr
CPP Srv not nullptr
CPP Srv not nullptr
CPP Msg not nullptr
CPP Msg not nullptr
CPP Msg not nullptr
CPP Msg not nullptr
CPP Msg not nullptr
CPP Msg not nullptr
C Msg not NULL
C Msg not NULL
CPP Srv not nullptr
CPP Srv not nullptr
CPP Srv not nullptr
CPP Srv not nullptr
CPP Srv not nullptr
CPP Srv not nullptr
CPP Msg not nullptr
CPP Msg not nullptr
CPP Msg not nullptr
CPP Msg not nullptr
CPP Msg not nullptr
CPP Msg not nullptr
[E2ST-CSV] 2,10,6336120,584210,49430,14100,573870,171740,5656290,116370
[E2ST-CSV] 2,11,6367560,777130,51130,14710,412890,174380,5489150,75370
[E2ST-CSV] 2,12,6465840,581040,47760,14290,418660,185290,5779940,74960
[E2ST-CSV] 2,13,6213050,571060,47650,14180,567260,178470,5546220,73850
[E2ST-CSV] 2,14,6978420,904880,54460,20590,402050,172900,5697190,75040
[E2ST-CSV] 2,15,6473000,534520,44820,11820,452750,201910,5845950,82460
[E2ST-CSV] 2,16,6346980,780720,219090,15560,405300,169680,5466650,74710
[E2ST-CSV] 2,17,6678070,582700,48760,14200,591610,180170,5735070,84620
[E2ST-CSV] 2,18,6792570,760860,49300,15020,520320,253200,5939030,376650
[E2ST-CSV] 2,19,6498230,846860,47050,13990,625270,162680,5566940,111640
[E2ST-CSV] 2,20,6557520,844930,46110,14510,576620,350710,5625720,72200
[E2ST-CSV] 2,21,6518850,785340,48690,199380,409700,180280,5636570,75260
[E2ST-CSV] 2,22,6600100,572100,46160,13740,580810,178770,5623750,72430
[E2ST-CSV] 2,23,6475470,572970,49000,14210,577980,347540,5517320,74800
[E2ST-CSV] 2,24,6447490,872490,46100,14130,577190,351030,5491810,73520
[E2ST-CSV] 2,25,6469720,839790,45320,13620,581220,166150,5547650,73860
[E2ST-CSV] 2,26,6392430,808210,248730,16260,395890,168670,5485910,75110
[E2ST-CSV] 2,27,6800280,576920,46130,14390,414750,171180,5812850,74160
[E2ST-CSV] 2,28,6502520,578860,47130,15190,412180,179290,5832970,78060
[E2ST-CSV] 2,29,6643180,566590,45520,14430,595360,181580,5675370,78780
[E2ST-CSV] 2,30,6490440,841270,48630,13890,579860,358680,5564500,72360
[E2ST-CSV] 2,31,6476530,795150,55820,14110,408020,169770,5580090,75140
[E2ST-CSV] 2,32,6360790,582730,48860,14900,409630,171790,5685030,73690
[E2ST-CSV] 2,33,6464290,787210,52200,15220,413100,183130,5582720,78650
[E2ST-CSV] 2,34,6139860,812150,44030,14050,382090,160730,5243180,74330
[E2ST-CSV] 2,35,6121440,539440,44930,13690,563720,337450,5492730,73740
[E2ST-CSV] 2,36,6494920,797250,50140,15100,404620,174280,5602610,76210
[E2ST-CSV] 2,37,6584910,573060,46550,14420,580180,176160,5605410,74370
[E2ST-CSV] 2,38,6530820,562950,45390,13600,588280,183150,5598670,75400
[E2ST-CSV] 2,39,6105920,812550,44040,13460,385300,163820,5210920,69040
[E2ST-CSV] 2,40,6190240,540520,44210,13570,580420,352010,5563620,73860
[E2ST-CSV] 2,41,6455650,791530,49350,194870,423460,188080,5569200,77540
[E2ST-CSV] 2,42,6541060,598540,47040,14980,575790,176250,5568270,76140
[E2ST-CSV] 2,43,6269490,580200,49480,13890,586390,174780,5597350,76790
[E2ST-CSV] 2,44,6439660,554640,47530,14160,568450,346100,5512930,68480
[E2ST-CSV] 2,45,6431460,846120,47580,14560,572750,345890,5499800,73660
[E2ST-CSV] 2,46,6465140,770710,215070,16520,437340,188230,5596650,76450
[E2ST-CSV] 2,47,6502290,587040,48590,14120,576420,352440,5545100,75680
[E2ST-CSV] 2,48,6324460,752630,46410,13340,413840,177590,5473980,75460
[E2ST-CSV] 2,49,6334270,827990,45480,14060,387270,164580,5426710,243380
[E2ST-CSV] 2,50,6315340,770350,49390,15390,405050,176780,5444250,74800
[E2ST-CSV] 2,51,6655150,767690,49870,15260,583400,173990,5785120,81000
[E2ST-CSV] 2,52,6633600,582170,49930,14460,573400,174420,5674350,78130
[E2ST-CSV] 2,53,6318840,764400,50030,15030,407530,176940,5453910,74170
[E2ST-CSV] 2,54,6179650,566810,47160,13920,565990,179390,5524300,72980
[E2ST-CSV] 2,55,6084210,728750,47400,14990,551070,169140,5267290,77730
[E2ST-CSV] 2,56,6427550,768570,48150,13900,420990,177100,5564010,76500
[E2ST-CSV] 2,57,6430110,761080,47370,14010,421410,180370,5577160,74980
[E2ST-CSV] 2,58,6340730,579420,47490,15170,580530,178800,5670660,73560
[E2ST-CSV] 2,59,6440410,822580,223400,16290,415200,181680,5511760,76080
[E2ST-CSV] 2,60,6263880,773740,48250,14850,580580,174540,5391880,75320
[E2ST-CSV] 2,61,6824200,776950,224240,15850,366830,156770,5945920,233580
[E2ST-CSV] 2,62,6653540,568940,47250,14280,409360,175620,5992510,73500
[E2ST-CSV] 2,63,6605620,763040,48480,14850,593730,178640,5709680,83090
[E2ST-CSV] 2,64,6517320,575330,47070,13960,571750,181500,5539820,73600
[E2ST-CSV] 2,65,6132870,740160,49080,15160,408430,181000,5301410,75390
[E2ST-CSV] 2,66,6533410,774780,48310,190000,432340,189810,5652600,78320
[E2ST-CSV] 2,67,6603640,585850,47730,13950,431680,183560,5917600,75760
[E2ST-CSV] 2,68,4705400,564360,46080,13670,83740,37430,4051850,20160
[E2ST-CSV] 2,69,6739870,1277770,48070,14390,572380,175780,5380550,72000
[E2ST-CSV] 2,70,6608670,577820,48370,14640,580870,174910,5654680,75030
[E2ST-CSV] 2,71,6739010,884580,54100,14890,605570,369750,5706310,78960
[E2ST-CSV] 2,72,6866290,583570,50030,14320,854450,253020,5924410,84550
[E2ST-CSV] 2,73,4904740,569310,46870,13730,97250,42130,4242240,20870
[E2ST-CSV] 2,74,6257050,736930,48450,14100,402090,170130,5428180,75190
[E2ST-CSV] 2,75,6463290,796680,48380,15250,415180,182750,5570090,75360
[E2ST-CSV] 2,76,6522120,620590,54600,15940,580540,182150,5634310,76800
[E2ST-CSV] 2,77,6498010,806730,65600,15090,400790,170360,5597860,253500
[E2ST-CSV] 2,78,5515830,772120,50700,13810,99890,48440,4651450,37830
[E2ST-CSV] 2,79,6593090,570150,45700,14060,573640,178500,5665400,72930
[E2ST-CSV] 2,80,6258260,538460,46140,14040,587680,359380,5629970,73320
[E2ST-CSV] 2,81,6414850,774300,214940,27960,412790,178260,5544080,77080
[E2ST-CSV] 2,82,6295450,578350,49220,14240,577150,169140,5622880,76530
[E2ST-CSV] 2,83,6402640,775110,49910,14770,410030,174380,5532990,78340
[E2ST-CSV] 2,84,5969350,532100,42370,13990,382350,161820,5197870,70190
[E2ST-CSV] 2,85,6210150,554360,44750,13440,579150,356840,5566130,74660
[E2ST-CSV] 2,86,6428450,595840,51050,14070,408550,177860,5733210,77040
[E2ST-CSV] 2,87,4901550,568490,47580,13610,90510,41320,4238100,19610
[E2ST-CSV] 2,88,6776120,878410,50270,13790,603510,344640,5763560,80270
[E2ST-CSV] 2,89,6555910,562690,46480,14240,578420,174870,5623300,73540
[E2ST-CSV] 2,90,6521940,556150,46010,14390,562220,186240,5590860,69930
[E2ST-CSV] 2,91,6985280,807460,42330,14060,408330,173970,6090420,77960
[E2ST-CSV] 2,92,4759160,562470,45520,13120,87810,41220,4107150,19510
[E2ST-CSV] 2,93,6425320,767210,213050,15230,408770,179570,5566460,78530
[E2ST-CSV] 2,94,6153760,725750,47910,13630,555480,169870,5337320,73430
[E2ST-CSV] 2,95,6275040,564470,46970,13580,573470,186180,5619040,69880
[E2ST-CSV] 2,96,6673110,777940,49710,14670,422160,182330,5796760,269350
[E2ST-CSV] 2,97,6340950,570530,47320,13840,569270,174950,5669870,75470
[E2ST-CSV] 2,98,6636500,986950,52440,14650,424960,186520,5520520,77920
[E2ST-CSV] 2,99,4401460,580550,51000,13650,89680,40920,3721880,20100
[E2ST-CSV] 2,100,6976680,757290,48520,13680,607910,342090,6121690,80600
[E2ST-CSV] 2,101,6357640,780710,50340,13890,419300,176000,5479860,75560
[E2ST-CSV] 2,102,6439820,760180,58390,14510,408700,176980,5584400,76280
[E2ST-CSV] 2,103,7085130,605630,49600,14950,607790,341320,6379620,79120
[E2ST-CSV] 2,104,5185670,843040,46800,13820,117870,72660,4258770,17530
[E2ST-CSV] 2,105,6203630,565950,45150,13830,387460,168790,5272300,81910
[E2ST-CSV] 2,106,6698570,583630,48970,13590,421550,178710,5995040,76410
[E2ST-CSV] 2,107,6699350,589510,49610,14520,634720,228990,6004890,87840
[E2ST-CSV] 2,108,6493040,570510,45500,13020,415710,175580,5831320,110650
[E2ST-CSV] 2,109,6397750,708950,45220,13790,550750,160990,5600960,83720
[E2ST-CSV] 2,110,6512490,567290,43460,13990,582940,352910,5706850,72520
[E2ST-CSV] 2,111,4984340,577170,49220,14080,253830,114920,4142310,51700
[E2ST-CSV] 2,112,7122920,579340,48360,13590,438940,186970,6438130,92650
[E2ST-CSV] 2,113,6601290,585940,46180,13840,571910,170710,5774150,73610
[E2ST-CSV] 2,114,5290170,574110,47440,14120,80580,35780,4472120,15810
[E2ST-CSV] 2,115,6798970,847910,59670,15220,430500,175580,5868300,74310
[E2ST-CSV] 2,116,6145930,657630,42310,11870,431690,191740,5406340,76650
[E2ST-CSV] 2,117,6460690,582960,47650,14220,569680,175120,5776080,74120
[E2ST-CSV] 2,118,6598270,592890,47220,14040,584030,187730,5744720,74450
[E2ST-CSV] 2,119,6543710,579410,45920,14210,577550,192550,5692400,74920
[E2ST-CSV] 2,120,6452810,577670,46900,14550,572970,350270,5636280,73320
[E2ST-CSV] 2,121,6454000,557280,45730,12330,584480,179490,5789960,76090
[E2ST-CSV] 2,122,7697580,582000,48040,14410,411650,179620,7013630,75130
[E2ST-CSV] 2,123,10295140,879360,69720,18000,631460,200850,9324420,81660
[E2ST-CSV] 2,124,6480560,582720,49020,13690,412370,171760,5796200,73630
[E2ST-CSV] 2,125,6531030,741570,46660,14460,583810,358100,5704090,71890
[E2ST-CSV] 2,126,6862860,913900,48440,14560,424840,184340,5854810,253300
[E2ST-CSV] 2,127,6771970,575310,47030,14180,428670,181460,5854760,76560
[E2ST-CSV] 2,128,6603230,592420,49480,14140,410790,180140,5904650,76390
[E2ST-CSV] 2,129,7246210,565170,46770,13620,412910,181420,6417530,230550
[E2ST-CSV] 2,130,6442830,582680,47230,15060,596490,177200,5761160,75440
[E2ST-CSV] 2,131,5784110,773390,48680,14490,95330,44850,4915170,20480
[E2ST-CSV] 2,132,4741610,753440,54740,15150,85580,38970,3886240,22650
[E2ST-CSV] 2,133,7218020,580530,49610,14120,575950,190130,6524130,77930
[E2ST-CSV] 2,134,6760860,697610,52760,14690,411650,172630,5813860,82620
[E2ST-CSV] 2,135,6439700,602650,48770,14510,587770,181540,5741860,77570
[E2ST-CSV] 2,136,6448110,595750,48140,14570,580420,187880,5751400,76840
[E2ST-CSV] 2,137,5103200,589670,48450,13620,88720,41200,4417730,20160
[E2ST-CSV] 2,138,7331220,771530,50260,13250,741330,290080,6463110,86840
[E2ST-CSV] 2,139,6830250,582990,48250,13980,438490,173200,5947370,76700
[E2ST-CSV] 2,140,6496620,590210,46970,13870,426170,177030,5810630,75510
[E2ST-CSV] 2,141,4084710,572690,34850,18220,292150,129590,3438470,57950
[E2ST-CSV] 2,142,6492290,586140,48070,14440,596330,194680,5809610,82050
[E2ST-CSV] 2,143,6483420,586520,51070,14450,436790,189060,5792420,78020
[E2ST-CSV] 2,144,6517930,596550,48010,15240,569460,192690,5665750,76870
[E2ST-CSV] 2,145,6369960,587470,48190,14130,579050,194620,5691360,75130
[E2ST-CSV] 2,146,6485800,575860,46760,14230,664000,260120,5817450,84970
[E2ST-CSV] 2,147,7398340,589690,50100,15000,625950,198480,6711620,77700
[E2ST-CSV] 2,148,5834240,738760,215370,15950,86820,38150,5006500,18560
[E2ST-CSV] 2,149,6480910,588810,48240,14340,422150,177060,5797760,75800
[E2ST-CSV] 2,150,7943610,587730,48080,14250,594280,244340,7096980,81330
[E2ST-CSV] 2,151,5340820,417830,34180,9270,407290,173550,4848080,82080
[E2ST-CSV] 2,152,6527170,576800,46840,13390,567910,336360,5700410,74320
[E2ST-CSV] 2,153,7025940,740450,45730,12770,632080,373610,6193540,88300
[E2ST-CSV] 2,154,6870690,579140,46330,14250,800430,205480,6052430,75260
[E2ST-CSV] 2,155,6473920,592040,47080,14730,556610,333630,5642710,77850
[E2ST-CSV] 2,156,5288040,393830,31780,9340,570490,171570,4823200,68920
[E2ST-CSV] 2,157,4332220,1795160,81200,40670,409030,182420,2390780,80060
[E2ST-CSV] 2,158,6604840,632880,50100,14770,534860,254820,5882500,104770
[E2ST-CSV] 2,159,6385770,586390,47860,14180,567770,166780,5706100,65990
[E2ST-CSV] 2,160,8712600,580770,47660,14260,372960,166040,8037610,67880
[E2ST-CSV] 2,161,3495270,424220,34440,9550,243960,108070,3000300,48250
[E2ST-CSV] 2,162,6632690,587060,47720,13950,577720,184700,5802880,74150
[E2ST-CSV] 2,163,6492430,572560,47390,13920,563800,175640,5676230,75330
[E2ST-CSV] 2,164,5972880,583330,47500,14290,318390,138130,5297520,193560
[E2ST-CSV] 2,165,6672780,582310,48370,14160,575210,190480,5847370,75510
[E2ST-CSV] 2,166,2259620,280950,22580,5840,141280,65760,1931880,28360
[E2ST-CSV] 2,167,6531060,586140,48900,13390,416150,175010,5849920,75110
[E2ST-CSV] 2,168,7135520,808000,53460,15370,647130,200630,6228250,80000
[E2ST-CSV] 2,169,6972490,613820,48440,14760,532980,191470,6123560,76450
[E2ST-CSV] 2,170,6623590,586230,45970,13760,424400,176540,5941510,76090
[E2ST-CSV] 2,171,3624630,576370,32990,9350,379680,83440,2978140,37040
[E2ST-CSV] 2,172,8259330,1213770,76590,23580,605690,206860,6879100,83670
[E2ST-CSV] 2,173,7146820,1188480,76790,22580,370740,161720,5810520,65980
[E2ST-CSV] 2,174,5514160,586240,47320,14140,93310,42910,4681530,20880
[E2ST-CSV] 2,175,6350360,552360,44780,14360,566750,174970,5708110,71420
[E2ST-CSV] 2,176,1425420,168940,17610,3580,191030,48660,1225840,22840
[E2ST-CSV] 2,177,6644080,601090,52930,14530,411550,175430,5941470,76800
[E2ST-CSV] 2,178,5778160,757390,49990,15770,91410,41860,4928100,20680
[E2ST-CSV] 2,179,11558930,1221000,75740,22740,629260,208090,10196660,65400
[E2ST-CSV] 2,180,10264810,1373560,72030,22770,591090,189160,8739840,75960
[E2ST-CSV] 2,181,6178700,620840,40510,12720,150940,71740,5485120,28960
[E2ST-CSV] 2,182,5146780,807130,48940,14630,88890,41080,4237180,21460
[E2ST-CSV] 2,183,6887700,776890,47450,13840,416860,182170,6010340,253230
[E2ST-CSV] 2,184,6541040,559540,45760,14070,594020,187680,5741640,94290
[E2ST-CSV] 2,185,6523950,693950,45340,13260,602670,359350,5748790,115610
[E2ST-CSV] 2,186,6853170,492190,37950,11610,404590,158520,6151230,70570
[E2ST-CSV] 2,187,6567920,580280,46020,14500,581300,191650,5737150,74430
[E2ST-CSV] 2,188,6490660,754110,211600,15450,397390,169130,5639590,75960
[E2ST-CSV] 2,189,6599540,580290,46710,14210,578600,181880,5760980,75040
[E2ST-CSV] 2,190,6402070,542310,44430,13590,557400,332510,5612290,70420
[E2ST-CSV] 2,191,4844860,588450,35690,10550,540000,184370,4178450,66830
[E2ST-CSV] 2,192,6662790,594980,49800,13800,412690,178500,5975210,77550
[E2ST-CSV] 2,193,5727550,757630,56840,14390,88440,39840,4871100,20290
[E2ST-CSV] 2,194,6491510,570470,48040,13980,555180,330110,5682290,79990
[E2ST-CSV] 2,195,6139650,705440,46250,13500,388920,164170,5351540,70710
[E2ST-CSV] 2,196,5953750,460260,37480,10370,588830,350160,5418880,80910
[E2ST-CSV] 2,197,6680310,583900,46880,13690,589700,189780,5842920,74790
[E2ST-CSV] 2,198,6503510,763930,47470,13200,426840,178720,5651580,80100
[E2ST-CSV] 2,199,5035360,730580,46100,13860,83590,36050,4210400,17330
[E2ST-CSV] 2,200,6324480,695180,44880,13210,382730,163190,5547900,236130
[E2ST-CSV] 2,201,6868600,682180,52900,14440,374290,168480,6109010,68820
[E2ST-CSV] 2,202,5188840,819450,52570,14640,92290,43010,4267860,57390
[E2ST-CSV] 2,203,6119380,800320,56860,13930,87110,39570,5229320,18460
[E2ST-CSV] 2,204,10484590,1219090,89080,22620,439860,183700,9118310,76930
[E2ST-CSV] 2,205,6464880,562710,45010,13910,567940,336260,5665700,75200
[E2ST-CSV] 2,206,2930270,276840,22370,7090,215690,94140,2609010,154990
[E2ST-CSV] 2,207,5801760,802110,51260,14140,97410,46720,4905750,20890
[E2ST-CSV] 2,208,6456010,605750,48320,14400,577500,181380,5755170,77240
[E2ST-CSV] 2,209,5065790,708630,206440,15590,82890,37470,4264090,16910
[E2ST-CSV] 2,210,5161440,730200,211930,15280,80240,36520,4335930,16070
[E2ST-CSV] 2,211,6154450,746770,81650,17910,430650,185690,5323460,76950
[E2ST-CSV] 2,212,6051840,602570,48000,14850,91060,42600,5192350,20840
[E2ST-CSV] 2,213,10518610,1793790,76580,23860,553800,172340,8581490,78550
[E2ST-CSV] 2,214,5662450,709380,45720,14460,81230,37130,4868530,16520
[E2ST-CSV] 2,215,6369020,696080,45830,13370,542790,160400,5586780,71450
[E2ST-CSV] 2,216,2213770,378130,22340,6610,146300,93420,1786000,22840
[E2ST-CSV] 2,217,6791140,762950,57800,14740,577880,186210,5928010,90430
[E2ST-CSV] 2,218,6516500,590730,48520,13520,418720,183870,5831320,77620
[E2ST-CSV] 2,219,6065590,710760,45440,13310,382140,157400,5277710,66800
[E2ST-CSV] 2,220,5714500,725240,46340,13870,84240,37370,4902840,16910
[E2ST-CSV] 2,221,2390340,484750,29350,8390,122940,57090,1841600,26200
[E2ST-CSV] 2,222,5832720,607280,48400,14590,92000,42670,4964890,21120
[E2ST-CSV] 2,223,6407210,567800,46020,14420,584640,174250,5750620,76900
[E2ST-CSV] 2,224,6403610,712210,45060,14200,565350,337570,5611290,73230
[E2ST-CSV] 2,225,5852500,711490,45630,13850,84720,38070,5055810,16330
[E2ST-CSV] 2,226,5097620,778640,50540,14590,95670,44950,4229170,21730
[E2ST-CSV] 2,227,7371690,574870,47260,13910,588110,341190,6550650,79160
[E2ST-CSV] 2,228,5338490,810300,50470,14030,95180,44120,4436250,22080
[E2ST-CSV] 2,229,6488870,710500,43970,13500,634240,165060,5696710,73710
[E2ST-CSV] 2,230,6390020,719780,45620,13060,559730,161680,5587590,71830
[E2ST-CSV] 2,231,3277770,376210,23370,6680,322000,78180,2854220,35600
[E2ST-CSV] 2,232,5001730,761110,53790,14910,93310,40950,4151060,19620
[E2ST-CSV] 2,233,10514020,1677890,77810,22770,632130,369640,8674220,66150
[E2ST-CSV] 2,234,8603960,2859320,60190,16000,313350,107540,5589130,20310
[E2ST-CSV] 2,235,7044360,1075480,61930,16720,400670,174700,5875720,245500
[E2ST-CSV] 2,236,1711270,334680,20750,5570,98550,45640,1333050,22940
[E2ST-CSV] 2,237,6710230,771060,48670,15090,581880,180320,5845940,78220
[E2ST-CSV] 2,238,5522170,815630,53490,14750,93230,43070,4608330,20920
[E2ST-CSV] 2,239,6560520,587190,47940,13460,568150,183170,5704120,76300
[E2ST-CSV] 2,240,7476910,1661990,75460,16380,415310,178290,5649600,78590
[E2ST-CSV] 2,241,6713470,677780,45130,13260,586510,348980,5952040,77830
[E2ST-CSV] 2,242,7020750,595450,47230,14570,444940,186740,6333280,242860
[E2ST-CSV] 2,243,7265800,604190,48420,14190,436950,189970,6377290,250660
[E2ST-CSV] 2,244,6422180,724440,47530,13900,557610,332180,5615070,72490
[E2ST-CSV] 2,245,6477290,556200,46320,13120,556850,335450,5684460,71910
[E2ST-CSV] 2,246,1724810,277750,22010,6250,108850,48090,1399870,23560
[E2ST-CSV] 2,247,11095570,1173250,89960,22570,671750,396060,9754540,87500
[E2ST-CSV] 2,248,6584440,962060,372920,16170,387520,189030,5515960,21140
[E2ST-CSV] 2,249,5513090,779630,49360,14830,91200,40890,4643550,18890
[E2ST-CSV] 2,250,9389910,719920,223850,15280,940280,303570,8577420,115960
[E2ST-CSV] 2,251,2672190,357300,28420,7970,160530,72050,2256300,32520
[E2ST-CSV] 2,252,6444520,584170,47460,14780,572590,176320,5767310,76060
[E2ST-CSV] 2,253,6062490,752400,49850,14850,113710,40260,5218610,19300
[E2ST-CSV] 2,254,6498650,564080,44390,14110,565940,342520,5691340,75410
[E2ST-CSV] 2,255,5161670,733480,49280,14110,88620,40180,4338910,18990
[E2ST-CSV] 2,256,2614140,343630,35630,7910,159410,69710,2217180,31050
[E2ST-CSV] 2,257,6710450,796020,50950,15470,405970,178120,5812390,240550
[E2ST-CSV] 2,258,6964790,779870,48060,188820,596980,357860,6092350,80850
[E2ST-CSV] 2,259,6471590,763000,44710,14260,389370,166250,5619790,83290
[E2ST-CSV] 2,260,6532430,565760,46840,14000,584640,173690,5719300,74280
[E2ST-CSV] 2,261,5252250,719630,38760,10440,374950,164290,4426440,73170
[E2ST-CSV] 2,262,6664900,749500,51570,14710,403400,174280,5819150,81380
[E2ST-CSV] 2,263,6868840,757950,49150,14260,592850,352790,6012720,79430
[E2ST-CSV] 2,264,6386450,722130,54040,13810,389870,163020,5578710,74480
[E2ST-CSV] 2,265,5411240,739780,47560,13810,82830,37660,4580170,16790
[E2ST-CSV] 2,266,3635440,544200,161220,11260,305980,182460,3023640,40070
[E2ST-CSV] 2,267,7196690,1123510,55420,14920,582050,191760,5784020,77480
[E2ST-CSV] 2,268,10466930,1271900,91980,24080,438500,200190,9053700,76240
[E2ST-CSV] 2,269,6207550,713250,46950,14330,134540,37250,5401520,16270
[E2ST-CSV] 2,270,6492800,705600,53010,13730,561340,333180,5705660,70150
[E2ST-CSV] 2,271,8089570,909090,56490,17300,422290,188420,7073540,73970
[E2ST-CSV] 2,272,10514950,1441580,75270,23210,369640,146130,8930250,59920
[E2ST-CSV] 2,273,5517470,606470,48160,14090,99720,47970,4662400,26140
[E2ST-CSV] 2,274,6474790,734540,45430,14270,561740,339040,5653900,70880
[E2ST-CSV] 2,275,6436780,572430,46800,14110,572430,172510,5773810,83150
[E2ST-CSV] 2,276,3090330,366010,28770,8100,184750,81350,2665840,35770
[E2ST-CSV] 2,277,6780630,887210,50340,15130,556140,331560,5787940,78210
[E2ST-CSV] 2,278,6664460,591950,49410,14750,439650,198030,5980760,79240
[E2ST-CSV] 2,279,6346780,718370,44520,12900,398060,164920,5544080,225730
[E2ST-CSV] 2,280,6774140,743820,45520,13950,427070,184910,5940570,219520
[E2ST-CSV] 2,281,6652960,599380,47990,13840,559830,178430,5797350,89040
[E2ST-CSV] 2,282,5145520,590210,48350,14540,104060,48460,4456200,21740
[E2ST-CSV] 2,283,5220340,766700,48690,20990,97490,44910,4358400,57870
[E2ST-CSV] 2,284,7411110,595400,49780,14520,586960,347250,6569330,79010
[E2ST-CSV] 2,285,6588370,652600,49790,14050,558360,173620,5682700,73980
[E2ST-CSV] 2,286,8512510,1818720,78910,23730,244180,105230,6540300,46450
[E2ST-CSV] 2,287,6741270,613140,50960,14210,422630,176800,6033850,75920
[E2ST-CSV] 2,288,6624330,764850,46500,13250,418270,178310,5770340,84350
[E2ST-CSV] 2,289,6588310,565870,45820,13980,570730,182150,5764730,76180
[E2ST-CSV] 2,290,6179720,711160,44610,13310,552450,167290,5385350,70380
[E2ST-CSV] 2,291,4605480,1810110,78580,23820,139010,62790,2646730,28620
[E2ST-CSV] 2,292,6280790,760700,50020,15040,134930,47010,5417050,22990
[E2ST-CSV] 2,293,8866470,1254380,90590,24020,589750,180220,7468750,81160
[E2ST-CSV] 2,294,6653500,725170,46180,13390,575650,347140,5834100,79570
[E2ST-CSV] 2,295,5934000,753690,48070,13830,90740,40710,5092300,23040
[E2ST-CSV] 2,296,6921500,604080,47730,13890,432680,177150,6222260,250440
[E2ST-CSV] 2,297,6826880,776700,67480,15390,418370,177570,5952990,75080
[E2ST-CSV] 2,298,5834550,769100,50690,14380,91860,41610,4971120,20110
[E2ST-CSV] 2,299,10832210,1266870,92370,23320,442220,182220,9419910,252250
[E2ST-CSV] 2,300,6689130,592760,48910,13580,442500,206660,6000610,76270
[E2ST-CSV] 2,301,7019760,620180,50050,14900,546880,179370,6300200,333640
[E2ST-CSV] 2,302,6678260,603750,49460,14360,523900,291510,5979850,77850
[E2ST-CSV] 2,303,7436990,778290,51580,13890,407570,184730,6565050,70230
[E2ST-CSV] 2,304,6514760,589690,48790,14180,407340,175220,5831030,88370
[E2ST-CSV] 2,305,6531620,587220,48360,14880,406210,174140,5850900,95240
[E2ST-CSV] 2,306,6551070,584550,48850,14770,414570,172450,5876530,76710
[E2ST-CSV] 2,307,6627040,603570,49230,14250,426160,191630,5927990,75410
[E2ST-CSV] 2,308,6531180,586300,47890,13720,420320,175300,5851560,76370
[E2ST-CSV] 2,309,6477300,580340,48550,14150,412700,171390,5802320,87880
[E2ST-CSV] 2,310,7011860,601620,50980,13660,436080,181540,6311790,244300
[E2ST-CSV] 2,311,5060270,587800,47620,13900,94070,43300,4381070,21500
[E2ST-CSV] 2,312,6512670,591770,48300,14320,414340,174830,5826670,82860
[E2ST-CSV] 2,313,6131030,801720,51670,14330,97510,44920,5230470,20900
[E2ST-CSV] 2,314,6522090,577030,45410,14580,554700,171980,5687170,72430
[E2ST-CSV] 2,315,6654360,564360,44030,26710,583090,169050,5823750,77790
[E2ST-CSV] 2,316,4355530,589050,48310,14030,94960,44250,3676450,21600
[E2ST-CSV] 2,317,5716550,761060,49840,14560,92820,42720,4847100,21800
[E2ST-CSV] 2,318,7099180,798800,62180,14330,450080,207850,6200920,82780
[E2ST-CSV] 2,319,6931270,583880,46020,26600,422510,193660,6102120,74530
[E2ST-CSV] 2,320,4825890,602810,48190,13960,91400,40890,3958240,20270
[E2ST-CSV] 2,321,3594570,585240,61390,14860,88350,40810,2762170,19630
[E2ST-CSV] 2,322,5952760,760560,50610,14350,91970,42640,5096570,21010
[E2ST-CSV] 2,323,6843250,584120,63640,14280,418330,182980,6167690,76360
[E2ST-CSV] 2,324,6535750,574300,55440,14340,567900,176860,5697420,74910
[E2ST-CSV] 2,325,7083990,573630,58560,13690,430360,183370,6407100,82030
[E2ST-CSV] 2,326,4194420,562230,44010,13510,129550,41060,3388600,18310
[E2ST-CSV] 2,327,5036050,586690,48270,13830,90620,41270,4354760,20850
[E2ST-CSV] 2,328,6648540,597420,48140,14630,421510,177940,5957420,77040
[E2ST-CSV] 2,329,5722660,741900,210300,15040,110680,61730,4889780,19080
[E2ST-CSV] 2,330,5889580,752020,48760,14490,91980,42600,5045560,20300
[E2ST-CSV] 2,331,5346750,728720,46850,14480,87740,39480,4532260,19380
[E2ST-CSV] 2,332,5319650,616810,52450,14320,94010,45120,4604140,22560
[E2ST-CSV] 2,333,6980610,798390,238060,15240,631820,381320,6083770,81640
[E2ST-CSV] 2,334,11003800,1670740,77640,23200,843030,571650,9172910,79560
[E2ST-CSV] 2,335,5312420,582830,48310,13630,91730,42850,4476500,21150
[E2ST-CSV] 2,336,5106160,750620,48860,13860,88380,40080,4267240,18750
[E2ST-CSV] 2,337,8994150,1251590,96050,23920,586690,187060,7592790,77360
[E2ST-CSV] 2,338,6853990,593870,53850,13830,431990,184770,6008490,77910
[E2ST-CSV] 2,339,6098330,728340,44400,13280,311500,124540,5284260,16840
[E2ST-CSV] 2,340,6453290,560280,43720,13630,549370,322490,5656410,74780
[E2ST-CSV] 2,341,6461440,593590,49380,14200,407040,178400,5775230,77700
[E2ST-CSV] 2,342,6569620,600610,60280,14520,562430,182510,5716310,77230
[E2ST-CSV] 2,343,6763440,799870,52280,15570,415760,172620,5863860,237860
[E2ST-CSV] 2,344,10988010,1676380,75610,22520,756750,484790,9160390,76180
[E2ST-CSV] 2,345,6591630,598540,49590,14380,419870,175950,5901700,124250
[E2ST-CSV] 2,346,6691290,589160,57310,14860,414360,177950,5847710,76210
[E2ST-CSV] 2,347,7214930,1105700,84700,18450,575300,342990,6014630,86200
[E2ST-CSV] 2,348,6474230,585770,45650,13090,415850,176490,5797960,90520
[E2ST-CSV] 2,349,6366590,576080,48210,13920,564880,173540,5698280,75760
[E2ST-CSV] 2,350,6595800,749350,45760,14150,421570,189920,5756590,238870
[E2ST-CSV] 2,351,6601900,610900,48970,14530,501730,157120,5733500,68390
[E2ST-CSV] 2,352,6491130,607510,50970,14180,407430,178170,5786710,78640
[E2ST-CSV] 2,353,6874290,745330,48430,14930,409460,178470,6035620,76090
[E2ST-CSV] 2,354,6319680,735680,44360,13670,388010,166130,5497620,70280
[E2ST-CSV] 2,355,6428940,695100,44730,13600,559560,321380,5650000,74770
[E2ST-CSV] 2,356,6156050,690070,44130,14060,394480,169980,5386460,69340
[E2ST-CSV] 2,357,6218230,604260,48360,14630,159580,41830,5359260,20240
[E2ST-CSV] 2,358,5926240,759680,50510,14590,93300,43520,5075050,19600
[E2ST-CSV] 2,359,6349380,721790,45590,14610,391670,163240,5540450,71140
[E2ST-CSV] 2,360,6448250,567020,45030,13930,564320,341140,5645840,72550
[E2ST-CSV] 2,361,6134380,709960,43840,13690,391700,167140,5344910,68020
[E2ST-CSV] 2,362,6778980,598830,49400,14850,423320,187430,5919190,74970
[E2ST-CSV] 2,363,6862720,793270,47660,15050,428600,192940,5974400,241420
[E2ST-CSV] 2,364,6368330,722300,45730,17110,390040,167520,5561820,241190
[E2ST-CSV] 2,365,6421140,562300,46940,13760,567330,336750,5613900,75210
[E2ST-CSV] 2,366,5676250,695700,44130,13530,82780,36230,4897590,16920
[E2ST-CSV] 2,367,6418850,595750,48360,13430,567240,178120,5727250,77190
[E2ST-CSV] 2,368,6723610,799370,50350,14690,560680,173840,5825000,77110
[E2ST-CSV] 2,369,6387510,557730,45620,13990,561350,323860,5591910,74300
[E2ST-CSV] 2,370,6395080,552240,46880,13900,555810,327160,5600280,73340
[E2ST-CSV] 2,371,5629220,728200,47300,14440,82960,37270,4810060,17520
[E2ST-CSV] 2,372,6525700,595130,49270,20800,406460,177450,5835070,84080
[E2ST-CSV] 2,373,6301240,589020,47950,15450,549760,326410,5619570,77550
[E2ST-CSV] 2,374,7720360,589120,47800,14130,406500,176160,6896700,77290
[E2ST-CSV] 2,375,6586320,750630,49190,14710,580330,342990,5745050,76530
[E2ST-CSV] 2,376,6724900,789330,51960,15560,541200,174870,5834650,74880
[E2ST-CSV] 2,377,6473080,599920,49920,14420,412750,181250,5775680,77640
[E2ST-CSV] 2,378,6843020,764340,48030,14720,581960,180920,5980010,78510
[E2ST-CSV] 2,379,7253520,578140,48670,14480,432000,194330,6428670,244570
[E2ST-CSV] 2,380,6529290,714010,45270,14100,573930,342450,5731710,71530
[E2ST-CSV] 2,381,6502390,714060,45380,14080,645130,410580,5703340,73050
[E2ST-CSV] 2,382,6928300,828470,54310,15560,498850,43730,5981560,20140
[E2ST-CSV] 2,383,7206040,585500,47860,13790,435290,192760,6374290,244670
[E2ST-CSV] 2,384,6136640,709340,45140,13540,394570,169970,5349000,76400
[E2ST-CSV] 2,385,6028580,670190,44230,13190,371140,155270,5268640,73170
[E2ST-CSV] 2,386,6566290,582790,47530,14100,409270,175460,5893100,76320
[E2ST-CSV] 2,387,6798080,764490,50400,15090,565520,178380,5936080,74480
[E2ST-CSV] 2,388,6564960,566450,45920,14150,564210,178740,5756890,74970
[E2ST-CSV] 2,389,6293890,725520,47320,164090,393970,168720,5475760,72400
[E2ST-CSV] 2,390,6105040,683430,44490,13720,384050,168050,5337630,69420
[E2ST-CSV] 2,391,6001810,772840,219430,14900,94820,43780,5137940,19940
[E2ST-CSV] 2,392,6472540,616330,48410,13690,409320,179220,5759600,84440
[E2ST-CSV] 2,393,6376440,584850,56900,13420,408220,179500,5704800,84370
[E2ST-CSV] 2,394,6419330,753320,48110,13440,415380,173950,5579100,74600
[E2ST-CSV] 2,395,6506430,537880,45110,13700,603470,355080,5720900,70430
[E2ST-CSV] 2,396,6422730,558950,45970,13600,611400,180390,5771980,76080
[E2ST-CSV] 2,397,6439930,598810,49330,14270,408700,178410,5742280,77750
[E2ST-CSV] 2,398,6351560,577930,46150,14340,554610,175930,5681680,77480
[E2ST-CSV] 2,399,6471260,561980,45630,13750,566960,337040,5665550,76210
[E2ST-CSV] 2,400,6677060,707880,46630,14020,558230,173010,5886870,77190
[E2ST-CSV] 2,401,6142220,692190,45120,13640,391990,173790,5367740,70590
[E2ST-CSV] 2,402,6065620,585200,48470,14220,92530,42120,5385750,20940
[E2ST-CSV] 2,403,5868890,764970,49820,14930,89790,40880,5011570,19950
[E2ST-CSV] 2,404,6354450,693840,44890,14080,394670,174100,5578870,240690
[E2ST-CSV] 2,405,6431150,801880,237570,15250,396830,173510,5532690,85290
[E2ST-CSV] 2,406,6146790,690320,44510,12780,387820,159480,5362130,69560
[E2ST-CSV] 2,407,6386490,596200,48750,14670,567990,179470,5694550,76670
[E2ST-CSV] 2,408,6591220,776780,47370,13400,412740,182040,5711760,97330
[E2ST-CSV] 2,409,6052550,700800,45620,13530,378410,158280,5274420,67170
[E2ST-CSV] 2,410,6097170,689370,46060,13070,383170,164670,5317360,67890
[E2ST-CSV] 2,411,6474760,558640,46120,13850,573710,337000,5666200,75930
[E2ST-CSV] 2,412,6502400,605340,48730,14180,413090,177330,5797370,77840
[E2ST-CSV] 2,413,6353490,769510,233160,16840,400690,174640,5492940,75400
[E2ST-CSV] 2,414,6132900,693360,44310,13940,399580,157980,5353890,68000
[E2ST-CSV] 2,415,6294500,676280,44460,13660,387630,167010,5535350,236260
[E2ST-CSV] 2,416,9585270,1200120,74680,23780,430870,183570,8244320,74870
[E2ST-CSV] 2,417,5644210,594380,48580,14660,92440,42990,4800760,20890
[E2ST-CSV] 2,418,6926090,575910,48500,14370,421100,175400,6102230,89400
[E2ST-CSV] 2,419,10281480,1169940,75470,23580,606260,176970,8970930,75010
[E2ST-CSV] 2,420,7152080,568890,46210,13380,603020,361380,6477690,82950
[E2ST-CSV] 2,421,6779380,706730,45170,13650,432770,174540,5989450,68780
[E2ST-CSV] 2,422,6753420,593670,49620,15360,418060,179130,5899870,75960
[E2ST-CSV] 2,423,6684740,587450,48520,25010,411730,180320,5997440,86170
[E2ST-CSV] 2,424,6573360,709650,45680,13990,580730,331790,5778240,70610
[E2ST-CSV] 2,425,6539410,564280,46090,13950,571160,177470,5730560,73550
[E2ST-CSV] 2,426,6422040,692870,45340,13890,564720,330980,5639180,73560
[E2ST-CSV] 2,427,6564430,773770,56350,14210,408420,177770,5691850,93830
[E2ST-CSV] 2,428,6470730,569920,48170,13480,406360,173450,5810940,75390
[E2ST-CSV] 2,429,6651940,603130,48130,14000,415570,178540,5949070,77900
[E2ST-CSV] 2,430,6735510,588650,48600,14820,424480,179240,6052500,87200
[E2ST-CSV] 2,431,6494540,586640,49200,15040,664500,177640,5809950,73170
[E2ST-CSV] 2,432,5957340,781410,49660,14970,100300,48900,5079130,21960
[E2ST-CSV] 2,433,6561220,634670,48970,15070,549160,173580,5677340,81520
[E2ST-CSV] 2,434,6574080,744570,48650,14950,575830,339180,5728840,77060
[E2ST-CSV] 2,435,6421260,710910,46740,14540,562680,334660,5616740,75050
[E2ST-CSV] 2,436,6616190,577720,47600,13970,570440,173770,5773190,73710
[E2ST-CSV] 2,437,10765700,1223590,77050,23830,421260,189670,9390210,256720
[E2ST-CSV] 2,438,6568210,599560,45440,13140,176240,45350,5875320,21770
[E2ST-CSV] 2,439,6491150,550140,44350,13540,568010,330160,5697550,72670
[E2ST-CSV] 2,440,6407430,715140,46500,13830,562750,177000,5597640,74490
[E2ST-CSV] 2,441,6258540,512530,43020,12820,593950,172130,5661150,69020
[E2ST-CSV] 2,442,7065080,936620,54400,16000,740170,490520,6018820,82250
[E2ST-CSV] 2,443,6370340,762530,53770,13980,413550,179490,5513780,76030
[E2ST-CSV] 2,444,6389210,702370,45640,13790,555530,172640,5591960,74730
[E2ST-CSV] 2,445,6472620,690700,45600,13620,560790,333940,5687420,80020
[E2ST-CSV] 2,446,6523530,595990,48010,15000,400990,175040,5821790,81810
[E2ST-CSV] 2,447,6466690,596170,48140,14210,406810,172880,5771270,76800
[E2ST-CSV] 2,448,9995660,1258300,77620,23290,592020,343090,8593040,68700
[E2ST-CSV] 2,449,6291400,772740,51760,15000,324640,135410,5427930,20450
[E2ST-CSV] 2,450,6602090,591610,49710,13840,415920,178180,5908980,75400
[E2ST-CSV] 2,451,6662070,588360,48370,13480,575510,178300,5827620,74840
[E2ST-CSV] 2,452,6553810,602970,49850,13740,401440,171900,5853280,77390
[E2ST-CSV] 2,453,6785490,772380,229050,15920,428240,176380,5921840,249060
[E2ST-CSV] 2,454,6470540,525790,42900,13560,592300,366890,5703090,69700
[E2ST-CSV] 2,455,6445230,537800,47690,14460,405370,177220,5820390,69280
[E2ST-CSV] 2,456,6483500,578850,49060,14800,560210,176220,5812230,76170
[E2ST-CSV] 2,457,6389510,592280,50910,13970,556720,176700,5700230,75880
[E2ST-CSV] 2,458,6501470,590820,47670,14270,403370,175920,5817040,74910
[E2ST-CSV] 2,459,6393020,523420,42770,13900,564300,338410,5635720,69490
[E2ST-CSV] 2,460,6827210,654770,45380,13420,391990,165860,5885300,74360
[E2ST-CSV] 2,461,6573410,793710,45580,14350,567710,335610,5696570,69590
[E2ST-CSV] 2,462,6494480,783310,58140,174170,400920,174770,5606450,84490
[E2ST-CSV] 2,463,6495180,591170,55330,13450,401220,172390,5809300,84730
[E2ST-CSV] 2,464,6271560,685430,43860,13690,369930,155650,5500340,231290
[E2ST-CSV] 2,465,6538510,564040,44730,13960,575430,179410,5720770,73410
[E2ST-CSV] 2,466,6640410,575920,49730,15310,594390,175320,5806160,74350
[E2ST-CSV] 2,467,6558720,587410,46860,13880,416680,182780,5867380,78500
[E2ST-CSV] 2,468,6496560,763990,219290,15000,410910,183120,5637680,80270
[E2ST-CSV] 2,469,6427580,698270,45270,13780,566090,329020,5642820,71510
[E2ST-CSV] 2,470,6349020,697810,46190,13170,381200,157850,5565500,232560
[E2ST-CSV] 2,471,6575080,547140,44740,13870,569770,178400,5770550,70340
[E2ST-CSV] 2,472,6546550,771590,48400,13470,407740,172860,5676900,75130
[E2ST-CSV] 2,473,7143410,581720,48590,14270,603640,366790,6469430,78390
[E2ST-CSV] 2,474,6806550,552480,44360,14140,396440,170150,6013610,78990
[E2ST-CSV] 2,475,6326400,705310,45230,13430,378190,161370,5539440,238120
[E2ST-CSV] 2,476,6495890,705280,46960,14120,564070,343660,5705370,70550
[E2ST-CSV] 2,477,6841680,771090,49900,13290,406390,173600,5973110,275430
[E2ST-CSV] 2,478,6620920,579640,48630,14200,566750,172590,5713770,76980
[E2ST-CSV] 2,479,6522810,559860,45910,14030,394080,166790,5873430,79350
[E2ST-CSV] 2,480,6951970,568920,45500,13950,407480,171260,6139530,83390
[E2ST-CSV] 2,481,6540270,531830,44580,13770,561610,172110,5760680,73580
[E2ST-CSV] 2,482,5403720,772560,51590,15450,98740,46200,4527460,21900
[E2ST-CSV] 2,483,6753980,790680,48140,15410,594690,192890,5869310,83750
[E2ST-CSV] 2,484,6610680,570650,46590,14650,555120,169130,5762360,71360
[E2ST-CSV] 2,485,6497510,553730,45820,14310,565240,344510,5686630,74940
[E2ST-CSV] 2,486,6512420,564330,46850,13620,558230,336360,5684710,74780
[E2ST-CSV] 2,487,6488680,600080,56070,14460,409190,176190,5791690,75490
[E2ST-CSV] 2,488,6661260,583200,48760,14320,573580,170430,5809050,76080
[E2ST-CSV] 2,489,6406990,699870,45050,13320,380100,159550,5624630,258490
[E2ST-CSV] 2,490,4434120,715050,43460,13160,79370,35010,3628530,14940
[E2ST-CSV] 2,491,6811470,770770,46320,13320,410480,167220,5938320,74270
[E2ST-CSV] 2,492,6648210,582660,48590,14350,433870,182200,5970920,77290
[E2ST-CSV] 2,493,6657420,561830,46180,13690,639430,175790,5850660,76700
[E2ST-CSV] 2,494,6528010,544750,46030,13590,570600,346090,5741640,71050
[E2ST-CSV] 2,495,5816530,707110,45540,13720,86720,38700,5026100,16280
[E2ST-CSV] 2,496,6203960,781650,49410,16160,187060,43950,5323480,19740
[E2ST-CSV] 2,497,6526250,600150,52230,13530,403070,175320,5826100,77890
[E2ST-CSV] 2,498,6629240,603800,47590,13980,424830,187550,5931910,98810
[E2ST-CSV] 2,499,6654950,601620,47540,14150,587960,173630,5768070,74340
[E2ST-CSV] 2,500,4733240,738210,47220,13560,135590,44830,3907200,19860
[E2ST-CSV] 2,501,6596050,589160,49060,14560,430300,182290,5911970,77130
[E2ST-CSV] 2,502,6603500,603420,52530,14700,411690,177160,5903340,77570
[E2ST-CSV] 2,503,6466200,588390,50120,14200,407220,175690,5780290,82720
[E2ST-CSV] 2,504,6358230,568410,47480,13680,564940,171850,5695320,77410
[E2ST-CSV] 2,505,3139290,1732700,76140,23140,93960,41660,1259260,20260
[E2ST-CSV] 2,506,4732090,1681700,334880,26170,142590,63390,2901700,28840
[E2ST-CSV] 2,507,6598140,601990,48420,13930,418850,182520,5892290,78850
[E2ST-CSV] 2,508,6470390,580290,49120,14170,405800,176480,5792480,81840
[E2ST-CSV] 2,509,6438220,695410,44660,14360,575310,345660,5660800,70790
[E2ST-SUMMARY] chain_len=2 e2e_avg=6422565 publish_avg=700702 gc_trigger_avg=57383 invoke_cb_avg=16706 getnext_avg=427663 take_data_avg=181751 sched_avg=5584988 dispatch_avg=78978
