audio: Device lm4549: audiodev default parameter is deprecated, please specify audiodev=none

RTEMS Shell on /dev/console. Use 'help' to list commands.
SHLL [/] # nexus0: <RTEMS Nexus device>
info: lo0: link state changed to UP
=== Exp2-ST: Task Chain (n=4) SingleThreadedExecutor ===
Period: 200ms, Rounds: 500
[E2ST-CSV] chain_len,round,e2e_ns,publish_ns,gc_trigger_ns,invoke_cb_ns,getnext_ns,take_data_ns,sched_ns,dispatch_ns
666666
CPP Msg not nullptr
CPP Msg not nullptr
CPP Msg not nullptr
CPP Msg not nullptr
C Msg not NULL
C Msg not NULL
CPP Srv not nullptr
CPP Srv not nullptr
CPP Srv not nullptr
CPP Srv not nullptr
CPP Srv not nullptr
CPP Srv not nullptr
CPP Msg not nullptr
CPP Msg not nullptr
CPP Msg not nullptr
CPP Msg not nullptr
CPP Msg not nullptr
CPP Msg not nullptr
C Msg not NULL
C Msg not NULL
CPP Srv not nullptr
CPP Srv not nullptr
CPP Srv not nullptr
CPP Srv not nullptr
CPP Srv not nullptr
CPP Srv not nullptr
CPP Msg not nullptr
CPP Msg not nullptr
CPP Msg not nullptr
CPP Msg not nullptr
CPP Msg not nullptr
CPP Msg not nullptr
CPP Msg not nullptr
CPP Msg not nullptr
C Msg not NULL
C Msg not NULL
CPP Srv not nullptr
CPP Srv not nullptr
CPP Srv not nullptr
CPP Srv not nullptr
CPP Srv not nullptr
CPP Srv not nullptr
CPP Msg not nullptr
CPP Msg not nullptr
CPP Msg not nullptr
CPP Msg not nullptr
CPP Msg not nullptr
CPP Msg not nullptr
CPP Msg not nullptr
CPP Msg not nullptr
C Msg not NULL
C Msg not NULL
CPP Srv not nullptr
CPP Srv not nullptr
CPP Srv not nullptr
CPP Srv not nullptr
CPP Srv not nullptr
CPP Srv not nullptr
CPP Msg not nullptr
CPP Msg not nullptr
CPP Msg not nullptr
CPP Msg not nullptr
CPP Msg not nullptr
CPP Msg not nullptr
[E2ST-CSV] 4,10,17878790,1519950,98790,27720,573920,227700,16249190,353800
[E2ST-CSV] 4,11,20604230,1646070,113050,31610,907150,463800,18842830,125920
[E2ST-CSV] 4,12,18935400,1546670,114600,34710,939710,259900,17276560,109810
[E2ST-CSV] 4,13,14023520,1433240,372180,33810,231740,96730,12214120,40450
[E2ST-CSV] 4,14,24099400,1753340,129270,47260,1047830,347640,22052060,136780
[E2ST-CSV] 4,15,18998340,2738700,104850,27840,607400,253150,16022380,102790
[E2ST-CSV] 4,16,18314450,1924120,398480,37210,546680,204890,16224350,81690
[E2ST-CSV] 4,17,7879930,903200,64580,19050,225260,92740,6876110,38190
[E2ST-CSV] 4,18,27466680,1847280,131120,37790,1297820,726660,25509180,483560
[E2ST-CSV] 4,19,17554620,1702190,114690,35230,472080,198580,15681530,212960
[E2ST-CSV] 4,20,8639100,973270,68420,19460,272280,98940,7565350,42370
[E2ST-CSV] 4,21,19033280,1709280,402030,203510,897240,550540,17217660,98620
[E2ST-CSV] 4,22,18719960,1462120,107610,29700,925940,346920,17158840,105670
[E2ST-CSV] 4,23,8067520,1126410,68250,20510,234270,97010,6843810,42360
[E2ST-CSV] 4,24,9093280,998590,70350,20330,253810,106200,7984850,89190
[E2ST-CSV] 4,25,9092210,957400,66660,19370,285030,141970,8031380,43250
[E2ST-CSV] 4,26,16959800,1209070,110760,27130,584010,220490,15337840,92940
[E2ST-CSV] 4,27,18444800,1490700,99230,36420,768520,382200,16844990,102720
[E2ST-CSV] 4,28,7907300,907990,223550,19520,223010,90710,6908310,38010
[E2ST-CSV] 4,29,14611440,1483000,98220,28430,254340,106600,12598990,47140
[E2ST-CSV] 4,30,18578740,1748160,103100,31080,764200,266010,16720250,117870
[E2ST-CSV] 4,31,19174810,1570270,108930,37330,894980,505960,17484470,112020
[E2ST-CSV] 4,32,8775190,940120,74510,19180,239310,97990,7729180,43370
[E2ST-CSV] 4,33,16075140,1517600,98100,27460,605290,226150,14449550,97130
[E2ST-CSV] 4,34,7902530,990370,69480,19590,255900,107560,6804450,46720
[E2ST-CSV] 4,35,13189480,1489510,99590,28310,288160,144210,11269170,47420
[E2ST-CSV] 4,36,19003810,1800120,105960,29920,648480,263290,17084780,114310
[E2ST-CSV] 4,37,9143660,997740,61210,18770,219310,88690,8051080,38620
[E2ST-CSV] 4,38,8710160,1036300,62490,57800,224930,92580,7574440,38400
[E2ST-CSV] 4,39,18824150,1785790,103210,29790,670550,284410,16924330,111730
[E2ST-CSV] 4,40,18675740,1571230,111610,29680,771540,385920,16994460,108950
[E2ST-CSV] 4,41,7810730,750350,63420,19370,234590,97720,6812280,41330
[E2ST-CSV] 4,42,19035390,1171280,105210,28670,819840,416400,17763220,110400
[E2ST-CSV] 4,43,8544360,514740,43720,12870,409730,202000,7982340,60100
[E2ST-CSV] 4,44,9459440,1219920,79230,19790,249760,106630,8128360,46640
[E2ST-CSV] 4,45,14810510,1266100,89990,25930,488990,205450,13433500,279690
[E2ST-CSV] 4,46,8444870,1110090,67040,19240,275720,100940,7234440,41730
[E2ST-CSV] 4,47,19018090,1153980,100980,29280,904690,417210,17766940,108460
[E2ST-CSV] 4,48,19449090,1478640,103020,39510,801210,263910,17861500,106460
[E2ST-CSV] 4,49,23915820,1530350,118440,33700,762790,315250,22113890,154040
[E2ST-CSV] 4,50,18971240,1183520,116530,29800,918770,509860,17684540,111640
[E2ST-CSV] 4,51,22846210,1862750,275450,36630,1094310,626760,20865540,131620
[E2ST-CSV] 4,52,18417190,1247030,112300,28580,778030,393580,17070310,104330
[E2ST-CSV] 4,53,18936260,1451440,101320,29820,900830,411330,17378900,112700
[E2ST-CSV] 4,54,19508450,1619830,273350,32160,1025450,300740,17774770,118970
[E2ST-CSV] 4,55,19147610,1822280,398260,31690,825200,269820,17217810,111390
[E2ST-CSV] 4,56,9411500,1074310,63650,18590,230610,91530,8234080,38270
[E2ST-CSV] 4,57,18995260,1473510,387170,29750,663410,264890,17423480,104690
[E2ST-CSV] 4,58,17544520,1447650,110960,28430,610180,259010,15994250,401260
[E2ST-CSV] 4,59,21748970,1594260,131780,38350,929830,483810,19941200,129840
[E2ST-CSV] 4,60,19776050,1849730,107830,31250,707490,284190,17814970,118120
[E2ST-CSV] 4,61,19174620,1199030,126630,29660,829340,277890,17873750,111160
[E2ST-CSV] 4,62,19128500,1787600,100660,302710,817680,272600,17218810,120400
[E2ST-CSV] 4,63,18842860,1738750,102430,314260,918770,270480,17002000,109730
[E2ST-CSV] 4,64,8661940,983930,225480,20040,281310,139050,7573160,46550
[E2ST-CSV] 4,65,18662960,1791520,107270,29720,690860,258900,16757830,105290
[E2ST-CSV] 4,66,16825100,1558430,96380,28240,694020,236130,15134950,106760
[E2ST-CSV] 4,67,18971570,1828650,105330,30020,637780,253640,17028900,118410
[E2ST-CSV] 4,68,16125420,1531790,92250,27350,521350,212640,14483620,89200
[E2ST-CSV] 4,69,20700800,1602710,126050,32810,915320,303370,18973420,124340
[E2ST-CSV] 4,70,18549450,1770210,101530,29820,676090,306800,16662250,117530
[E2ST-CSV] 4,71,16319140,1109360,98890,26650,652490,221230,14806300,88450
[E2ST-CSV] 4,72,8460960,960190,79610,18360,253060,107700,7401510,46710
[E2ST-CSV] 4,73,18684860,2001960,107270,30010,691720,283550,16561100,121780
[E2ST-CSV] 4,74,15644900,1405940,103710,30400,769880,419650,14126040,101120
[E2ST-CSV] 4,75,18942220,1776310,105040,30600,644560,257590,17052950,109260
[E2ST-CSV] 4,76,21010270,2866710,118600,30590,685900,271110,18022690,265440
[E2ST-CSV] 4,77,21234410,1885840,464850,34710,867540,347150,19241160,145950
[E2ST-CSV] 4,78,19013120,1617430,105060,30500,932570,265670,17289530,113930
[E2ST-CSV] 4,79,17588030,2080910,132530,35940,476420,201720,15337200,84940
[E2ST-CSV] 4,80,26914540,2023420,264450,37150,972140,395940,24762260,179210
[E2ST-CSV] 4,81,10527980,991440,67700,19350,496320,171250,9446220,71000
[E2ST-CSV] 4,82,16844330,1704580,106500,29540,600790,238130,15029290,98160
[E2ST-CSV] 4,83,19193270,1464980,103880,38190,816250,261100,17628370,115550
[E2ST-CSV] 4,84,19153090,1599580,120390,30240,908630,531140,17437400,114360
[E2ST-CSV] 4,85,18447710,1893270,671150,33970,608630,246890,16439210,108930
[E2ST-CSV] 4,86,19234220,1858130,105120,30450,649840,262810,17262670,111170
[E2ST-CSV] 4,87,18961060,1143640,99810,28310,838730,269020,17716910,107470
[E2ST-CSV] 4,88,19075440,1778840,396040,32310,631300,253670,17192580,112090
[E2ST-CSV] 4,89,18893610,1810110,103580,30040,639020,261630,16964110,119600
[E2ST-CSV] 4,90,17886610,1447670,101140,29140,765370,261160,16322930,100140
[E2ST-CSV] 4,91,17656520,1683620,106120,31130,595650,245700,15861620,97580
[E2ST-CSV] 4,92,27113070,2109680,134920,38680,943070,381570,24886060,157990
[E2ST-CSV] 4,93,19195030,1175640,101250,35990,871700,457000,17920730,106440
[E2ST-CSV] 4,94,28152730,2354490,137500,38020,1077960,388280,25675320,156880
[E2ST-CSV] 4,95,8759480,773780,66720,19020,241490,100400,7885160,44080
[E2ST-CSV] 4,96,18126950,1674030,105640,190270,850910,530230,16344990,94780
[E2ST-CSV] 4,97,20424740,1881410,110160,33010,828110,292360,18434600,137110
[E2ST-CSV] 4,98,19086340,1167530,101690,29750,846050,445030,17818170,110070
[E2ST-CSV] 4,99,19909910,1421630,114670,30050,790810,412450,18372910,107970
[E2ST-CSV] 4,100,18174190,1860150,103410,30510,610830,252250,16196370,104750
[E2ST-CSV] 4,101,23312030,1552090,119090,34260,980160,491230,21632650,140940
[E2ST-CSV] 4,102,18877160,1547370,103900,32680,831930,353250,17217750,109640
[E2ST-CSV] 4,103,19165270,1847430,425820,33360,838190,271260,17207160,113220
[E2ST-CSV] 4,104,17564650,1473330,100350,28980,1049380,619710,15976540,138860
[E2ST-CSV] 4,105,8920380,988780,69220,18870,253810,104560,7832900,44580
[E2ST-CSV] 4,106,16816090,1328330,275720,29940,754150,407450,15378670,102480
[E2ST-CSV] 4,107,19010310,1532900,280890,31330,654790,257000,17369360,105270
[E2ST-CSV] 4,108,10500600,972230,65630,19210,228180,93130,9429210,39070
[E2ST-CSV] 4,109,18717760,1571890,101930,28270,631840,259510,17030960,103250
[E2ST-CSV] 4,110,17811650,1336620,98850,28350,827770,420150,16364020,101630
[E2ST-CSV] 4,111,8135170,935020,65920,19290,231720,95980,7096410,41430
[E2ST-CSV] 4,112,18707490,1137750,99320,29640,859460,474350,17469350,200780
[E2ST-CSV] 4,113,19176530,1340910,100320,29020,822040,259990,17730630,104290
[E2ST-CSV] 4,114,8422350,1000090,73970,19470,244160,102010,7315240,44850
[E2ST-CSV] 4,115,22311900,1701260,122270,33310,1030340,328850,20497650,126400
[E2ST-CSV] 4,116,19290060,1543170,265220,200590,646490,263930,17636820,111300
[E2ST-CSV] 4,117,25127190,1552500,122650,35560,892760,362780,23473150,139770
[E2ST-CSV] 4,118,18221080,1399850,100690,28190,597380,241620,16713520,96210
[E2ST-CSV] 4,119,18403940,1560650,106210,32050,706010,335810,16730100,109620
[E2ST-CSV] 4,120,18076680,1567850,103270,29290,608460,245580,16402930,101140
[E2ST-CSV] 4,121,23461050,1705160,119810,151150,971540,327100,21641570,139830
[E2ST-CSV] 4,122,19239440,1534230,111470,30280,680700,278220,17599310,113090
[E2ST-CSV] 4,123,18953560,1503050,269280,30500,680270,274730,17339170,112140
[E2ST-CSV] 4,124,25325430,1838960,312840,38860,1092670,556300,23365860,250040
[E2ST-CSV] 4,125,19973090,1442990,107410,31270,865840,436970,18414750,120830
[E2ST-CSV] 4,126,19008650,1647160,112380,28820,636920,250110,17250040,106860
[E2ST-CSV] 4,127,19309650,1483400,109820,31100,650470,263730,17708120,280370
[E2ST-CSV] 4,128,8224090,881670,62090,18330,224330,90510,7253820,37610
[E2ST-CSV] 4,129,16597000,1294590,97080,26760,450490,183860,15192330,73770
[E2ST-CSV] 4,130,16130040,1305560,89760,27540,621020,168630,14723060,42380
[E2ST-CSV] 4,131,19335900,1747420,108230,31790,659790,267010,17478580,109920
[E2ST-CSV] 4,132,20943590,1937410,121390,36530,730670,310060,18890490,125310
[E2ST-CSV] 4,133,19200320,1376410,103030,28960,840910,287930,17713660,111290
[E2ST-CSV] 4,134,19126240,1590500,102900,30890,644710,260800,17420520,110170
[E2ST-CSV] 4,135,19214210,1523710,103610,29100,648880,262490,17581290,110680
[E2ST-CSV] 4,136,18853860,1541280,288000,31550,643690,255270,17202530,114460
[E2ST-CSV] 4,137,17895450,1328470,99820,28480,734770,244370,16456620,101330
[E2ST-CSV] 4,138,19128710,1568770,315770,32460,672450,271770,17449060,106640
[E2ST-CSV] 4,139,19036000,1525550,107190,30590,803820,438020,17393410,107540
[E2ST-CSV] 4,140,19361040,1447410,98220,27220,508570,212110,17803670,94540
[E2ST-CSV] 4,141,19000760,1594300,110010,31110,639910,258100,17288020,113420
[E2ST-CSV] 4,142,14909060,1538590,103190,28780,742270,234990,13261370,98100
[E2ST-CSV] 4,143,19085180,1534930,105210,30230,677070,273580,17445290,112500
[E2ST-CSV] 4,144,19201670,1585350,110280,31660,689840,282960,17505960,111350
[E2ST-CSV] 4,145,18714080,1505120,103900,30460,755460,272600,17095930,108320
[E2ST-CSV] 4,146,19084390,1592700,293390,32250,654910,262860,17382700,119570
[E2ST-CSV] 4,147,18978240,1589760,111960,30500,669000,279420,17276630,115870
[E2ST-CSV] 4,148,20133460,1331580,113340,32290,707380,289430,18519170,113160
[E2ST-CSV] 4,149,16268920,1293250,91210,26510,686350,267290,14859810,100590
[E2ST-CSV] 4,150,19176150,1600780,105730,30090,636980,256220,17463540,111890
[E2ST-CSV] 4,151,18351740,1572770,248050,30110,606130,245250,16669250,100820
[E2ST-CSV] 4,152,18332750,1431760,196020,206320,760220,252570,16789350,103320
[E2ST-CSV] 4,153,19077740,1569870,107090,31680,661780,271150,17395840,109430
[E2ST-CSV] 4,154,19106750,1485700,103440,29990,799340,432000,17506160,114350
[E2ST-CSV] 4,155,18982870,1550050,106580,31480,663140,269640,17317590,113360
[E2ST-CSV] 4,156,19170160,1552810,110150,29980,641820,258670,17509160,104820
[E2ST-CSV] 4,157,18061940,1436000,98000,27460,642990,236860,16513720,96010
[E2ST-CSV] 4,158,19078210,1559970,299510,31390,624910,253130,17408470,104830
[E2ST-CSV] 4,159,18985370,1624810,107250,29990,649630,266200,17245100,112540
[E2ST-CSV] 4,160,18895310,1531480,103420,30490,656550,265530,17255560,109680
[E2ST-CSV] 4,161,19065040,1532910,103770,202320,663080,264870,17424930,107460
[E2ST-CSV] 4,162,19022160,1128520,95550,28880,820490,427440,17795500,107960
[E2ST-CSV] 4,163,19138700,1532230,277940,31550,683460,272250,17496710,111370
[E2ST-CSV] 4,164,19134990,1608200,109720,30550,641350,261070,17412260,109330
[E2ST-CSV] 4,165,19169800,1544730,274820,218110,654420,261810,17516510,105060
[E2ST-CSV] 4,166,17765360,1510290,101060,179500,600380,252590,16147200,98970
[E2ST-CSV] 4,167,18917880,1556400,104670,28810,633910,258620,17243110,107530
[E2ST-CSV] 4,168,19112730,1384030,102820,30290,655050,261010,17456580,113380
[E2ST-CSV] 4,169,19010500,1707440,108030,30400,659410,274660,17191450,109770
[E2ST-CSV] 4,170,17886630,1524460,97780,28950,588180,241420,16252260,97590
[E2ST-CSV] 4,171,18576020,1345240,100020,28510,787090,432460,17118070,107250
[E2ST-CSV] 4,172,18704500,1324270,302400,28620,887960,461930,17272060,111370
[E2ST-CSV] 4,173,18898450,1310210,96230,28500,754450,394020,17484330,103940
[E2ST-CSV] 4,174,18836390,1405890,102210,29690,792870,420720,17314850,108010
[E2ST-CSV] 4,175,18894370,1340530,96400,27680,593810,245520,17448600,97420
[E2ST-CSV] 4,176,13859960,1164950,282700,25400,494610,172140,12592820,68150
[E2ST-CSV] 4,177,18251770,1334130,98840,28680,570930,229610,16805950,316060
[E2ST-CSV] 4,178,18537260,1310060,97690,28190,792590,381620,17122080,111210
[E2ST-CSV] 4,179,18061830,1431740,99840,28690,712690,373270,16518290,104110
[E2ST-CSV] 4,180,18195580,1297610,97170,28340,614220,285880,16788140,92900
[E2ST-CSV] 4,181,13248900,491670,42870,12010,527990,275670,12724650,70410
[E2ST-CSV] 4,182,18585880,1352480,308250,33970,598030,249490,17125380,254300
[E2ST-CSV] 4,183,18821990,1471440,98730,28630,615490,244650,17251130,98600
[E2ST-CSV] 4,184,18794440,1355370,100980,28060,635970,256080,17323970,104240
[E2ST-CSV] 4,185,18298210,1575730,101370,28490,589380,240930,16616200,96200
[E2ST-CSV] 4,186,18945990,1315210,100920,29350,641470,255570,17532930,101800
[E2ST-CSV] 4,187,19048490,1551360,104780,31250,653510,263550,17389920,102800
[E2ST-CSV] 4,188,17673170,1317010,100740,28280,604930,250030,16247070,107580
[E2ST-CSV] 4,189,9103680,960570,76100,19300,251770,107220,8034470,46990
[E2ST-CSV] 4,190,19072830,1506260,104520,29760,586180,233270,17450520,101020
[E2ST-CSV] 4,191,7329650,986060,69410,19880,244780,101670,6234860,43780
[E2ST-CSV] 4,192,7152690,932660,60720,18160,225940,92050,6123960,39460
[E2ST-CSV] 4,193,8481280,921230,65730,18700,231850,93150,7461460,78920
[E2ST-CSV] 4,194,7709420,1028570,66990,19720,241440,99040,6576010,43530
[E2ST-CSV] 4,195,21062760,1590200,102380,156720,802670,325610,19361830,135570
[E2ST-CSV] 4,196,22800170,2196310,410690,41140,941920,488670,20188620,130050
[E2ST-CSV] 4,197,18654510,1237490,99280,28840,807260,418850,17317930,107310
[E2ST-CSV] 4,198,18689460,1335980,100220,29570,849640,465440,17252080,192000
[E2ST-CSV] 4,199,18199010,1484960,98380,28740,696080,258280,16598490,117070
[E2ST-CSV] 4,200,19018790,1602330,108340,30250,649390,267250,17308200,118190
[E2ST-CSV] 4,201,18783990,1498400,254980,29750,645200,254450,17178140,103190
[E2ST-CSV] 4,202,18986070,1340670,99700,28860,813570,265420,17543600,108790
[E2ST-CSV] 4,203,18753510,1525540,103720,29950,649400,264570,17119220,114340
[E2ST-CSV] 4,204,18764110,1425750,105020,30640,651450,272460,17220910,277090
[E2ST-CSV] 4,205,8711350,1087560,75520,19840,265940,117140,7515360,54270
[E2ST-CSV] 4,206,18513650,1599900,287860,31800,756760,261240,16797660,98220
[E2ST-CSV] 4,207,17700400,1277790,94000,27370,792210,381380,16323480,93330
[E2ST-CSV] 4,208,18582360,1299380,99520,195100,726650,232360,17175510,139420
[E2ST-CSV] 4,209,19094190,1424830,107790,30700,642620,265040,17550800,274160
[E2ST-CSV] 4,210,19881310,1567340,108570,30600,837740,367460,18199510,146000
[E2ST-CSV] 4,211,7620820,919960,60690,18100,260080,92020,6610580,38900
[E2ST-CSV] 4,212,19107000,1429720,104300,29690,779270,266820,17569290,124410
[E2ST-CSV] 4,213,18270960,1382490,275380,30180,752850,240080,16782650,98150
[E2ST-CSV] 4,214,18796680,1629220,105390,30100,805830,284790,17045960,113070
[E2ST-CSV] 4,215,8468870,624380,43110,13130,366630,151900,7801760,62000
[E2ST-CSV] 4,216,18606500,1349490,280330,31340,905790,383550,17153340,105060
[E2ST-CSV] 4,217,26412360,1566730,120300,34360,1214840,435270,24739580,169690
[E2ST-CSV] 4,218,27099230,1787810,125770,36830,1137740,407870,25201090,166560
[E2ST-CSV] 4,219,16737750,1284170,94200,27620,657550,342720,15339570,92120
[E2ST-CSV] 4,220,18828710,1490800,101960,28740,646760,256930,17228430,106660
[E2ST-CSV] 4,221,7990660,464380,39730,11300,367930,150390,7479010,63550
[E2ST-CSV] 4,222,18735860,1496040,100250,28550,939630,344840,17131880,113670
[E2ST-CSV] 4,223,18933370,1313020,276710,40060,613070,245470,17519620,100270
[E2ST-CSV] 4,224,16753690,1578280,97370,27070,568030,235310,15059990,98240
[E2ST-CSV] 4,225,17627180,1417560,95490,155400,595740,247290,16102680,96850
[E2ST-CSV] 4,226,17940230,1572640,104700,30440,761000,238080,16263770,104200
[E2ST-CSV] 4,227,18781240,1591230,370450,31860,656050,266320,17087410,103340
[E2ST-CSV] 4,228,18942270,1466680,267910,30180,640680,257960,17372040,101310
[E2ST-CSV] 4,229,10700890,1069990,75590,19830,246250,103280,9491820,45230
[E2ST-CSV] 4,230,22997810,1978210,129310,35700,778850,317280,20903790,135830
[E2ST-CSV] 4,231,18815050,1549180,104790,30480,629620,257580,17156890,106160
[E2ST-CSV] 4,232,19107970,1318590,104740,28310,801340,256990,17681840,104710
[E2ST-CSV] 4,233,12772450,1234480,82130,27620,403810,169090,11436120,68260
[E2ST-CSV] 4,234,16138210,1368580,93380,26890,510500,215110,14659210,84870
[E2ST-CSV] 4,235,14598100,1274050,106070,30350,476420,180300,13218170,189890
[E2ST-CSV] 4,236,23118200,1817780,120500,34920,786350,307240,21167730,414180
[E2ST-CSV] 4,237,18691440,1128420,98420,29190,931010,462330,17466320,113570
[E2ST-CSV] 4,238,18662450,1481640,96410,204380,953280,352440,17076860,115400
[E2ST-CSV] 4,239,17933040,1891710,107100,30340,571560,233800,15922130,97140
[E2ST-CSV] 4,240,18656830,1535280,102700,29410,627970,248840,17015610,104790
[E2ST-CSV] 4,241,26899050,1688730,130900,37500,1429390,806110,25084590,167560
[E2ST-CSV] 4,242,28028450,2097440,137710,38640,1200560,449230,25812580,167980
[E2ST-CSV] 4,243,17516360,1328330,96870,27860,753940,287540,16076450,99020
[E2ST-CSV] 4,244,20868320,1488660,113490,32530,1067460,629210,19083390,126710
[E2ST-CSV] 4,245,18412090,1363930,103610,30100,626530,259720,16930810,249740
[E2ST-CSV] 4,246,18950260,1366220,102980,29970,776350,398210,17469790,129790
[E2ST-CSV] 4,247,18684700,1522980,425640,31960,767100,253370,17061390,103150
[E2ST-CSV] 4,248,8520350,931300,65420,20000,284550,138630,7491140,43930
[E2ST-CSV] 4,249,7984780,951810,72620,19180,239290,101840,6927680,44040
[E2ST-CSV] 4,250,9511790,925250,63730,19360,243290,99490,8489150,88150
[E2ST-CSV] 4,251,19015470,1464310,107930,30660,655520,262580,17438220,259230
[E2ST-CSV] 4,252,18766880,1480550,100010,187600,656260,258490,17181060,117220
[E2ST-CSV] 4,253,18728560,1157170,104940,29870,854990,456300,17387550,106820
[E2ST-CSV] 4,254,18804350,1517690,103150,29820,646230,265140,17168790,109560
[E2ST-CSV] 4,255,18308980,1589350,112850,29960,784850,267620,16608150,106900
[E2ST-CSV] 4,256,18991260,1582960,174770,34810,621910,251730,17291290,105910
[E2ST-CSV] 4,257,27234290,1742380,310070,39780,1108850,548160,25375070,338390
[E2ST-CSV] 4,258,18341640,1477870,102030,28890,794440,243100,16732450,99250
[E2ST-CSV] 4,259,18212790,1346840,98040,28340,773180,366150,16753180,101370
[E2ST-CSV] 4,260,19044330,1469570,106470,30160,816150,275440,17458590,113520
[E2ST-CSV] 4,261,18518270,1432970,102150,37180,780850,266190,16978190,108780
[E2ST-CSV] 4,262,18881480,1350470,104130,30900,892430,499030,17426690,123490
[E2ST-CSV] 4,263,24228810,1873210,120970,35840,826070,334490,22247680,146200
[E2ST-CSV] 4,264,26898810,2065160,140600,38120,990230,395390,24714070,159170
[E2ST-CSV] 4,265,18120310,1304230,262280,30560,742440,249500,16711860,100030
[E2ST-CSV] 4,266,11050760,950040,68150,19100,487090,191710,10005070,82350
[E2ST-CSV] 4,267,18879760,1502290,272560,31370,655470,262640,17274690,113710
[E2ST-CSV] 4,268,19053380,1506080,102440,29160,807760,259720,17445880,111700
[E2ST-CSV] 4,269,7738160,1003390,70110,19080,239090,97990,6627900,44230
[E2ST-CSV] 4,270,9502030,960380,67380,19400,231630,95620,8436650,79800
[E2ST-CSV] 4,271,16925060,1348810,94390,27890,663700,232380,15469610,93670
[E2ST-CSV] 4,272,19046090,1584200,115360,30230,670190,270730,17345530,114070
[E2ST-CSV] 4,273,12280120,1070310,67090,19000,237200,99110,11112700,43400
[E2ST-CSV] 4,274,13031450,981600,66310,19010,238130,98800,11943920,44670
[E2ST-CSV] 4,275,27463130,2081400,322850,39890,1121070,409610,25266450,161220
[E2ST-CSV] 4,276,18924880,1537930,108470,30060,624760,250320,17272990,105660
[E2ST-CSV] 4,277,7826560,930610,74170,19490,222900,91020,6797850,37730
[E2ST-CSV] 4,278,18899480,1404550,98350,28170,741340,230040,17393890,94750
[E2ST-CSV] 4,279,23511580,1909640,134110,35570,940880,332400,21479070,136640
[E2ST-CSV] 4,280,19171810,1556330,104100,196240,677610,274970,17509700,120170
[E2ST-CSV] 4,281,22407000,1632240,278950,32280,660710,272910,20662420,210820
[E2ST-CSV] 4,282,8399170,920500,61940,18330,282330,149560,7389930,38470
[E2ST-CSV] 4,283,18956660,1624490,105480,31070,643210,256560,17219460,109190
[E2ST-CSV] 4,284,22707070,1897040,196250,50530,772850,310700,20691780,127870
[E2ST-CSV] 4,285,18925360,1482240,414520,32510,668070,274330,17339270,113740
[E2ST-CSV] 4,286,23462330,1694240,311000,36260,962940,487670,21654560,135750
[E2ST-CSV] 4,287,6958880,295380,26070,7480,368590,129260,6640490,53130
[E2ST-CSV] 4,288,19159240,1501940,103100,205020,660070,263720,17545740,107850
[E2ST-CSV] 4,289,14467710,1561070,358770,34700,493900,251070,12562850,68990
[E2ST-CSV] 4,290,18733450,1541700,113030,30580,640010,263640,17082110,106840
[E2ST-CSV] 4,291,10558530,1005650,73270,19210,269960,134510,9441610,40430
[E2ST-CSV] 4,292,18688310,1490850,99710,30500,769690,253380,17088360,108040
[E2ST-CSV] 4,293,19106930,1299210,252160,29990,656350,264920,17703590,103970
[E2ST-CSV] 4,294,19135750,1599510,101860,29140,609770,250900,17419160,106420
[E2ST-CSV] 4,295,18974700,1543220,106560,30250,622860,252080,17315310,105660
[E2ST-CSV] 4,296,19308820,1553960,104720,30270,708420,282290,17639380,118820
[E2ST-CSV] 4,297,22329400,1785640,294500,36340,963210,328780,20429390,312210
[E2ST-CSV] 4,298,18637830,1573410,101940,28280,701550,259960,16955600,115300
[E2ST-CSV] 4,299,17660420,1543670,111550,35180,560450,227280,16003970,98580
[E2ST-CSV] 4,300,27927270,1669910,132060,38130,1018990,509660,26137960,294700
[E2ST-CSV] 4,301,19057210,1605910,104390,30920,656770,266500,17341860,118660
[E2ST-CSV] 4,302,8378890,875630,67080,19580,250250,105860,7248250,45170
[E2ST-CSV] 4,303,19005810,1575150,116580,29860,636320,250410,17321700,104600
[E2ST-CSV] 4,304,17877810,1307740,94790,27190,698370,357860,16452050,178870
[E2ST-CSV] 4,305,18008050,1548580,97820,39720,571740,227890,16348170,94980
[E2ST-CSV] 4,306,26161570,1805820,124410,393630,1263490,575220,24247070,145280
[E2ST-CSV] 4,307,26143460,1860520,131270,37840,1081150,399070,24166510,162430
[E2ST-CSV] 4,308,17737690,1249130,93650,27000,792880,378490,16370900,96840
[E2ST-CSV] 4,309,17822550,1490330,112110,29310,601700,241640,16216900,103030
[E2ST-CSV] 4,310,19127480,1455890,103330,29680,644420,259410,17558510,273650
[E2ST-CSV] 4,311,18516730,1318100,100890,28820,734530,379890,17087500,106220
[E2ST-CSV] 4,312,19226730,1479530,105480,29340,795050,258220,17633440,107880
[E2ST-CSV] 4,313,13024890,2030290,134760,31590,238290,98780,10891450,41920
[E2ST-CSV] 4,314,26317240,1655940,135340,36980,1128640,508000,24538050,145490
[E2ST-CSV] 4,315,18666510,1556470,112910,31000,634910,252570,16998370,112350
[E2ST-CSV] 4,316,18353510,1538980,114100,29080,684690,252570,16699010,105710
[E2ST-CSV] 4,317,17920710,1452020,97340,28140,592220,239950,16357800,101100
[E2ST-CSV] 4,318,18026900,1565900,102080,27940,561940,230850,16346490,102220
[E2ST-CSV] 4,319,18222470,1327270,95990,27620,748050,242800,16778440,158690
[E2ST-CSV] 4,320,20936810,1524880,115790,37750,806600,330070,19295130,290040
[E2ST-CSV] 4,321,18511680,1826400,133710,35220,667140,232670,16533870,114710
[E2ST-CSV] 4,322,17560680,1311160,95370,27880,616230,236500,16142090,101750
[E2ST-CSV] 4,323,18579750,1546190,295360,31290,732520,353120,16920730,159470
[E2ST-CSV] 4,324,19000220,1548140,127010,30850,781160,411480,17329080,117990
[E2ST-CSV] 4,325,18125850,1523960,117600,30320,588270,239000,16482840,173620
[E2ST-CSV] 4,326,8943490,807820,69160,19000,302270,105530,8021310,45150
[E2ST-CSV] 4,327,8189790,807300,65930,59340,233810,97100,7280600,41720
[E2ST-CSV] 4,328,15486140,1548450,113510,30220,761580,245440,13826890,97920
[E2ST-CSV] 4,329,21374010,1943000,139180,40670,665980,270570,19237720,252910
[E2ST-CSV] 4,330,14318950,935870,88070,25590,253090,114200,13288180,43260
[E2ST-CSV] 4,331,23061770,1905860,131290,37520,996200,533060,21043800,165930
[E2ST-CSV] 4,332,32823750,1991250,143600,41440,2734360,1946960,30551000,183990
[E2ST-CSV] 4,333,21966590,1344770,102530,28870,744180,387180,20520740,100080
[E2ST-CSV] 4,334,8209840,866040,68470,20510,255050,109560,7238050,85830
[E2ST-CSV] 4,335,8469010,784200,67730,19610,278900,139770,7577860,42720
[E2ST-CSV] 4,336,19702850,1579730,106000,30250,653900,261660,18008150,107590
[E2ST-CSV] 4,337,8255750,948710,67850,19990,235520,97770,7203410,43400
[E2ST-CSV] 4,338,17080420,1322270,95080,27370,668050,345040,15660970,97880
[E2ST-CSV] 4,339,8314460,860870,71130,19520,249940,104480,7181950,47020
[E2ST-CSV] 4,340,26006860,1929350,132990,47300,1052710,492780,23956490,165610
[E2ST-CSV] 4,341,8151850,807820,67280,61330,244460,99850,7093480,44210
[E2ST-CSV] 4,342,14192290,1502380,100690,29100,282720,101910,12309400,43740
[E2ST-CSV] 4,343,17724150,1851970,112250,33100,458480,194760,15724170,73860
[E2ST-CSV] 4,344,19235010,2099230,142170,40540,768230,261400,16731330,106640
[E2ST-CSV] 4,345,24738980,2027150,127800,35200,856110,330370,22137830,143080
[E2ST-CSV] 4,346,14473690,1210650,83000,24160,483350,156990,13157860,67820
[E2ST-CSV] 4,347,17133860,1300460,94690,28270,741790,291340,15723490,94220
[E2ST-CSV] 4,348,10277050,983480,69410,18720,285650,141520,9184840,46270
[E2ST-CSV] 4,349,17546210,1473550,102560,27800,543660,223460,15960220,93810
[E2ST-CSV] 4,350,18230610,1538820,122600,30390,681790,317520,16573410,103470
[E2ST-CSV] 4,351,17752170,1323600,100930,28100,590990,251360,16157690,245650
[E2ST-CSV] 4,352,18901670,1372540,102430,29260,728910,270510,17417440,107440
[E2ST-CSV] 4,353,18815750,1548260,104150,29370,650320,262600,17155900,121550
[E2ST-CSV] 4,354,18419800,1194700,100930,28880,756760,250270,16962010,111300
[E2ST-CSV] 4,355,18973300,1392310,101020,29030,725690,242410,17467160,108930
[E2ST-CSV] 4,356,18959960,1414300,105060,29420,633570,259270,17430470,110560
[E2ST-CSV] 4,357,19166200,1528080,102190,29410,677650,287010,17522480,102850
[E2ST-CSV] 4,358,18963140,1328100,100640,28730,805920,266180,17523380,105570
[E2ST-CSV] 4,359,15059850,1124130,301840,22870,617980,249110,13871610,105650
[E2ST-CSV] 4,360,24450850,1730770,123250,34510,1686340,357540,22598570,152010
[E2ST-CSV] 4,361,16525830,1374700,94430,27230,571450,253890,15046750,87270
[E2ST-CSV] 4,362,18603590,1472520,99960,28920,780850,324560,17021390,105960
[E2ST-CSV] 4,363,15810940,1603400,92220,27430,766740,428090,14045330,95370
[E2ST-CSV] 4,364,20421190,1326090,108050,31920,718020,305720,18989960,134580
[E2ST-CSV] 4,365,18144730,1517990,96540,28270,574920,235180,16520340,99090
[E2ST-CSV] 4,366,14770700,1306780,90860,26930,573100,291480,13354380,82680
[E2ST-CSV] 4,367,16947010,1314820,96720,28100,732490,228800,15524050,96910
[E2ST-CSV] 4,368,18360450,1383110,260700,30170,779290,254430,16869240,100030
[E2ST-CSV] 4,369,21224860,1730290,300830,140430,765160,305910,19382240,119990
[E2ST-CSV] 4,370,20334860,2267360,381810,41680,597690,238560,17906990,103050
[E2ST-CSV] 4,371,17130130,1248560,92500,27000,627350,295110,15775110,97140
[E2ST-CSV] 4,372,18217500,1496170,100230,28580,739280,239720,16614560,106070
[E2ST-CSV] 4,373,18400590,1371700,93580,28180,775050,253950,16926130,104820
[E2ST-CSV] 4,374,8156670,817530,69740,19970,253820,106950,7231040,90600
[E2ST-CSV] 4,375,18743090,1601000,114650,34280,649990,261130,17017140,109320
[E2ST-CSV] 4,376,27093090,1295470,92160,27870,1009150,443480,25686120,133670
[E2ST-CSV] 4,377,19603460,1621430,106760,30860,683140,271440,17865510,112100
[E2ST-CSV] 4,378,18618720,1250580,100530,28620,751620,250590,17259280,113720
[E2ST-CSV] 4,379,21263160,1681160,265240,31430,831590,351630,19466430,139800
[E2ST-CSV] 4,380,18107380,1549840,103060,29290,596060,234560,16444900,95680
[E2ST-CSV] 4,381,18999050,1552660,279110,35110,642780,265430,17331420,104820
[E2ST-CSV] 4,382,19122300,1516250,102510,29410,634500,257290,17504860,111900
[E2ST-CSV] 4,383,17361740,1235340,97360,26790,536740,213260,15873770,94040
[E2ST-CSV] 4,384,19678110,1344900,259540,30670,980560,339350,18232100,131160
[E2ST-CSV] 4,385,17895070,1336680,103470,27820,669860,220590,16451900,94920
[E2ST-CSV] 4,386,28026140,2023340,309190,38910,1116790,398520,25883940,171050
[E2ST-CSV] 4,387,19051790,1524850,275280,31710,656300,263890,17404610,103770
[E2ST-CSV] 4,388,19318740,1318750,102880,28290,787630,262970,17897430,117830
[E2ST-CSV] 4,389,18652680,1520580,290390,32000,742410,303290,17017880,105300
[E2ST-CSV] 4,390,18436040,1323290,103500,29220,744100,392130,16996970,107620
[E2ST-CSV] 4,391,19010740,1160560,98140,28290,812310,418230,17749260,106670
[E2ST-CSV] 4,392,18997030,1564980,271550,31380,643640,245660,17329360,104560
[E2ST-CSV] 4,393,23526600,1868070,127240,37810,499240,219070,21480400,93650
[E2ST-CSV] 4,394,18982720,1560930,278280,31570,669170,282710,17315970,114540
[E2ST-CSV] 4,395,8231750,766060,62790,19330,246940,101210,7221870,83520
[E2ST-CSV] 4,396,9229080,959840,67190,19330,235770,97950,8169120,42210
[E2ST-CSV] 4,397,18875700,1335290,103360,29070,891050,276010,17431120,121790
[E2ST-CSV] 4,398,18563230,1317290,98550,27990,611410,253730,17140800,116430
[E2ST-CSV] 4,399,12428660,859550,64670,18140,696230,229650,11503890,97980
[E2ST-CSV] 4,400,18102530,1579760,108310,29530,584940,231530,16414710,95740
[E2ST-CSV] 4,401,20935630,1434300,105670,162830,961670,330700,19220980,150100
[E2ST-CSV] 4,402,8445290,749000,62590,18540,227290,92200,7602490,38530
[E2ST-CSV] 4,403,9867500,954270,76570,19110,234970,97290,8817640,38970
[E2ST-CSV] 4,404,18723090,1141710,95710,25940,905860,316210,17487910,106760
[E2ST-CSV] 4,405,21677030,1675730,112760,30960,643960,262810,19883050,115100
[E2ST-CSV] 4,406,9017310,801030,66080,19450,230670,97000,7934400,42610
[E2ST-CSV] 4,407,8309890,1007710,68630,19450,230910,91610,7207510,38570
[E2ST-CSV] 4,408,17269960,1299810,103150,204650,681220,349980,15871640,91120
[E2ST-CSV] 4,409,9182410,789420,64660,18370,242690,100840,8151460,44620
[E2ST-CSV] 4,410,21027320,1722950,110710,32390,663700,269100,19190870,117980
[E2ST-CSV] 4,411,17683230,1316910,96450,28120,599710,246300,16256620,96800
[E2ST-CSV] 4,412,10953730,937210,71240,18680,303860,164430,9915690,40760
[E2ST-CSV] 4,413,11044370,917000,66920,19050,229560,92120,10029150,105590
[E2ST-CSV] 4,414,16722710,1489930,259830,183190,916160,455710,15119130,118130
[E2ST-CSV] 4,415,18838480,1503160,104000,30650,643640,257540,17207370,106110
[E2ST-CSV] 4,416,20131430,1407310,108540,30320,831090,342470,18438130,112200
[E2ST-CSV] 4,417,22690530,2472330,161590,49380,1215980,406300,19806080,148820
[E2ST-CSV] 4,418,18663280,1523980,103560,30350,654000,269140,17024070,108050
[E2ST-CSV] 4,419,22539630,1406760,96650,28090,877860,329030,21039880,272010
[E2ST-CSV] 4,420,19526340,1255800,110870,30090,843250,423880,18006260,117200
[E2ST-CSV] 4,421,18625690,1474040,415860,31060,766960,298040,17043250,103370
[E2ST-CSV] 4,422,18707480,1480340,102790,29180,657980,264450,17117890,103150
[E2ST-CSV] 4,423,18597970,1479630,282730,30060,755000,314010,17006920,98700
[E2ST-CSV] 4,424,9055240,908760,63500,17750,249980,106090,8038440,46200
[E2ST-CSV] 4,425,17654480,1769910,110980,32050,569980,207240,15480860,85750
[E2ST-CSV] 4,426,8104050,753100,65460,18630,269340,95280,7254650,41020
[E2ST-CSV] 4,427,18677430,1491710,100130,29580,637090,263600,17074810,100850
[E2ST-CSV] 4,428,11260920,1230780,69030,19300,232990,94290,9922850,38320
[E2ST-CSV] 4,429,18448700,1487220,114970,30210,781850,378640,16842620,100200
[E2ST-CSV] 4,430,19097080,1473390,103970,30360,776590,397490,17508400,107620
[E2ST-CSV] 4,431,18903290,1487620,276690,31080,640460,260960,17312410,109270
[E2ST-CSV] 4,432,19331470,1469170,100290,184250,659170,255110,17763330,120130
[E2ST-CSV] 4,433,18199270,1369650,342700,34880,586960,236480,16726420,101280
[E2ST-CSV] 4,434,17600280,1286550,88450,24560,789780,413980,16223860,120850
[E2ST-CSV] 4,435,11845520,1055770,70460,25820,237220,98240,10566540,43270
[E2ST-CSV] 4,436,18680990,1184900,111600,28950,750740,254380,17237290,103100
[E2ST-CSV] 4,437,18686480,1301930,96590,191900,919770,341320,17286110,100990
[E2ST-CSV] 4,438,18813140,1512920,440050,31800,621750,248450,17198630,112210
[E2ST-CSV] 4,439,24645340,2063680,327680,37450,1151020,393200,22461210,171790
[E2ST-CSV] 4,440,15338850,1428150,114070,32470,810790,301270,13796060,121870
[E2ST-CSV] 4,441,8881370,1037280,244740,20740,240280,98460,7742980,42840
[E2ST-CSV] 4,442,18779700,1511970,249980,31360,658130,267690,17160370,126390
[E2ST-CSV] 4,443,8457760,872020,63440,18520,273120,99300,7490470,41340
[E2ST-CSV] 4,444,19085030,1483800,105680,30380,806920,420710,17496540,109730
[E2ST-CSV] 4,445,19759310,1216790,116820,28520,803760,415770,18427040,188500
[E2ST-CSV] 4,446,25817860,1813540,288950,37490,1210430,375090,23884880,148560
[E2ST-CSV] 4,447,18712550,1524740,102310,30040,703640,256160,17076450,103360
[E2ST-CSV] 4,448,18620550,1333910,273250,29210,668690,294860,17187450,113160
[E2ST-CSV] 4,449,15624150,979410,83290,24010,747130,378040,14569130,108030
[E2ST-CSV] 4,450,18854510,1349410,104220,28600,699460,263050,17384080,190940
[E2ST-CSV] 4,451,9714320,1187630,67740,31320,286930,144010,8420980,44670
[E2ST-CSV] 4,452,8871240,996490,67750,19630,288290,145450,7767340,44780
[E2ST-CSV] 4,453,8645050,962230,69240,19200,234410,97600,7577190,43740
[E2ST-CSV] 4,454,22446530,1475900,97590,27840,2068700,471120,20896330,155320
[E2ST-CSV] 4,455,20920390,1402530,124000,32210,863720,442950,19199840,119970
[E2ST-CSV] 4,456,7747780,947460,62390,18120,226240,92020,6709430,39170
[E2ST-CSV] 4,457,18678340,1333170,96100,28580,767840,245550,17243050,264110
[E2ST-CSV] 4,458,19131540,1194890,101920,29230,801450,271470,17838610,108390
[E2ST-CSV] 4,459,16431050,1131150,89610,23820,633190,257530,15217510,105610
[E2ST-CSV] 4,460,10942780,995830,70760,19220,273670,102640,9842040,45300
[E2ST-CSV] 4,461,8665710,940040,68610,18890,231560,95770,7620640,40390
[E2ST-CSV] 4,462,8141830,766860,67590,18490,280510,101370,7279070,41640
[E2ST-CSV] 4,463,18759590,1499280,433590,30990,639960,258290,17153390,106220
[E2ST-CSV] 4,464,13580920,885650,87290,21170,735610,219040,12623200,99180
[E2ST-CSV] 4,465,13185140,969800,66990,19510,385260,153160,12111190,79500
[E2ST-CSV] 4,466,8188410,992090,237480,21020,239900,100320,7092320,42290
[E2ST-CSV] 4,467,11248210,1227020,76500,20020,268350,96870,9926410,40590
[E2ST-CSV] 4,468,24862120,1589830,120310,33990,838600,333360,23158290,304490
[E2ST-CSV] 4,469,26011610,1594920,131840,35310,1024810,357090,24155890,150390
[E2ST-CSV] 4,470,19090090,1393200,103630,29530,639840,237250,17584300,269110
[E2ST-CSV] 4,471,18271740,1557440,98480,172840,619750,249810,16608510,108820
[E2ST-CSV] 4,472,8673840,971060,232110,20710,268070,93290,7608170,39360
[E2ST-CSV] 4,473,18111920,1640260,369440,38030,453570,190360,16075960,187140
[E2ST-CSV] 4,474,8524050,669360,57360,14630,259550,107060,7772160,47310
[E2ST-CSV] 4,475,9617550,965770,69930,19790,288950,105040,8550710,45510
[E2ST-CSV] 4,476,13073620,950770,69400,18830,274330,136140,12023950,43890
[E2ST-CSV] 4,477,8775830,738550,77880,19360,226930,93110,7943000,40390
[E2ST-CSV] 4,478,18575290,1323070,267880,29610,888670,374840,17152450,103130
[E2ST-CSV] 4,479,14967850,1255910,86700,25000,502100,171150,13583780,71140
[E2ST-CSV] 4,480,27303530,2052050,134700,41660,1054240,432970,25136800,177360
[E2ST-CSV] 4,481,24158800,1680540,119190,33800,1016340,408700,22357760,165740
[E2ST-CSV] 4,482,20125770,1819430,107190,31650,694710,283780,18191840,119550
[E2ST-CSV] 4,483,18721140,1376370,101030,28650,763420,264620,17236090,104310
[E2ST-CSV] 4,484,17885650,1478110,99530,27810,657960,270100,16302340,124510
[E2ST-CSV] 4,485,18813970,1496420,103170,30280,638370,262530,17209310,100500
[E2ST-CSV] 4,486,18644820,1482400,102750,28650,621450,257100,17050930,101470
[E2ST-CSV] 4,487,15680840,2077200,575690,40090,901800,521790,13201880,102280
[E2ST-CSV] 4,488,7869310,723570,61600,17820,277340,143570,7040250,39380
[E2ST-CSV] 4,489,7873350,579100,46270,13520,372700,132310,7238510,55110
[E2ST-CSV] 4,490,20058580,1444890,110970,33330,878790,282390,18501720,119580
[E2ST-CSV] 4,491,18558670,1490990,102760,29210,758280,311760,16955660,106950
[E2ST-CSV] 4,492,7933530,954800,67900,19490,240650,101820,6877410,41810
[E2ST-CSV] 4,493,19282070,1580080,275020,31670,674750,279830,17588400,110770
[E2ST-CSV] 4,494,14937500,916910,75130,20450,716750,357250,13963500,108750
[E2ST-CSV] 4,495,8993370,986810,68300,19720,248780,105470,7896230,46600
[E2ST-CSV] 4,496,11957580,1412040,154100,20930,243900,102570,10378090,44200
[E2ST-CSV] 4,497,27325360,1830020,137960,36680,1127610,557140,25379900,165600
[E2ST-CSV] 4,498,16966260,1416250,92440,25940,539170,217360,15448730,89200
[E2ST-CSV] 4,499,18024160,1051420,77220,21700,957800,493210,16912850,123150
[E2ST-CSV] 4,500,17995930,1323710,95500,28660,1003250,304750,16564320,122880
[E2ST-CSV] 4,501,21128080,1670970,220880,34710,746010,315200,19334170,137590
[E2ST-CSV] 4,502,18638830,1557510,101670,28830,718640,282540,16945030,119380
[E2ST-CSV] 4,503,8462050,775310,74570,19190,274320,98850,7587350,41610
[E2ST-CSV] 4,504,8909160,593500,45650,12040,495930,177180,8272850,76200
[E2ST-CSV] 4,505,11771540,1299200,74030,19960,242380,97560,10372320,43260
[E2ST-CSV] 4,506,19897160,1400830,104360,29750,947580,362990,18380040,113040
[E2ST-CSV] 4,507,18475310,1590930,106070,30110,752230,319290,16776120,133030
[E2ST-CSV] 4,508,18589080,1583230,105300,31220,683230,310030,16902180,104480
[E2ST-CSV] 4,509,5608390,407590,34550,9820,275300,120570,5163000,46030
[E2ST-SUMMARY] chain_len=4 e2e_avg=17315518 publish_avg=1411193 gc_trigger_avg=133014 invoke_cb_avg=37578 getnext_avg=656503 take_data_avg=272284 sched_avg=15779185 dispatch_avg=110493
