
RTEMS Shell on /dev/console. Use 'help' to list commands.
SHLL [/] # nexus0: <RTEMS Nexus device>
info: lo0: link state changed to UP
=== Exp3inter-MT: Task Chain (n=5) MultiThreadedExecutor ===
Period: 200ms, Rounds: 500
[E3IMT-CSV] chain_len,round,e2e_ns,publish_ns,gc_trigger_ns,invoke_cb_ns,getnext_ns,take_data_ns,sched_ns,dispatch_ns
666666
CPP Msg not nullptr
CPP Msg not nullptr
CPP Msg not nullptr
CPP Msg not nullptr
C Msg not NULL
C Msg not NULL
CPP Srv not nullptr
CPP Srv not nullptr
CPP Srv not nullptr
CPP Srv not nullptr
CPP Srv not nullptr
CPP Srv not nullptr
CPP Msg not nullptr
CPP Msg not nullptr
CPP Msg not nullptr
CPP Msg not nullptr
CPP Msg not nullptr
CPP Msg not nullptr
C Msg not NULL
C Msg not NULL
CPP Srv not nullptr
CPP Srv not nullptr
CPP Srv not nullptr
CPP Srv not nullptr
CPP Srv not nullptr
CPP Srv not nullptr
CPP Msg not nullptr
CPP Msg not nullptr
CPP Msg not nullptr
CPP Msg not nullptr
CPP Msg not nullptr
CPP Msg not nullptr
CPP Msg not nullptr
CPP Msg not nullptr
C Msg not NULL
C Msg not NULL
CPP Srv not nullptr
CPP Srv not nullptr
CPP Srv not nullptr
CPP Srv not nullptr
CPP Srv not nullptr
CPP Srv not nullptr
CPP Msg not nullptr
CPP Msg not nullptr
CPP Msg not nullptr
CPP Msg not nullptr
CPP Msg not nullptr
CPP Msg not nullptr
CPP Msg not nullptr
CPP Msg not nullptr
C Msg not NULL
C Msg not NULL
CPP Srv not nullptr
CPP Srv not nullptr
CPP Srv not nullptr
CPP Srv not nullptr
CPP Srv not nullptr
CPP Srv not nullptr
CPP Msg not nullptr
CPP Msg not nullptr
CPP Msg not nullptr
CPP Msg not nullptr
CPP Msg not nullptr
CPP Msg not nullptr
CPP Msg not nullptr
CPP Msg not nullptr
C Msg not NULL
C Msg not NULL
CPP Srv not nullptr
CPP Srv not nullptr
CPP Srv not nullptr
CPP Srv not nullptr
CPP Srv not nullptr
CPP Srv not nullptr
CPP Msg not nullptr
CPP Msg not nullptr
CPP Msg not nullptr
CPP Msg not nullptr
CPP Msg not nullptr
CPP Msg not nullptr
[E3IMT-CSV] 5,0,18527650,1927480,0,0,229920,0,16289420,8326890546
[E3IMT-CSV] 5,1,5714770,1646080,0,0,175270,0,4040200,8622925546
[E3IMT-CSV] 5,2,19028640,5518100,0,0,601770,0,13410070,9457157136
[E3IMT-CSV] 5,3,19672140,5605860,0,0,530250,0,13962290,10254771736
[E3IMT-CSV] 5,4,22891300,6389490,0,0,641850,0,16385610,11068836716
[E3IMT-CSV] 5,5,18332500,5045870,0,0,397870,0,13183150,11856817796
[E3IMT-CSV] 5,6,19883790,5714440,0,0,558940,0,14055410,12660580526
[E3IMT-CSV] 5,7,18948650,5378510,0,0,411430,0,13459560,13457380216
[E3IMT-CSV] 5,8,9542020,2591780,0,0,293740,0,6895720,14239291896
[E3IMT-CSV] 5,9,18835550,5097690,0,0,396880,0,13464330,15061590346
[E3IMT-CSV] 5,10,19924310,5435520,0,0,513740,0,14384310,15858899836
[E3IMT-CSV] 5,11,17623840,5075150,0,0,476350,0,12438290,16653114326
[E3IMT-CSV] 5,12,19859590,5322970,0,0,593290,0,14426440,17459626586
[E3IMT-CSV] 5,13,19555870,5437730,0,0,447470,0,14000180,18259934146
[E3IMT-CSV] 5,14,10538430,2968290,0,0,234780,0,7496820,19021697146
[E3IMT-CSV] 5,15,29558850,8132980,0,0,820690,0,21289550,19882835676
[E3IMT-CSV] 5,16,15223140,4716930,0,0,237350,0,10401070,20643896146
[E3IMT-CSV] 5,17,7653770,3310630,0,0,179440,0,4250530,21418076896
[E3IMT-CSV] 5,18,18281850,5193990,0,0,323510,0,12975310,22255885236
[E3IMT-CSV] 5,19,19479810,5763060,0,0,464530,0,13604950,23058831996
[E3IMT-CSV] 5,20,19643140,5801020,0,0,451530,0,13728430,23859620976
[E3IMT-CSV] 5,21,18956170,4621570,0,0,320360,0,14231720,24657595526
[E3IMT-CSV] 5,22,19486220,5422430,0,0,552370,0,13951080,25461169286
[E3IMT-CSV] 5,23,9475420,3942120,0,0,190940,0,5429510,26225609546
[E3IMT-CSV] 5,24,19664520,5562960,0,0,415610,0,13986750,27058970886
[E3IMT-CSV] 5,25,19990460,5740730,0,0,408990,0,14135530,27860953936
[E3IMT-CSV] 5,26,22894060,6757780,0,0,700030,0,16011930,28688328556
[E3IMT-CSV] 5,27,19729560,5469240,0,0,412740,0,14144630,29459742016
[E3IMT-CSV] 5,28,10860790,3855720,0,0,175230,0,6722610,30239317666
[E3IMT-CSV] 5,29,17176340,4961770,0,0,320080,0,12101380,31055697216
[E3IMT-CSV] 5,30,20047460,5492860,0,0,608950,0,14424000,31859763026
[E3IMT-CSV] 5,31,18888690,5350880,0,0,437320,0,13429920,32659016306
[E3IMT-CSV] 5,32,18419330,5021340,0,0,447050,0,13286310,33456207976
[E3IMT-CSV] 5,33,19244440,6148590,0,0,395400,0,12975710,34257448406
[E3IMT-CSV] 5,34,19109830,5372990,0,0,359500,0,13627930,35058556296
[E3IMT-CSV] 5,35,19838240,5378270,0,0,443580,0,14350540,35859666346
[E3IMT-CSV] 5,36,19306360,5546470,0,0,362380,0,13648930,36658791996
[E3IMT-CSV] 5,37,19907920,5355360,0,0,441360,0,14437660,37459922936
[E3IMT-CSV] 5,38,19945190,5558170,0,0,397630,0,14283490,38256867846
[E3IMT-CSV] 5,39,26540290,6858040,0,0,733120,0,19558860,39078872636
[E3IMT-CSV] 5,40,22820080,6036830,0,0,554010,0,16674580,39867030196
[E3IMT-CSV] 5,41,19088540,5395780,0,0,408470,0,13585890,40657546486
[E3IMT-CSV] 5,42,19733160,5325350,0,0,426910,0,14294680,41459397546
[E3IMT-CSV] 5,43,19024400,5416260,0,0,391990,0,13497470,42253636746
[E3IMT-CSV] 5,44,20156020,5580260,0,0,586520,0,14461240,43060078656
[E3IMT-CSV] 5,45,20073160,5772190,0,0,576350,0,14178820,43860675276
[E3IMT-CSV] 5,46,25631840,7396570,0,0,900430,0,18110640,44673838676
[E3IMT-CSV] 5,47,25067650,6416870,0,0,540290,0,18536080,45477152336
[E3IMT-CSV] 5,48,19697610,5524120,0,0,413850,0,14058620,46259509176
[E3IMT-CSV] 5,49,28946280,7229650,0,0,656420,0,21592780,47086517846
[E3IMT-CSV] 5,50,19065120,5383870,0,0,601730,0,13572550,47857356556
[E3IMT-CSV] 5,51,19949680,5504930,0,0,592880,0,14329220,48659708356
[E3IMT-CSV] 5,52,20387280,5377190,0,0,405180,0,14894400,49462402286
[E3IMT-CSV] 5,53,8607920,3916530,0,0,183480,0,4590710,50221810886
[E3IMT-CSV] 5,54,17210480,4941990,0,0,331460,0,12155390,51051739936
[E3IMT-CSV] 5,55,19595140,5486830,0,0,476610,0,13996650,51859311466
[E3IMT-CSV] 5,56,19562380,5505910,0,0,403880,0,13940200,52659580286
[E3IMT-CSV] 5,57,19352700,5460920,0,0,395850,0,13779430,53458723106
[E3IMT-CSV] 5,58,8347520,3494690,0,0,183720,0,4532530,54220965346
[E3IMT-CSV] 5,59,20251850,5738860,0,0,426510,0,14389390,55060870296
[E3IMT-CSV] 5,60,20349220,5718410,0,0,443150,0,14511420,55861767806
[E3IMT-CSV] 5,61,20065460,5646500,0,0,437480,0,14309420,56659779386
[E3IMT-CSV] 5,62,19832170,5389430,0,0,445030,0,14330230,57459395236
[E3IMT-CSV] 5,63,8445600,3909050,0,0,183380,0,4437480,58220492246
[E3IMT-CSV] 5,64,17941990,4850950,0,0,354150,0,12975890,59055695646
[E3IMT-CSV] 5,65,19820400,5670520,0,0,404590,0,14030840,59860175536
[E3IMT-CSV] 5,66,19372490,5564980,0,0,445080,0,13685660,60658843896
[E3IMT-CSV] 5,67,19771920,5740410,0,0,398780,0,13916480,61460441766
[E3IMT-CSV] 5,68,29042390,7635010,0,0,961200,0,21287710,62274436766
[E3IMT-CSV] 5,69,19964200,5406620,0,0,599480,0,14445470,63063310066
[E3IMT-CSV] 5,70,19541880,5504910,0,0,404260,0,13922600,63859501036
[E3IMT-CSV] 5,71,18899750,5423340,0,0,407530,0,13366280,64657050956
[E3IMT-CSV] 5,72,19525960,5290590,0,0,397620,0,13926270,65459649896
[E3IMT-CSV] 5,73,19595170,5187400,0,0,470420,0,14309290,66251180866
[E3IMT-CSV] 5,74,20019090,5739340,0,0,561730,0,14165560,67060142436
[E3IMT-CSV] 5,75,12664120,4117010,0,0,347150,0,8436140,67832594926
[E3IMT-CSV] 5,76,16776370,5425860,0,0,361330,0,11245270,68651897616
[E3IMT-CSV] 5,77,19972780,5338650,0,0,600500,0,14529920,69459089136
[E3IMT-CSV] 5,78,19159930,5854780,0,0,453790,0,13187150,70256677626
[E3IMT-CSV] 5,79,19462110,5511230,0,0,381930,0,13839630,71059414406
[E3IMT-CSV] 5,80,19433850,5383150,0,0,398840,0,13935700,71858012116
[E3IMT-CSV] 5,81,19996760,5487630,0,0,434160,0,14398760,72659611916
[E3IMT-CSV] 5,82,19857400,5370680,0,0,435070,0,14371280,73459162146
[E3IMT-CSV] 5,83,20312820,5865880,0,0,409100,0,14333190,74260715186
[E3IMT-CSV] 5,84,20572080,5558340,0,0,602140,0,14695680,75062925806
[E3IMT-CSV] 5,85,19416200,5397260,0,0,521040,0,13905960,75858669466
[E3IMT-CSV] 5,86,19932510,5487850,0,0,448250,0,14329090,76659605606
[E3IMT-CSV] 5,87,19957040,5692530,0,0,556080,0,14149540,77459853936
[E3IMT-CSV] 5,88,19956270,5618720,0,0,554980,0,14019450,78261037236
[E3IMT-CSV] 5,89,19673090,5507580,0,0,393170,0,14047130,79059832826
[E3IMT-CSV] 5,90,19973690,5713910,0,0,588370,0,14136930,79860095126
[E3IMT-CSV] 5,91,19939150,5510770,0,0,601820,0,14309160,80659215416
[E3IMT-CSV] 5,92,19773790,5557630,0,0,500500,0,14106510,81458558296
[E3IMT-CSV] 5,93,20199500,5818390,0,0,434550,0,14263700,82260690046
[E3IMT-CSV] 5,94,19623120,5337430,0,0,423660,0,14169040,83058935246
[E3IMT-CSV] 5,95,19902390,5702400,0,0,436170,0,14086230,83859447766
[E3IMT-CSV] 5,96,19944310,5543020,0,0,423790,0,14286220,84659711266
[E3IMT-CSV] 5,97,20320130,5555070,0,0,643340,0,14458760,85461809276
[E3IMT-CSV] 5,98,16711500,4546030,0,0,420780,0,12079000,86235938846
[E3IMT-CSV] 5,99,19730160,5659150,0,0,401830,0,13952010,87059901016
[E3IMT-CSV] 5,100,19228680,5796050,0,0,446150,0,13315080,87860172996
[E3IMT-CSV] 5,101,26930630,7211030,0,0,577400,0,19598420,88678526586
[E3IMT-CSV] 5,102,14817020,4800390,0,0,409430,0,9903480,89445063536
[E3IMT-CSV] 5,103,9684620,2652360,0,0,287150,0,6986450,90208561036
[E3IMT-CSV] 5,104,19541650,5492950,0,0,459430,0,13933320,91058343206
[E3IMT-CSV] 5,105,20519130,5606500,0,0,518250,0,14641550,91861844486
[E3IMT-CSV] 5,106,23754250,6662820,0,0,697480,0,16811430,92671125966
[E3IMT-CSV] 5,107,19922340,5529250,0,0,432540,0,14278970,93459288126
[E3IMT-CSV] 5,108,19297990,4912320,0,0,478420,0,14296420,94248939756
[E3IMT-CSV] 5,109,19840600,4987290,0,0,309230,0,14742050,95063146246
[E3IMT-CSV] 5,110,19629540,5585910,0,0,703090,0,13938390,95857723006
[E3IMT-CSV] 5,111,19456400,5456150,0,0,423850,0,13892830,96657796936
[E3IMT-CSV] 5,112,21524070,6019390,0,0,465210,0,15387730,97468502596
[E3IMT-CSV] 5,113,8944250,3956590,0,0,177070,0,4887370,98222790196
[E3IMT-CSV] 5,114,19963990,5584540,0,0,552810,0,14263510,99059748996
[E3IMT-CSV] 5,115,19968100,5822530,0,0,401560,0,14032610,99861715156
[E3IMT-CSV] 5,116,17863270,4858490,0,0,358940,0,12890790,100659494996
[E3IMT-CSV] 5,117,19445140,5522020,0,0,385530,0,13798900,101458844186
[E3IMT-CSV] 5,118,15884890,4105330,0,0,582290,0,11708490,102233271426
[E3IMT-CSV] 5,119,19944780,5660000,0,0,422210,0,14166380,103060194736
[E3IMT-CSV] 5,120,19368920,5326800,0,0,495930,0,13735150,103858744766
[E3IMT-CSV] 5,121,19820190,5584480,0,0,414090,0,14112900,104659498566
[E3IMT-CSV] 5,122,19488020,5207060,0,0,409990,0,13961100,105459037326
[E3IMT-CSV] 5,123,9142640,3479160,0,0,178070,0,5565640,106222788196
[E3IMT-CSV] 5,124,19526660,5507330,0,0,400830,0,13912990,107059257126
[E3IMT-CSV] 5,125,19686210,5579920,0,0,399180,0,13992720,107859350936
[E3IMT-CSV] 5,126,19639990,5385980,0,0,470940,0,14139010,108658965626
[E3IMT-CSV] 5,127,19667690,5342560,0,0,425370,0,14212540,109462412166
[E3IMT-CSV] 5,128,8676360,3668450,0,0,186830,0,4727130,110221571796
[E3IMT-CSV] 5,129,20114060,5799680,0,0,403910,0,14193970,111060857726
[E3IMT-CSV] 5,130,20097680,5946450,0,0,391990,0,14037050,111860574386
[E3IMT-CSV] 5,131,20369970,5815760,0,0,423180,0,14434470,112660512396
[E3IMT-CSV] 5,132,8557920,3730530,0,0,178080,0,4711090,113422556896
[E3IMT-CSV] 5,133,9990000,2856620,0,0,291760,0,7079030,114239419486
[E3IMT-CSV] 5,134,15446510,3857600,0,0,565430,0,11484370,115051866986
[E3IMT-CSV] 5,135,20178020,5602760,0,0,620510,0,14459500,115859376686
[E3IMT-CSV] 5,136,19021210,5276400,0,0,524860,0,13631290,116656496236
[E3IMT-CSV] 5,137,9059590,3777530,0,0,176730,0,5183850,117422898116
[E3IMT-CSV] 5,138,19950330,5617910,0,0,424350,0,14216110,118263411906
[E3IMT-CSV] 5,139,20061060,5763640,0,0,444050,0,14185410,119060156516
[E3IMT-CSV] 5,140,20171970,5621770,0,0,450970,0,14432620,119863619406
[E3IMT-CSV] 5,141,26894350,7723020,0,0,771900,0,19051970,120673156706
[E3IMT-CSV] 5,142,20774660,5743370,0,0,623640,0,14903590,121467578626
[E3IMT-CSV] 5,143,15871500,4217330,0,0,452140,0,11576010,122234653996
[E3IMT-CSV] 5,144,21560510,5825560,0,0,736850,0,15426500,123065311686
[E3IMT-CSV] 5,145,19848560,5453010,0,0,625130,0,14275870,123862314316
[E3IMT-CSV] 5,146,23327020,6842900,0,0,500400,0,16359710,124668770176
[E3IMT-CSV] 5,147,9521520,3699710,0,0,180590,0,5722320,125426325676
[E3IMT-CSV] 5,148,7226820,2255150,0,0,199280,0,4924290,126210208046
[E3IMT-CSV] 5,149,20815910,5669320,0,0,536810,0,14861330,127066805226
[E3IMT-CSV] 5,150,8231260,3857870,0,0,175070,0,4274890,127823009586
[E3IMT-CSV] 5,151,19639140,5313340,0,0,636790,0,14216750,128661902626
[E3IMT-CSV] 5,152,29562030,8117000,0,0,942580,0,21311330,129481318336
[E3IMT-CSV] 5,153,8442050,3858990,0,0,283610,0,4482560,130224160366
[E3IMT-CSV] 5,154,25912820,6686560,0,0,576850,0,19107620,131076930506
[E3IMT-CSV] 5,155,19937600,5583940,0,0,571530,0,14246780,131858293006
[E3IMT-CSV] 5,156,19252790,5168760,0,0,399540,0,13814440,132661710536
[E3IMT-CSV] 5,157,19914890,5728300,0,0,420600,0,14071700,133463598206
[E3IMT-CSV] 5,158,19898190,5730490,0,0,489600,0,14047120,134263390626
[E3IMT-CSV] 5,159,26048090,7260250,0,0,512920,0,18654730,135081054576
[E3IMT-CSV] 5,160,28012180,7104360,0,0,769250,0,20772930,135881672606
[E3IMT-CSV] 5,161,19815340,5288980,0,0,499470,0,14417120,136662663016
[E3IMT-CSV] 5,162,19501520,5135390,0,0,476760,0,14096070,137462459486
[E3IMT-CSV] 5,163,9361540,3981670,0,0,181060,0,5281410,138226749626
[E3IMT-CSV] 5,164,20039490,5743410,0,0,494190,0,14183050,139063348896
[E3IMT-CSV] 5,165,19738280,5413130,0,0,630290,0,14210890,139862234616
[E3IMT-CSV] 5,166,19322200,5679680,0,0,537220,0,13533870,140660613526
[E3IMT-CSV] 5,167,19717810,5631840,0,0,507730,0,13967570,141463143086
[E3IMT-CSV] 5,168,19841840,5637040,0,0,527250,0,14081040,142263775666
[E3IMT-CSV] 5,169,19719380,5488180,0,0,417830,0,14116890,143062875606
[E3IMT-CSV] 5,170,18143350,5668840,0,0,437770,0,12346200,143857179176
[E3IMT-CSV] 5,171,20278410,5759960,0,0,515200,0,14394890,144667144496
[E3IMT-CSV] 5,172,19560080,5479860,0,0,442010,0,13963890,145462633216
[E3IMT-CSV] 5,173,20434630,5763470,0,0,601180,0,14550280,146265593786
[E3IMT-CSV] 5,174,19620220,5487700,0,0,408790,0,14016600,147062782246
[E3IMT-CSV] 5,175,21932560,5977980,0,0,628090,0,15550990,147870063436
[E3IMT-CSV] 5,176,20009640,5769250,0,0,510990,0,14123590,148663174626
[E3IMT-CSV] 5,177,19486790,5426510,0,0,441170,0,13943260,149462385266
[E3IMT-CSV] 5,178,19746790,5472170,0,0,388840,0,13991340,150263563856
[E3IMT-CSV] 5,179,29805050,7606230,0,0,764350,0,22058540,151087171576
[E3IMT-CSV] 5,180,29539580,7928310,0,0,1077660,0,21478090,151882486236
[E3IMT-CSV] 5,181,19725780,5326870,0,0,491320,0,14281440,152662204396
[E3IMT-CSV] 5,182,19597080,5575960,0,0,616510,0,13907180,153461248086
[E3IMT-CSV] 5,183,20410170,5789620,0,0,445170,0,14504050,154263953316
[E3IMT-CSV] 5,184,19234680,5414590,0,0,382160,0,13705960,155061333486
[E3IMT-CSV] 5,185,8246290,3778300,0,0,176490,0,4369630,155822830316
[E3IMT-CSV] 5,186,19721660,5604070,0,0,400210,0,14002000,156662814936
[E3IMT-CSV] 5,187,19634090,5464240,0,0,464360,0,14051780,157462237386
[E3IMT-CSV] 5,188,17047280,5376890,0,0,333490,0,11554200,158253776696
[E3IMT-CSV] 5,189,19301880,5461080,0,0,419500,0,13729360,159060769666
[E3IMT-CSV] 5,190,19895920,5654170,0,0,416230,0,14123910,159862785406
[E3IMT-CSV] 5,191,9744120,3853870,0,0,177670,0,5791400,160629510666
[E3IMT-CSV] 5,192,8129170,3786640,0,0,174850,0,4247780,161422326806
[E3IMT-CSV] 5,193,9012960,2865050,0,0,226810,0,6079800,162217977886
[E3IMT-CSV] 5,194,19618700,5064650,0,0,395850,0,14438930,163063055826
[E3IMT-CSV] 5,195,19950950,5702320,0,0,518460,0,14135370,163862888046
[E3IMT-CSV] 5,196,10447960,4100240,0,0,180510,0,6243260,164643355476
[E3IMT-CSV] 5,197,13528720,4105280,0,0,225320,0,9329530,165444021036
[E3IMT-CSV] 5,198,10462380,3035910,0,0,244680,0,7352080,166227679046
[E3IMT-CSV] 5,199,12363150,3687470,0,0,257020,0,8585600,167037743066
[E3IMT-CSV] 5,200,21245690,7046220,0,0,529450,0,14086370,167866205426
[E3IMT-CSV] 5,201,22181320,6701200,0,0,482610,0,15366900,168684753366
[E3IMT-CSV] 5,202,19647410,5383070,0,0,435690,0,14148230,169461732476
[E3IMT-CSV] 5,203,21993710,6342160,0,0,370890,0,15520680,170285919446
[E3IMT-CSV] 5,204,18987650,5471230,0,0,406110,0,13403350,171072002866
[E3IMT-CSV] 5,205,21927880,7224970,0,0,431490,0,14595160,171867260176
[E3IMT-CSV] 5,206,19771060,5450200,0,0,430140,0,14211050,172662126536
[E3IMT-CSV] 5,207,19532910,5516020,0,0,591820,0,13914690,173460737456
[E3IMT-CSV] 5,208,19956850,5760300,0,0,424650,0,14077800,174262781726
[E3IMT-CSV] 5,209,19573190,5437190,0,0,435140,0,14011090,175061436716
[E3IMT-CSV] 5,210,19734070,5598770,0,0,639180,0,14017640,175861303886
[E3IMT-CSV] 5,211,19475070,5552180,0,0,404170,0,13808350,176661766306
[E3IMT-CSV] 5,212,19624810,5528390,0,0,612780,0,13990290,177460895616
[E3IMT-CSV] 5,213,19916060,5347270,0,0,465880,0,14458390,178259762556
[E3IMT-CSV] 5,214,19577160,5334470,0,0,481920,0,14137090,179061976616
[E3IMT-CSV] 5,215,18978360,5351870,0,0,424310,0,13521370,179860120786
[E3IMT-CSV] 5,216,18489740,5039510,0,0,382080,0,13343170,180660168446
[E3IMT-CSV] 5,217,18693650,5431750,0,0,404700,0,13147680,181459317146
[E3IMT-CSV] 5,218,15931850,4730040,0,0,385430,0,11121200,182238632796
[E3IMT-CSV] 5,219,19349250,5458640,0,0,414490,0,13784250,183060701586
[E3IMT-CSV] 5,220,19203910,5353400,0,0,421640,0,13736760,183860462056
[E3IMT-CSV] 5,221,19306610,5265000,0,0,398790,0,13882440,184661100256
[E3IMT-CSV] 5,222,18164620,4760500,0,0,398050,0,13301730,185458864896
[E3IMT-CSV] 5,223,12489620,3299580,0,0,351530,0,9133340,186222719966
[E3IMT-CSV] 5,224,18625780,5209190,0,0,596140,0,13306100,187059467726
[E3IMT-CSV] 5,225,19080230,5892110,0,0,373230,0,13074890,187860809116
[E3IMT-CSV] 5,226,19429120,5436500,0,0,565240,0,13700770,188662280096
[E3IMT-CSV] 5,227,19432190,5194770,0,0,512310,0,14130390,189461943576
[E3IMT-CSV] 5,228,6528190,1839300,0,0,183240,0,4647730,190203531716
[E3IMT-CSV] 5,229,11828990,3799320,0,0,256140,0,7936530,191037291536
[E3IMT-CSV] 5,230,13924560,4445520,0,0,275570,0,9107610,191859870086
[E3IMT-CSV] 5,231,19481690,5515860,0,0,454340,0,13854560,192661630156
[E3IMT-CSV] 5,232,19316860,5516460,0,0,533740,0,13697510,193460229716
[E3IMT-CSV] 5,233,9297070,2826220,0,0,250250,0,6418550,194215462396
[E3IMT-CSV] 5,234,19517110,5522460,0,0,460840,0,13879580,195062455366
[E3IMT-CSV] 5,235,19056020,5317640,0,0,422580,0,13628920,195860315026
[E3IMT-CSV] 5,236,18511090,5189630,0,0,492080,0,13205060,196658880646
[E3IMT-CSV] 5,237,19549640,5356030,0,0,412340,0,14079570,197461464146
[E3IMT-CSV] 5,238,9532620,3524870,0,0,186450,0,5935090,198221328686
[E3IMT-CSV] 5,239,19705080,5939510,0,0,694090,0,13651390,199062955656
[E3IMT-CSV] 5,240,19488000,5417930,0,0,459320,0,13956530,199861456116
[E3IMT-CSV] 5,241,19371690,5441600,0,0,538910,0,13670160,200660353916
[E3IMT-CSV] 5,242,19202080,5394090,0,0,404150,0,13692560,201460451966
[E3IMT-CSV] 5,243,16649030,4289250,0,0,411550,0,12276920,202239200626
[E3IMT-CSV] 5,244,18951460,6191390,0,0,497910,0,12651220,203060775466
[E3IMT-CSV] 5,245,18537250,5194220,0,0,554420,0,13228700,203858096666
[E3IMT-CSV] 5,246,15854260,4935610,0,0,457600,0,10813170,204649377386
[E3IMT-CSV] 5,247,19473820,5584100,0,0,540180,0,13789630,205459945146
[E3IMT-CSV] 5,248,15146700,3829320,0,0,406620,0,11261820,206228301036
[E3IMT-CSV] 5,249,19999560,5708950,0,0,445740,0,14173440,207062689446
[E3IMT-CSV] 5,250,19421540,5419360,0,0,394700,0,13884760,207860913196
[E3IMT-CSV] 5,251,19473690,5802600,0,0,378770,0,13555020,208661105566
[E3IMT-CSV] 5,252,19342040,5607050,0,0,418320,0,13612970,209460540966
[E3IMT-CSV] 5,253,20155760,6107400,0,0,402050,0,13954100,210258732846
[E3IMT-CSV] 5,254,18998350,5424090,0,0,401020,0,13457470,211059745636
[E3IMT-CSV] 5,255,19443290,5534300,0,0,416590,0,13794610,211860794276
[E3IMT-CSV] 5,256,16346820,4633380,0,0,260960,0,11608660,212649550136
[E3IMT-CSV] 5,257,19609140,5451590,0,0,431230,0,14044130,213461322496
[E3IMT-CSV] 5,258,20103120,5522990,0,0,785630,0,14468230,214258680156
[E3IMT-CSV] 5,259,19107490,5439440,0,0,387660,0,13556620,215060668156
[E3IMT-CSV] 5,260,19790160,5260470,0,0,386680,0,14424630,215862863546
[E3IMT-CSV] 5,261,19545650,5365990,0,0,454000,0,14057970,216661080956
[E3IMT-CSV] 5,262,19426760,5554150,0,0,548840,0,13765270,217460090176
[E3IMT-CSV] 5,263,20410230,5682940,0,0,440720,0,14620020,218259547696
[E3IMT-CSV] 5,264,19374990,5526290,0,0,407060,0,13727570,219061133766
[E3IMT-CSV] 5,265,19524090,5560280,0,0,418580,0,13850390,219861151016
[E3IMT-CSV] 5,266,18095970,5321450,0,0,353340,0,12552260,220656921946
[E3IMT-CSV] 5,267,19546410,5487650,0,0,475890,0,13943970,221461331896
[E3IMT-CSV] 5,268,11927800,3240710,0,0,443390,0,8642720,222215844056
[E3IMT-CSV] 5,269,19009160,5150940,0,0,408380,0,13737510,223061562016
[E3IMT-CSV] 5,270,19247710,5606360,0,0,560780,0,13536360,223859538216
[E3IMT-CSV] 5,271,19207850,5387280,0,0,408060,0,13710580,224660733166
[E3IMT-CSV] 5,272,19677550,5414680,0,0,460420,0,14153080,225461352056
[E3IMT-CSV] 5,273,19511640,5257030,0,0,464230,0,14163140,226253597856
[E3IMT-CSV] 5,274,19501060,5498760,0,0,400890,0,13894940,227061768016
[E3IMT-CSV] 5,275,18170970,5301810,0,0,351950,0,12555680,227858022766
[E3IMT-CSV] 5,276,18798760,5376710,0,0,402030,0,13309420,228659233766
[E3IMT-CSV] 5,277,19644810,5476000,0,0,473020,0,14040980,229461507886
[E3IMT-CSV] 5,278,14793300,3648160,0,0,378770,0,10990170,230227096256
[E3IMT-CSV] 5,279,19536360,5501270,0,0,437750,0,13918770,231061668406
[E3IMT-CSV] 5,280,19635320,5435290,0,0,471050,0,14091370,231860951516
[E3IMT-CSV] 5,281,17832540,5201730,0,0,362080,0,12516580,232655358086
[E3IMT-CSV] 5,282,19367130,5645280,0,0,542450,0,13618720,233459738286
[E3IMT-CSV] 5,283,5976120,1791920,0,0,182880,0,4150860,234201255236
[E3IMT-CSV] 5,284,19700400,5723370,0,0,382240,0,13862120,235062016866
[E3IMT-CSV] 5,285,19583870,5383880,0,0,412660,0,14087510,235861121626
[E3IMT-CSV] 5,286,15249540,4822280,0,0,305970,0,10322320,236646440656
[E3IMT-CSV] 5,287,19671890,5632670,0,0,622530,0,13928450,237460449186
[E3IMT-CSV] 5,288,8942060,3162640,0,0,232970,0,5708420,238218664846
[E3IMT-CSV] 5,289,18245630,5291680,0,0,355330,0,12842770,239059891686
[E3IMT-CSV] 5,290,19644040,5384270,0,0,625040,0,14152500,239860808506
[E3IMT-CSV] 5,291,19456550,5674140,0,0,376190,0,13631680,240661207576
[E3IMT-CSV] 5,292,19812740,5447770,0,0,435200,0,14253040,241461257476
[E3IMT-CSV] 5,293,17861690,5248980,0,0,405540,0,12514630,242248680296
[E3IMT-CSV] 5,294,15944870,4931280,0,0,309960,0,10905240,243049172586
[E3IMT-CSV] 5,295,19555540,5531440,0,0,423810,0,13913960,243860427176
[E3IMT-CSV] 5,296,14307890,4558410,0,0,296770,0,9644750,244651594486
[E3IMT-CSV] 5,297,18690260,5339210,0,0,379300,0,13240580,245457706716
[E3IMT-CSV] 5,298,6228160,1821870,0,0,181880,0,4370570,246202137456
[E3IMT-CSV] 5,299,17002520,4916440,0,0,591830,0,11966480,247054459086
[E3IMT-CSV] 5,300,19404090,5425330,0,0,393090,0,13812490,247860277266
[E3IMT-CSV] 5,301,14004540,4733060,0,0,295820,0,9169440,248641273416
[E3IMT-CSV] 5,302,18098510,5444550,0,0,373880,0,12549710,249455849836
[E3IMT-CSV] 5,303,6461910,1772950,0,0,225870,0,4652220,250203158646
[E3IMT-CSV] 5,304,16918430,5119740,0,0,330200,0,11627000,251055764596
[E3IMT-CSV] 5,305,19875870,5691520,0,0,569590,0,14068550,251861165786
[E3IMT-CSV] 5,306,20144710,5820140,0,0,414860,0,14204640,252662445246
[E3IMT-CSV] 5,307,19769940,5630250,0,0,501460,0,14023650,253461775196
[E3IMT-CSV] 5,308,14738180,4213490,0,0,482130,0,10458390,254228625726
[E3IMT-CSV] 5,309,14141410,4596620,0,0,288450,0,9438580,255043065916
[E3IMT-CSV] 5,310,13206330,4352140,0,0,367810,0,8747490,255840071816
[E3IMT-CSV] 5,311,16991680,4708640,0,0,374920,0,12177010,256653990526
[E3IMT-CSV] 5,312,19620670,5410670,0,0,476650,0,14093240,257461237226
[E3IMT-CSV] 5,313,6457010,1860120,0,0,185070,0,4559510,258202646316
[E3IMT-CSV] 5,314,15863860,4997930,0,0,346090,0,10758610,259049071796
[E3IMT-CSV] 5,315,19720700,5566780,0,0,422670,0,14040220,259861611526
[E3IMT-CSV] 5,316,19375340,5413160,0,0,411440,0,13848880,260660401846
[E3IMT-CSV] 5,317,19424410,5460960,0,0,423270,0,13852080,261460521596
[E3IMT-CSV] 5,318,9389150,2838210,0,0,261900,0,6487020,262217540786
[E3IMT-CSV] 5,319,18196740,5267240,0,0,352880,0,12821470,263057126416
[E3IMT-CSV] 5,320,19097130,5133550,0,0,391580,0,13684630,263860145596
[E3IMT-CSV] 5,321,18596140,5158190,0,0,412320,0,13199950,264657349906
[E3IMT-CSV] 5,322,19350660,5384020,0,0,412760,0,13800720,265460066156
[E3IMT-CSV] 5,323,7560080,2242450,0,0,247630,0,5269650,266208870606
[E3IMT-CSV] 5,324,18362500,4987840,0,0,370650,0,13261800,267057420126
[E3IMT-CSV] 5,325,19993680,5472530,0,0,391790,0,14410510,267862596616
[E3IMT-CSV] 5,326,19038350,5342780,0,0,402980,0,13587370,268659887476
[E3IMT-CSV] 5,327,19684710,5719810,0,0,416680,0,13848210,269461347026
[E3IMT-CSV] 5,328,9377460,2928380,0,0,217530,0,6381540,270219944146
[E3IMT-CSV] 5,329,12702850,4074120,0,0,293850,0,8524540,271032338476
[E3IMT-CSV] 5,330,19879800,5678380,0,0,519020,0,14089260,271861969966
[E3IMT-CSV] 5,331,17849760,5167150,0,0,363430,0,12573830,272654872666
[E3IMT-CSV] 5,332,18498060,5277780,0,0,540760,0,13103670,273457090646
[E3IMT-CSV] 5,333,17207090,4982990,0,0,360840,0,12118400,274252591596
[E3IMT-CSV] 5,334,15406850,4396000,0,0,295310,0,10731850,275047636506
[E3IMT-CSV] 5,335,19768830,4959120,0,0,373180,0,14691710,275862004146
[E3IMT-CSV] 5,336,14805000,4465990,0,0,273660,0,10236540,276645359956
[E3IMT-CSV] 5,337,19001680,5318710,0,0,387260,0,13571760,277458961326
[E3IMT-CSV] 5,338,14217430,5920190,0,0,250600,0,7913460,278256646786
[E3IMT-CSV] 5,339,19871320,5609680,0,0,384900,0,14148020,279062208806
[E3IMT-CSV] 5,340,19842800,5260100,0,0,428020,0,14464220,279861048266
[E3IMT-CSV] 5,341,19917800,5404130,0,0,622070,0,14390470,280660989946
[E3IMT-CSV] 5,342,19541590,5314430,0,0,406100,0,14104250,281460070946
[E3IMT-CSV] 5,343,18613240,5317350,0,0,441290,0,13182210,282257363826
[E3IMT-CSV] 5,344,19396260,5325860,0,0,387990,0,13953690,283060349656
[E3IMT-CSV] 5,345,19305160,5369470,0,0,388930,0,13823580,283859956416
[E3IMT-CSV] 5,346,19029620,5312530,0,0,394450,0,13609960,284659076066
[E3IMT-CSV] 5,347,19164310,5451510,0,0,464510,0,13597360,285459774196
[E3IMT-CSV] 5,348,14395150,5437000,0,0,274680,0,8816920,286255715766
[E3IMT-CSV] 5,349,18754310,5401360,0,0,378790,0,13236940,287058528656
[E3IMT-CSV] 5,350,19773920,5288850,0,0,446530,0,14366770,287860704916
[E3IMT-CSV] 5,351,18008700,5343200,0,0,351720,0,12549470,288655332466
[E3IMT-CSV] 5,352,19639230,5467860,0,0,538630,0,14060690,289460791836
[E3IMT-CSV] 5,353,18799420,5201860,0,0,456390,0,13470270,290257209326
[E3IMT-CSV] 5,354,17110350,4627940,0,0,322370,0,12367940,291062645776
[E3IMT-CSV] 5,355,19552440,5315990,0,0,409560,0,14124140,291860597656
[E3IMT-CSV] 5,356,16971940,4783150,0,0,427260,0,12083580,292651487866
[E3IMT-CSV] 5,357,19360510,4969330,0,0,463680,0,14278130,293461093396
[E3IMT-CSV] 5,358,18806150,5170730,0,0,524430,0,13526550,294258352356
[E3IMT-CSV] 5,359,19372010,5482710,0,0,392410,0,13772660,295059880936
[E3IMT-CSV] 5,360,19663140,5459310,0,0,565290,0,14085450,295860162426
[E3IMT-CSV] 5,361,17524920,5399730,0,0,415370,0,12010710,296654628496
[E3IMT-CSV] 5,362,19536110,5487960,0,0,454230,0,13935260,297460183006
[E3IMT-CSV] 5,363,9230490,3601630,0,0,177170,0,5542800,298224840526
[E3IMT-CSV] 5,364,19153380,5149000,0,0,398550,0,13729050,299059941926
[E3IMT-CSV] 5,365,19499800,5336840,0,0,404360,0,14035890,299860003586
[E3IMT-CSV] 5,366,19413730,5520920,0,0,591050,0,13765660,300658967966
[E3IMT-CSV] 5,367,18639540,5179270,0,0,377460,0,13351130,301458437926
[E3IMT-CSV] 5,368,19370510,5327860,0,0,483170,0,13934260,302259480976
[E3IMT-CSV] 5,369,19041760,5372400,0,0,382880,0,13552000,303059391686
[E3IMT-CSV] 5,370,18690510,5130400,0,0,395320,0,13180540,303859018126
[E3IMT-CSV] 5,371,18290840,5301550,0,0,383910,0,12873710,304655908476
[E3IMT-CSV] 5,372,19457930,5271690,0,0,403120,0,14072320,305459789536
[E3IMT-CSV] 5,373,15289600,6503140,0,0,248530,0,8639520,306260992686
[E3IMT-CSV] 5,374,14799510,4679980,0,0,280710,0,10011180,307050479946
[E3IMT-CSV] 5,375,19228790,5330390,0,0,390990,0,13775920,307859967286
[E3IMT-CSV] 5,376,19456070,5292390,0,0,494940,0,14056740,308660547666
[E3IMT-CSV] 5,377,19643810,5366530,0,0,473310,0,14082910,309460117766
[E3IMT-CSV] 5,378,19785880,5630280,0,0,490160,0,14042270,310261505146
[E3IMT-CSV] 5,379,18279390,5059700,0,0,336670,0,13107410,311060727196
[E3IMT-CSV] 5,380,16242070,4841110,0,0,330340,0,11287320,311851018626
[E3IMT-CSV] 5,381,10290900,2917430,0,0,259890,0,7298170,312624112416
[E3IMT-CSV] 5,382,19100850,4929980,0,0,376930,0,14061500,313460528296
[E3IMT-CSV] 5,383,17080070,5885570,0,0,396530,0,11036140,314265580996
[E3IMT-CSV] 5,384,19298140,5471760,0,0,396200,0,13710580,315060144276
[E3IMT-CSV] 5,385,18261650,4990280,0,0,368340,0,13162280,315857012576
[E3IMT-CSV] 5,386,19221240,5364830,0,0,411030,0,13744070,316659603286
[E3IMT-CSV] 5,387,18958760,5307220,0,0,397050,0,13534460,317459116166
[E3IMT-CSV] 5,388,9706240,3681780,0,0,178740,0,5932610,318227551266
[E3IMT-CSV] 5,389,18830720,5326130,0,0,402590,0,13383600,319058701036
[E3IMT-CSV] 5,390,19984350,5664130,0,0,438110,0,14207060,319865866576
[E3IMT-CSV] 5,391,9603790,2697250,0,0,280420,0,6857290,320637514986
[E3IMT-CSV] 5,392,16228810,4939190,0,0,369120,0,11170470,321452263116
[E3IMT-CSV] 5,393,10112380,3841160,0,0,177020,0,6122210,322228630736
[E3IMT-CSV] 5,394,19464170,5287750,0,0,414600,0,13994690,323060192286
[E3IMT-CSV] 5,395,7917080,3737760,0,0,176840,0,4070650,323824005506
[E3IMT-CSV] 5,396,19290080,5566420,0,0,552690,0,13606670,324658578036
[E3IMT-CSV] 5,397,19350830,5494750,0,0,570830,0,13740620,325458818766
[E3IMT-CSV] 5,398,19541870,5409030,0,0,552980,0,14021540,326259601146
[E3IMT-CSV] 5,399,19018590,5467360,0,0,381720,0,13429850,327058915916
[E3IMT-CSV] 5,400,19521470,5393540,0,0,461970,0,14005450,327860300946
[E3IMT-CSV] 5,401,19149620,5498520,0,0,405760,0,13528670,328658425396
[E3IMT-CSV] 5,402,18400490,5236070,0,0,374140,0,13050920,329456681436
[E3IMT-CSV] 5,403,19519640,5379550,0,0,462910,0,14014680,330260012976
[E3IMT-CSV] 5,404,18486020,5276980,0,0,419470,0,13082510,331056925716
[E3IMT-CSV] 5,405,29945940,8341040,0,0,1005740,0,21467070,331886976856
[E3IMT-CSV] 5,406,13810820,5177290,0,0,184110,0,8476300,332662548086
[E3IMT-CSV] 5,407,18339560,4863650,0,0,429220,0,13207870,333457211296
[E3IMT-CSV] 5,408,18787880,5327440,0,0,391010,0,13352430,334258306396
[E3IMT-CSV] 5,409,9324430,3803710,0,0,176520,0,5426910,335027651506
[E3IMT-CSV] 5,410,16883500,6057620,0,0,304460,0,10651700,335855922826
[E3IMT-CSV] 5,411,15306570,4478170,0,0,313030,0,10621670,336652801386
[E3IMT-CSV] 5,412,19103270,5448470,0,0,367130,0,13541430,337458984876
[E3IMT-CSV] 5,413,19099220,5255380,0,0,389600,0,13736500,338258451806
[E3IMT-CSV] 5,414,19544470,5462000,0,0,437250,0,13966020,339060108886
[E3IMT-CSV] 5,415,15560400,4745520,0,0,422670,0,10705090,339856030616
[E3IMT-CSV] 5,416,18886050,5297610,0,0,380830,0,13460250,340658362506
[E3IMT-CSV] 5,417,18743900,5218050,0,0,386000,0,13400280,341457932836
[E3IMT-CSV] 5,418,19770160,5644500,0,0,468040,0,13950900,342261270826
[E3IMT-CSV] 5,419,19368050,5209430,0,0,766730,0,14041470,343060965446
[E3IMT-CSV] 5,420,20070520,5596300,0,0,390180,0,14360830,343861154886
[E3IMT-CSV] 5,421,18629030,5129440,0,0,367410,0,13391020,344659176466
[E3IMT-CSV] 5,422,18445770,5035500,0,0,353920,0,13286610,345456961756
[E3IMT-CSV] 5,423,14987340,5756270,0,0,241910,0,9096810,346245995406
[E3IMT-CSV] 5,424,10434950,3596100,0,0,226890,0,6761090,347027965986
[E3IMT-CSV] 5,425,15178070,5020580,0,0,287130,0,10006180,347852944366
[E3IMT-CSV] 5,426,19511260,4910100,0,0,486760,0,14482920,348661912776
[E3IMT-CSV] 5,427,16088610,4949580,0,0,318430,0,11022520,349448908076
[E3IMT-CSV] 5,428,19652970,5875840,0,0,427290,0,13667310,350257603676
[E3IMT-CSV] 5,429,19529710,5090450,0,0,454830,0,14328850,351061589716
[E3IMT-CSV] 5,430,16392830,4870800,0,0,380360,0,11418210,351854342566
[E3IMT-CSV] 5,431,19813690,5482710,0,0,527880,0,14216140,352661213016
[E3IMT-CSV] 5,432,19336470,5281010,0,0,471450,0,13946090,353459573966
[E3IMT-CSV] 5,433,12601500,4694850,0,0,369610,0,7794830,354232792736
[E3IMT-CSV] 5,434,20008130,6025090,0,0,400960,0,13857750,355062336126
[E3IMT-CSV] 5,435,19244050,5428040,0,0,378890,0,13710440,355859067596
[E3IMT-CSV] 5,436,19472920,5384360,0,0,547960,0,13969600,356660432026
[E3IMT-CSV] 5,437,19722650,5314100,0,0,436210,0,14292610,357460324866
[E3IMT-CSV] 5,438,18959710,5352220,0,0,402310,0,13480620,358258592046
[E3IMT-CSV] 5,439,19369990,5495590,0,0,395010,0,13760820,359060005886
[E3IMT-CSV] 5,440,18183950,4777550,0,0,366560,0,13163550,359856777736
[E3IMT-CSV] 5,441,19056130,5444390,0,0,389400,0,13473790,360659043046
[E3IMT-CSV] 5,442,21027260,5876570,0,0,621230,0,15029120,361462561016
[E3IMT-CSV] 5,443,18701610,5243630,0,0,517760,0,13335910,362256951876
[E3IMT-CSV] 5,444,19992780,6194820,0,0,539220,0,13677320,363061967536
[E3IMT-CSV] 5,445,19054310,5136460,0,0,392510,0,13798800,363858736546
[E3IMT-CSV] 5,446,19384320,5385170,0,0,574540,0,13888650,364658830526
[E3IMT-CSV] 5,447,19537820,5419270,0,0,462740,0,13999330,365459926876
[E3IMT-CSV] 5,448,17799700,5069570,0,0,381430,0,12626470,366253543256
[E3IMT-CSV] 5,449,19868810,5704400,0,0,397220,0,14023480,367061741816
[E3IMT-CSV] 5,450,20084110,5706180,0,0,407000,0,14264940,367861874616
[E3IMT-CSV] 5,451,19591860,5680030,0,0,676720,0,13753420,368660847776
[E3IMT-CSV] 5,452,19132690,5209490,0,0,384710,0,13812780,369462599276
[E3IMT-CSV] 5,453,20017090,5665400,0,0,441190,0,14237140,370261152626
[E3IMT-CSV] 5,454,20093300,6001160,0,0,659090,0,13977840,371062869626
[E3IMT-CSV] 5,455,19615800,5204300,0,0,465920,0,14298650,371859840046
[E3IMT-CSV] 5,456,19472190,5413660,0,0,398950,0,13923760,372660195296
[E3IMT-CSV] 5,457,19494150,5385060,0,0,520600,0,13994520,373461916066
[E3IMT-CSV] 5,458,20179320,5746900,0,0,418900,0,14316450,374261629446
[E3IMT-CSV] 5,459,20367860,5578450,0,0,490380,0,14673550,375062874476
[E3IMT-CSV] 5,460,19351490,5470180,0,0,407720,0,13755540,375859202076
[E3IMT-CSV] 5,461,19522680,5311240,0,0,455700,0,14104360,376659732946
[E3IMT-CSV] 5,462,19882330,5703810,0,0,420680,0,14065010,377461152276
[E3IMT-CSV] 5,463,19647140,5537830,0,0,462060,0,14000100,378260011656
[E3IMT-CSV] 5,464,20006010,5712710,0,0,386810,0,14164900,379061633666
[E3IMT-CSV] 5,465,20250060,5389580,0,0,585890,0,14548720,379862207916
[E3IMT-CSV] 5,466,19546890,5565100,0,0,396520,0,13875220,380658748956
[E3IMT-CSV] 5,467,19447840,5520060,0,0,441510,0,13804880,381459484216
[E3IMT-CSV] 5,468,19710090,5539780,0,0,505570,0,14069920,382258816516
[E3IMT-CSV] 5,469,19540800,5454480,0,0,414540,0,13797980,383060366306
[E3IMT-CSV] 5,470,19093510,5378540,0,0,392390,0,13601280,383858576176
[E3IMT-CSV] 5,471,19788370,5630010,0,0,555570,0,14057010,384659854776
[E3IMT-CSV] 5,472,19476950,5505660,0,0,466330,0,13831560,385460033706
[E3IMT-CSV] 5,473,18845550,5300420,0,0,543590,0,13428250,386256704236
[E3IMT-CSV] 5,474,19419850,5397110,0,0,457180,0,13695890,387060142816
[E3IMT-CSV] 5,475,19494720,5470410,0,0,386480,0,13704470,387860423596
[E3IMT-CSV] 5,476,19463160,5304310,0,0,482520,0,13851460,388660272036
[E3IMT-CSV] 5,477,19335420,5279180,0,0,448800,0,13778440,389460460446
[E3IMT-CSV] 5,478,19724880,5242120,0,0,464020,0,14367020,390261076086
[E3IMT-CSV] 5,479,19574800,5642070,0,0,474490,0,13806150,391060412886
[E3IMT-CSV] 5,480,19105180,5428830,0,0,383320,0,13570520,391858474316
[E3IMT-CSV] 5,481,18991880,5527130,0,0,543010,0,13359190,392657448396
[E3IMT-CSV] 5,482,18935130,5801830,0,0,375860,0,13014650,393458321946
[E3IMT-CSV] 5,483,19692140,5607620,0,0,652720,0,13951240,394259289476
[E3IMT-CSV] 5,484,12286710,4088270,0,0,184360,0,8095280,395037179366
[E3IMT-CSV] 5,485,19647590,5380590,0,0,418030,0,14157360,395859459276
[E3IMT-CSV] 5,486,14948770,5698640,0,0,175070,0,8700780,396664202936
[E3IMT-CSV] 5,487,20582290,5608460,0,0,636020,0,14696730,397464376716
[E3IMT-CSV] 5,488,19546730,5436720,0,0,475900,0,13989030,398259113036
[E3IMT-CSV] 5,489,20446520,6001980,0,0,421340,0,14325780,399061935836
[E3IMT-CSV] 5,490,18850670,5391090,0,0,405970,0,13352280,399860374766
[E3IMT-CSV] 5,491,20377090,5776950,0,0,433870,0,14488220,400661304746
[E3IMT-CSV] 5,492,20080130,5737090,0,0,585210,0,14225760,401459883436
[E3IMT-CSV] 5,493,20082740,5347530,0,0,465940,0,14626990,402259384116
[E3IMT-CSV] 5,494,20137300,5850660,0,0,428220,0,14171010,403060998956
[E3IMT-CSV] 5,495,20256890,5557380,0,0,449750,0,14583150,403860440936
[E3IMT-CSV] 5,496,17514300,4918470,0,0,412840,0,12489510,404652597686
[E3IMT-CSV] 5,497,19781470,5304330,0,0,410720,0,14362790,405459978076
[E3IMT-CSV] 5,498,20110050,5612130,0,0,608400,0,14227870,406260039426
[E3IMT-CSV] 5,499,19632720,5497710,0,0,410210,0,14021720,407060216746
[E3IMT-SUMMARY] chain_len=5 e2e_avg=18296399 publish_avg=5238034 gc_trigger_avg=0 invoke_cb_avg=0 getnext_avg=431705 take_data_avg=0 sched_avg=12930819 dispatch_avg=207456787883

*** FATAL ***
fatal source: 9 (RTEMS_FATAL_SOURCE_EXCEPTION)

R0   = 0x01596b88 R8  = 0x00000000
R1   = 0x00000000 R9  = 0x00000000
R2   = 0x00000010 R10 = 0x00000000
R3   = 0x01596c88 R11 = 0x00000000
R4   = 0x00c00c88 R12 = 0x01596c88
R5   = 0x0030e0e9 SP  = 0x01596b78
R6   = 0x00000000 LR  = 0x00000000
R7   = 0x01596b78 PC  = 0x0030e170
CPSR = 0x600d0173 VEC = 0x00000001
FPEXC = 0x40000000
FPSCR = 0x20000010
D00 = 0x0000000000000000
D01 = 0x0000000000000001
D02 = 0x0000000000000000
D03 = 0x0000000000000000
D04 = 0x0000000000000000
D05 = 0x0000000000000000
D06 = 0x00abe0dc00abe0dc
D07 = 0x000186a00061a800
D08 = 0x0000000000000000
D09 = 0x0000000000000000
D10 = 0x0000000000000000
D11 = 0x0000000000000000
D12 = 0x0000000000000000
D13 = 0x0000000000000000
D14 = 0x0000000000000000
D15 = 0x0000000000000000
D16 = 0x0000000000000000
D17 = 0x0000000000000000
D18 = 0x0000000000000000
D19 = 0x0000000000000000
D20 = 0x00abe33400abe320
D21 = 0x00abe36400abe348
D22 = 0x00abe27c00abe26c
D23 = 0x00abe29c00abe28c
D24 = 0x00abe23c00abe22c
D25 = 0x00abe25c00abe24c
D26 = 0x00abe1c800abe1a0
D27 = 0x00abe20800abe1ec
D28 = 0x00abe14800abe118
D29 = 0x00abe18000abe164
D30 = 0x00abe60000abe600
D31 = 0x00abe10c00abe100
RTEMS version: 6.1.0.not-released
RTEMS tools: 13.3.0 20240521 (RTEMS 6, RSB no-repo, Newlib 1b3dcfd)
executing thread ID: 0x0a010001
executing thread name: UI1 
