
RTEMS Shell on /dev/console. Use 'help' to list commands.
SHLL [/] # nexus0: <RTEMS Nexus device>
info: lo0: link state changed to UP
=== Exp3inter-Picas: Task Chain (n=5) SingleThreadedExecutor+PiCAS ===
Period: 200ms, Rounds: 500
[E3IP-CSV] chain_len,round,e2e_ns,publish_ns,gc_trigger_ns,invoke_cb_ns,getnext_ns,take_data_ns,sched_ns,dispatch_ns
666666
CPP Msg not nullptr
CPP Msg not nullptr
CPP Msg not nullptr
CPP Msg not nullptr
C Msg not NULL
C Msg not NULL
CPP Srv not nullptr
CPP Srv not nullptr
CPP Srv not nullptr
CPP Srv not nullptr
CPP Srv not nullptr
CPP Srv not nullptr
CPP Msg not nullptr
CPP Msg not nullptr
CPP Msg not nullptr
CPP Msg not nullptr
CPP Msg not nullptr
CPP Msg not nullptr
C Msg not NULL
C Msg not NULL
CPP Srv not nullptr
CPP Srv not nullptr
CPP Srv not nullptr
CPP Srv not nullptr
CPP Srv not nullptr
CPP Srv not nullptr
CPP Msg not nullptr
CPP Msg not nullptr
CPP Msg not nullptr
CPP Msg not nullptr
CPP Msg not nullptr
CPP Msg not nullptr
CPP Msg not nullptr
CPP Msg not nullptr
C Msg not NULL
C Msg not NULL
CPP Srv not nullptr
CPP Srv not nullptr
CPP Srv not nullptr
CPP Srv not nullptr
CPP Srv not nullptr
CPP Srv not nullptr
CPP Msg not nullptr
CPP Msg not nullptr
CPP Msg not nullptr
CPP Msg not nullptr
CPP Msg not nullptr
CPP Msg not nullptr
CPP Msg not nullptr
CPP Msg not nullptr
C Msg not NULL
C Msg not NULL
CPP Srv not nullptr
CPP Srv not nullptr
CPP Srv not nullptr
CPP Srv not nullptr
CPP Srv not nullptr
CPP Srv not nullptr
CPP Msg not nullptr
CPP Msg not nullptr
CPP Msg not nullptr
CPP Msg not nullptr
CPP Msg not nullptr
CPP Msg not nullptr
CPP Msg not nullptr
CPP Msg not nullptr
C Msg not NULL
C Msg not NULL
CPP Srv not nullptr
CPP Srv not nullptr
CPP Srv not nullptr
CPP Srv not nullptr
CPP Srv not nullptr
CPP Srv not nullptr
CPP Msg not nullptr
CPP Msg not nullptr
CPP Msg not nullptr
CPP Msg not nullptr
CPP Msg not nullptr
CPP Msg not nullptr
[0m[INFO] [0567993600.913292129] [rclcpp]: Singlethreadedexecutor spin: in Thread ID 167837697[0m
[E3IP-CSV] 5,0,26566510,12326670,0,0,0,0,13996340,0
[E3IP-CSV] 5,1,8644430,1665780,0,0,0,0,6950940,0
[E3IP-CSV] 5,2,34611560,7284940,0,0,0,0,27215970,0
[E3IP-CSV] 5,3,13623590,3468830,0,0,0,0,10071770,0
[E3IP-CSV] 5,4,22096370,5079760,0,0,0,0,16910860,0
[E3IP-CSV] 5,5,22510390,4806860,0,0,0,0,17605940,0
[E3IP-CSV] 5,6,12588690,2768110,0,0,0,0,9762260,0
[E3IP-CSV] 5,7,23146140,5751190,0,0,0,0,17289290,0
[E3IP-CSV] 5,8,25860660,5229590,0,0,0,0,20531110,0
[E3IP-CSV] 5,9,21369180,4763040,0,0,0,0,16501930,0
[E3IP-CSV] 5,10,29429850,6284010,0,0,0,0,23040910,0
[E3IP-CSV] 5,11,30368900,5482120,0,0,0,0,24812620,0
[E3IP-CSV] 5,12,21653000,4857270,0,0,0,0,16687350,0
[E3IP-CSV] 5,13,34185720,8756670,0,0,0,0,25243350,0
[E3IP-CSV] 5,14,31716770,7983460,0,0,0,0,23625030,0
[E3IP-CSV] 5,15,14698290,3668940,0,0,0,0,10936470,0
[E3IP-CSV] 5,16,23658240,5100280,0,0,0,0,18459840,0
[E3IP-CSV] 5,17,23752900,6346450,0,0,0,0,17148470,0
[E3IP-CSV] 5,18,22339990,4788320,0,0,0,0,17455730,0
[E3IP-CSV] 5,19,23849200,5258680,0,0,0,0,18487520,0
[E3IP-CSV] 5,20,13943670,3618600,0,0,0,0,10235860,0
[E3IP-CSV] 5,21,27850210,5639850,0,0,0,0,22102610,0
[E3IP-CSV] 5,22,22130060,5103150,0,0,0,0,16897250,0
[E3IP-CSV] 5,23,18725220,5120520,0,0,0,0,13500590,0
[E3IP-CSV] 5,24,23682560,4962320,0,0,0,0,18616680,0
[E3IP-CSV] 5,25,22649250,4731570,0,0,0,0,17819060,0
[E3IP-CSV] 5,26,20721900,4120630,0,0,0,0,16531030,0
[E3IP-CSV] 5,27,21647010,4825100,0,0,0,0,16719070,0
[E3IP-CSV] 5,28,12143780,3474130,0,0,0,0,8579470,0
[E3IP-CSV] 5,29,20286440,4219810,0,0,0,0,15967000,0
[E3IP-CSV] 5,30,12667920,3578880,0,0,0,0,8999000,0
[E3IP-CSV] 5,31,19791620,3761660,0,0,0,0,15952350,0
[E3IP-CSV] 5,32,22270180,5102700,0,0,0,0,17064980,0
[E3IP-CSV] 5,33,13373090,3897440,0,0,0,0,9385720,0
[E3IP-CSV] 5,34,29576680,6392760,0,0,0,0,23076010,0
[E3IP-CSV] 5,35,23095670,4758030,0,0,0,0,18239700,0
[E3IP-CSV] 5,36,19384290,4913830,0,0,0,0,14258710,0
[E3IP-CSV] 5,37,22091930,4872560,0,0,0,0,17116410,0
[E3IP-CSV] 5,38,22452100,4992180,0,0,0,0,17358490,0
[E3IP-CSV] 5,39,12249260,3776760,0,0,0,0,8380720,0
[E3IP-CSV] 5,40,22441340,4804550,0,0,0,0,17540880,0
[E3IP-CSV] 5,41,18931300,4787580,0,0,0,0,14009230,0
[E3IP-CSV] 5,42,21148770,4558530,0,0,0,0,16315860,0
[E3IP-CSV] 5,43,22851610,4752070,0,0,0,0,18002680,0
[E3IP-CSV] 5,44,20425950,4613580,0,0,0,0,15710310,0
[E3IP-CSV] 5,45,21938510,4782130,0,0,0,0,17059660,0
[E3IP-CSV] 5,46,22970330,5326250,0,0,0,0,17481470,0
[E3IP-CSV] 5,47,22998740,5038350,0,0,0,0,17850830,0
[E3IP-CSV] 5,48,22776220,4817800,0,0,0,0,17854710,0
[E3IP-CSV] 5,49,21104180,4966550,0,0,0,0,16037730,0
[E3IP-CSV] 5,50,22696110,4675910,0,0,0,0,17877610,0
[E3IP-CSV] 5,51,11564050,2520860,0,0,0,0,8990260,0
[E3IP-CSV] 5,52,20792150,5168770,0,0,0,0,15516370,0
[E3IP-CSV] 5,53,22959350,4904500,0,0,0,0,17950010,0
[E3IP-CSV] 5,54,24640670,5509370,0,0,0,0,19002230,0
[E3IP-CSV] 5,55,22670160,4844970,0,0,0,0,17728180,0
[E3IP-CSV] 5,56,20293050,4962400,0,0,0,0,15242200,0
[E3IP-CSV] 5,57,20747840,5681290,0,0,0,0,14910520,0
[E3IP-CSV] 5,58,22869170,4995860,0,0,0,0,17766470,0
[E3IP-CSV] 5,59,13446470,3410180,0,0,0,0,9946760,0
[E3IP-CSV] 5,60,25432790,5861800,0,0,0,0,19458640,0
[E3IP-CSV] 5,61,22057330,4841380,0,0,0,0,17120190,0
[E3IP-CSV] 5,62,19609170,4106520,0,0,0,0,15387040,0
[E3IP-CSV] 5,63,19198000,3728930,0,0,0,0,15371260,0
[E3IP-CSV] 5,64,22802760,5015190,0,0,0,0,17688530,0
[E3IP-CSV] 5,65,17999240,5489940,0,0,0,0,12394940,0
[E3IP-CSV] 5,66,14025650,2955210,0,0,0,0,10964580,0
[E3IP-CSV] 5,67,19932560,4632120,0,0,0,0,15200810,0
[E3IP-CSV] 5,68,21509780,4778280,0,0,0,0,16621530,0
[E3IP-CSV] 5,69,23132330,5174920,0,0,0,0,17852390,0
[E3IP-CSV] 5,70,20434630,4571560,0,0,0,0,15761440,0
[E3IP-CSV] 5,71,20830060,4452620,0,0,0,0,16294960,0
[E3IP-CSV] 5,72,30064630,6823650,0,0,0,0,23118490,0
[E3IP-CSV] 5,73,15723380,4188880,0,0,0,0,11436440,0
[E3IP-CSV] 5,74,28883820,8543210,0,0,0,0,20166700,0
[E3IP-CSV] 5,75,20169890,4658760,0,0,0,0,15407060,0
[E3IP-CSV] 5,76,11903130,2405780,0,0,0,0,9304880,0
[E3IP-CSV] 5,77,24115680,5270130,0,0,0,0,18737820,0
[E3IP-CSV] 5,78,22688520,4991750,0,0,0,0,17593590,0
[E3IP-CSV] 5,79,10605570,3558190,0,0,0,0,6957580,0
[E3IP-CSV] 5,80,23116510,4629140,0,0,0,0,18390310,0
[E3IP-CSV] 5,81,11092370,2387790,0,0,0,0,8651060,0
[E3IP-CSV] 5,82,23100780,4986660,0,0,0,0,18010090,0
[E3IP-CSV] 5,83,25994620,3939480,0,0,0,0,21759700,0
[E3IP-CSV] 5,84,25195540,5168130,0,0,0,0,19914740,0
[E3IP-CSV] 5,85,22594200,5044950,0,0,0,0,17447710,0
[E3IP-CSV] 5,86,17668270,3424730,0,0,0,0,14193950,0
[E3IP-CSV] 5,87,23081880,5334430,0,0,0,0,17641720,0
[E3IP-CSV] 5,88,22726480,5065630,0,0,0,0,17557270,0
[E3IP-CSV] 5,89,21980340,4990520,0,0,0,0,16884500,0
[E3IP-CSV] 5,90,23499160,5405100,0,0,0,0,17987330,0
[E3IP-CSV] 5,91,17538120,3292330,0,0,0,0,14199840,0
[E3IP-CSV] 5,92,21221880,5337020,0,0,0,0,15775110,0
[E3IP-CSV] 5,93,28718400,6543960,0,0,0,0,22066330,0
[E3IP-CSV] 5,94,22882800,5064990,0,0,0,0,17718440,0
[E3IP-CSV] 5,95,22641560,5766920,0,0,0,0,16767650,0
[E3IP-CSV] 5,96,22502730,4600150,0,0,0,0,17818550,0
[E3IP-CSV] 5,97,15661590,2618040,0,0,0,0,12995570,0
[E3IP-CSV] 5,98,23191400,5250020,0,0,0,0,17836290,0
[E3IP-CSV] 5,99,22429500,4978840,0,0,0,0,17348810,0
[E3IP-CSV] 5,100,24113060,4897660,0,0,0,0,19115730,0
[E3IP-CSV] 5,101,15273430,3523700,0,0,0,0,11675750,0
[E3IP-CSV] 5,102,31380110,6860830,0,0,0,0,24405790,0
[E3IP-CSV] 5,103,16351550,3974370,0,0,0,0,12286410,0
[E3IP-CSV] 5,104,22728560,4780220,0,0,0,0,17848510,0
[E3IP-CSV] 5,105,22737310,4747340,0,0,0,0,17891470,0
[E3IP-CSV] 5,106,23290590,4813150,0,0,0,0,18386490,0
[E3IP-CSV] 5,107,22586820,5059090,0,0,0,0,17417540,0
[E3IP-CSV] 5,108,22164010,4611690,0,0,0,0,17456430,0
[E3IP-CSV] 5,109,24812810,5992710,0,0,0,0,18718810,0
[E3IP-CSV] 5,110,23966680,5096420,0,0,0,0,18762980,0
[E3IP-CSV] 5,111,11661290,2152720,0,0,0,0,9373330,0
[E3IP-CSV] 5,112,22001310,4989170,0,0,0,0,16902430,0
[E3IP-CSV] 5,113,22780030,5086060,0,0,0,0,17587380,0
[E3IP-CSV] 5,114,22465000,5016820,0,0,0,0,17342690,0
[E3IP-CSV] 5,115,22820510,5076390,0,0,0,0,17640430,0
[E3IP-CSV] 5,116,14841060,3482600,0,0,0,0,11124880,0
[E3IP-CSV] 5,117,22984010,5161480,0,0,0,0,17715300,0
[E3IP-CSV] 5,118,22728100,5144590,0,0,0,0,17478210,0
[E3IP-CSV] 5,119,22742670,5046320,0,0,0,0,17594450,0
[E3IP-CSV] 5,120,11307110,3419920,0,0,0,0,7802590,0
[E3IP-CSV] 5,121,13301000,2414100,0,0,0,0,10839590,0
[E3IP-CSV] 5,122,23041010,5247480,0,0,0,0,17684940,0
[E3IP-CSV] 5,123,22657930,5018720,0,0,0,0,17522540,0
[E3IP-CSV] 5,124,22879380,5142530,0,0,0,0,17631180,0
[E3IP-CSV] 5,125,11376670,3477750,0,0,0,0,7810640,0
[E3IP-CSV] 5,126,9102460,1959050,0,0,0,0,7094330,0
[E3IP-CSV] 5,127,22894110,5183150,0,0,0,0,17606280,0
[E3IP-CSV] 5,128,22006270,4921140,0,0,0,0,16979400,0
[E3IP-CSV] 5,129,22545160,5040010,0,0,0,0,17402440,0
[E3IP-CSV] 5,130,22705430,4911740,0,0,0,0,17690860,0
[E3IP-CSV] 5,131,14260350,3433550,0,0,0,0,10738560,0
[E3IP-CSV] 5,132,22617050,5125180,0,0,0,0,17385400,0
[E3IP-CSV] 5,133,21893510,5345250,0,0,0,0,16440740,0
[E3IP-CSV] 5,134,22797430,5062240,0,0,0,0,17630970,0
[E3IP-CSV] 5,135,22519770,5001300,0,0,0,0,17419310,0
[E3IP-CSV] 5,136,9626780,2513720,0,0,0,0,7017490,0
[E3IP-CSV] 5,137,22781600,5115850,0,0,0,0,17558400,0
[E3IP-CSV] 5,138,21501420,3469240,0,0,0,0,17986350,0
[E3IP-CSV] 5,139,22091700,4976540,0,0,0,0,17015650,0
[E3IP-CSV] 5,140,22360650,5171040,0,0,0,0,17088430,0
[E3IP-CSV] 5,141,15875740,3699170,0,0,0,0,12085480,0
[E3IP-CSV] 5,142,22790500,5121780,0,0,0,0,17560020,0
[E3IP-CSV] 5,143,22687810,5149010,0,0,0,0,17435210,0
[E3IP-CSV] 5,144,22715190,5171280,0,0,0,0,17437900,0
[E3IP-CSV] 5,145,23088430,5306410,0,0,0,0,17676070,0
[E3IP-CSV] 5,146,16366810,3871810,0,0,0,0,12397670,0
[E3IP-CSV] 5,147,29762110,6464470,0,0,0,0,23180830,0
[E3IP-CSV] 5,148,22787480,5078810,0,0,0,0,17602850,0
[E3IP-CSV] 5,149,11484740,3652600,0,0,0,0,7730690,0
[E3IP-CSV] 5,150,27036160,6054060,0,0,0,0,20868070,0
[E3IP-CSV] 5,151,8960680,1649310,0,0,0,0,7278240,0
[E3IP-CSV] 5,152,18391970,5311580,0,0,0,0,12959920,0
[E3IP-CSV] 5,153,21977390,4974830,0,0,0,0,16900410,0
[E3IP-CSV] 5,154,22439740,4943740,0,0,0,0,17392090,0
[E3IP-CSV] 5,155,22920410,5053860,0,0,0,0,17756700,0
[E3IP-CSV] 5,156,14659430,3601310,0,0,0,0,10966960,0
[E3IP-CSV] 5,157,14577840,3788870,0,0,0,0,10684130,0
[E3IP-CSV] 5,158,16487720,3657470,0,0,0,0,12735030,0
[E3IP-CSV] 5,159,22362720,5013030,0,0,0,0,17249130,0
[E3IP-CSV] 5,160,18428430,3591570,0,0,0,0,14746660,0
[E3IP-CSV] 5,161,17781240,4444610,0,0,0,0,13240940,0
[E3IP-CSV] 5,162,22324750,5035120,0,0,0,0,17180290,0
[E3IP-CSV] 5,163,22606810,5053870,0,0,0,0,17448280,0
[E3IP-CSV] 5,164,21827140,4754350,0,0,0,0,16971430,0
[E3IP-CSV] 5,165,11659930,3559660,0,0,0,0,8011440,0
[E3IP-CSV] 5,166,16784670,4084560,0,0,0,0,12604240,0
[E3IP-CSV] 5,167,22498760,5084870,0,0,0,0,17301650,0
[E3IP-CSV] 5,168,21777040,4853980,0,0,0,0,16822440,0
[E3IP-CSV] 5,169,22305760,4615890,0,0,0,0,17419930,0
[E3IP-CSV] 5,170,12137780,3659350,0,0,0,0,8379630,0
[E3IP-CSV] 5,171,10028370,1888940,0,0,0,0,8108880,0
[E3IP-CSV] 5,172,22794180,5030490,0,0,0,0,17652450,0
[E3IP-CSV] 5,173,17678950,3760290,0,0,0,0,13824290,0
[E3IP-CSV] 5,174,11455760,3753350,0,0,0,0,7614040,0
[E3IP-CSV] 5,175,23023350,4753970,0,0,0,0,18171860,0
[E3IP-CSV] 5,176,14983180,3742970,0,0,0,0,11140380,0
[E3IP-CSV] 5,177,22599070,4950120,0,0,0,0,17544070,0
[E3IP-CSV] 5,178,21658090,5044880,0,0,0,0,16507030,0
[E3IP-CSV] 5,179,22667550,4929280,0,0,0,0,17637300,0
[E3IP-CSV] 5,180,12381350,3711780,0,0,0,0,8571610,0
[E3IP-CSV] 5,181,11167270,2012200,0,0,0,0,9122280,0
[E3IP-CSV] 5,182,21999810,4960710,0,0,0,0,16932680,0
[E3IP-CSV] 5,183,28977240,6464720,0,0,0,0,22404110,0
[E3IP-CSV] 5,184,21109830,4807940,0,0,0,0,16200460,0
[E3IP-CSV] 5,185,20434880,4672930,0,0,0,0,15659850,0
[E3IP-CSV] 5,186,12205580,2858950,0,0,0,0,9138840,0
[E3IP-CSV] 5,187,16776720,4589040,0,0,0,0,12034650,0
[E3IP-CSV] 5,188,22615390,4997430,0,0,0,0,17513960,0
[E3IP-CSV] 5,189,22827690,5083970,0,0,0,0,17638530,0
[E3IP-CSV] 5,190,22275700,5047190,0,0,0,0,17123930,0
[E3IP-CSV] 5,191,15247300,3690490,0,0,0,0,11466780,0
[E3IP-CSV] 5,192,31828880,6971400,0,0,0,0,24736620,0
[E3IP-CSV] 5,193,12672570,2655870,0,0,0,0,9951080,0
[E3IP-CSV] 5,194,22441290,5026750,0,0,0,0,17304180,0
[E3IP-CSV] 5,195,19200530,3724930,0,0,0,0,15384790,0
[E3IP-CSV] 5,196,17178110,2571410,0,0,0,0,14571980,0
[E3IP-CSV] 5,197,16066690,2599420,0,0,0,0,13425230,0
[E3IP-CSV] 5,198,24874180,5219170,0,0,0,0,19357400,0
[E3IP-CSV] 5,199,29359430,4908540,0,0,0,0,24348960,0
[E3IP-CSV] 5,200,22593730,5111970,0,0,0,0,17373490,0
[E3IP-CSV] 5,201,11280420,1988750,0,0,0,0,9255010,0
[E3IP-CSV] 5,202,22755040,5047330,0,0,0,0,17593180,0
[E3IP-CSV] 5,203,33145750,6597660,0,0,0,0,26437970,0
[E3IP-CSV] 5,204,21081780,4921000,0,0,0,0,16061500,0
[E3IP-CSV] 5,205,22572670,4818880,0,0,0,0,17659620,0
[E3IP-CSV] 5,206,10754000,2073980,0,0,0,0,8648910,0
[E3IP-CSV] 5,207,26472050,6531810,0,0,0,0,19516170,0
[E3IP-CSV] 5,208,31789390,6656540,0,0,0,0,25022000,0
[E3IP-CSV] 5,209,21908150,4970220,0,0,0,0,16829130,0
[E3IP-CSV] 5,210,23421840,5359080,0,0,0,0,17952710,0
[E3IP-CSV] 5,211,14149320,3348270,0,0,0,0,10715910,0
[E3IP-CSV] 5,212,22725020,5074010,0,0,0,0,17544990,0
[E3IP-CSV] 5,213,32523510,7666790,0,0,0,0,24737150,0
[E3IP-CSV] 5,214,22353430,4993960,0,0,0,0,17261070,0
[E3IP-CSV] 5,215,22917720,4823910,0,0,0,0,17996770,0
[E3IP-CSV] 5,216,17393030,4387810,0,0,0,0,12905710,0
[E3IP-CSV] 5,217,22718780,5086620,0,0,0,0,17513980,0
[E3IP-CSV] 5,218,22629700,4956780,0,0,0,0,17564600,0
[E3IP-CSV] 5,219,23018850,5193040,0,0,0,0,17724820,0
[E3IP-CSV] 5,220,22916210,4774950,0,0,0,0,18042180,0
[E3IP-CSV] 5,221,16882680,4154500,0,0,0,0,12629250,0
[E3IP-CSV] 5,222,23062960,5203030,0,0,0,0,17750890,0
[E3IP-CSV] 5,223,23019670,4795470,0,0,0,0,18116860,0
[E3IP-CSV] 5,224,26026920,5474720,0,0,0,0,20446060,0
[E3IP-CSV] 5,225,20178610,4137370,0,0,0,0,15945680,0
[E3IP-CSV] 5,226,8552850,1613920,0,0,0,0,6910390,0
[E3IP-CSV] 5,227,22874710,4993950,0,0,0,0,17767610,0
[E3IP-CSV] 5,228,33572510,6432530,0,0,0,0,27029490,0
[E3IP-CSV] 5,229,24136200,5292310,0,0,0,0,18741060,0
[E3IP-CSV] 5,230,21471630,4716250,0,0,0,0,16659750,0
[E3IP-CSV] 5,231,12074190,3172840,0,0,0,0,8813600,0
[E3IP-CSV] 5,232,23177170,5305290,0,0,0,0,17767050,0
[E3IP-CSV] 5,233,31536660,7964750,0,0,0,0,23408510,0
[E3IP-CSV] 5,234,35705560,9069710,0,0,0,0,26464960,0
[E3IP-CSV] 5,235,22690100,4752590,0,0,0,0,17842190,0
[E3IP-CSV] 5,236,19933340,4612030,0,0,0,0,15225750,0
[E3IP-CSV] 5,237,22047930,4855720,0,0,0,0,17087140,0
[E3IP-CSV] 5,238,33919550,6964710,0,0,0,0,26842390,0
[E3IP-CSV] 5,239,25284820,5458640,0,0,0,0,19722020,0
[E3IP-CSV] 5,240,22717530,4869060,0,0,0,0,17748110,0
[E3IP-CSV] 5,241,8845420,1762430,0,0,0,0,6990540,0
[E3IP-CSV] 5,242,34183670,7082150,0,0,0,0,26979800,0
[E3IP-CSV] 5,243,22675980,4944350,0,0,0,0,17628610,0
[E3IP-CSV] 5,244,25177410,5514540,0,0,0,0,19561500,0
[E3IP-CSV] 5,245,22813220,4789390,0,0,0,0,17925990,0
[E3IP-CSV] 5,246,20824160,4564300,0,0,0,0,16163940,0
[E3IP-CSV] 5,247,23090620,5202530,0,0,0,0,17780870,0
[E3IP-CSV] 5,248,22864780,4811830,0,0,0,0,17953510,0
[E3IP-CSV] 5,249,22934640,4855780,0,0,0,0,17974330,0
[E3IP-CSV] 5,250,22922690,4822890,0,0,0,0,17996560,0
[E3IP-CSV] 5,251,9339430,1634300,0,0,0,0,7675430,0
[E3IP-CSV] 5,252,22502930,5033370,0,0,0,0,17358370,0
[E3IP-CSV] 5,253,24283800,5087730,0,0,0,0,19089080,0
[E3IP-CSV] 5,254,28952410,6174680,0,0,0,0,22670910,0
[E3IP-CSV] 5,255,11079390,3398630,0,0,0,0,7593960,0
[E3IP-CSV] 5,256,20687750,4772160,0,0,0,0,15808120,0
[E3IP-CSV] 5,257,11416280,3797210,0,0,0,0,7480380,0
[E3IP-CSV] 5,258,17093350,3896550,0,0,0,0,13108150,0
[E3IP-CSV] 5,259,22339110,5102050,0,0,0,0,17136990,0
[E3IP-CSV] 5,260,10621060,3672290,0,0,0,0,6856980,0
[E3IP-CSV] 5,261,12689290,3681940,0,0,0,0,8911050,0
[E3IP-CSV] 5,262,22593920,5077270,0,0,0,0,17401740,0
[E3IP-CSV] 5,263,20344030,4589210,0,0,0,0,15538500,0
[E3IP-CSV] 5,264,13707060,3631780,0,0,0,0,9977310,0
[E3IP-CSV] 5,265,23971450,4822580,0,0,0,0,19046790,0
[E3IP-CSV] 5,266,17924150,4882370,0,0,0,0,12639380,0
[E3IP-CSV] 5,267,25140500,5784180,0,0,0,0,19242390,0
[E3IP-CSV] 5,268,22909640,4698770,0,0,0,0,18104970,0
[E3IP-CSV] 5,269,33795780,7092930,0,0,0,0,26593160,0
[E3IP-CSV] 5,270,23913230,5356130,0,0,0,0,18453040,0
[E3IP-CSV] 5,271,13100210,3443460,0,0,0,0,9563780,0
[E3IP-CSV] 5,272,24179950,4410940,0,0,0,0,19659860,0
[E3IP-CSV] 5,273,22928860,4827700,0,0,0,0,18002890,0
[E3IP-CSV] 5,274,16245460,5256860,0,0,0,0,10892560,0
[E3IP-CSV] 5,275,22702720,4826030,0,0,0,0,17776790,0
[E3IP-CSV] 5,276,22920530,5144980,0,0,0,0,17666980,0
[E3IP-CSV] 5,277,18953880,4211850,0,0,0,0,14636850,0
[E3IP-CSV] 5,278,22990600,4946790,0,0,0,0,17941040,0
[E3IP-CSV] 5,279,22530240,5025660,0,0,0,0,17395030,0
[E3IP-CSV] 5,280,31146610,6545500,0,0,0,0,24492260,0
[E3IP-CSV] 5,281,22736550,4907150,0,0,0,0,17725770,0
[E3IP-CSV] 5,282,21786400,5237290,0,0,0,0,16446140,0
[E3IP-CSV] 5,283,23012870,5061190,0,0,0,0,17849170,0
[E3IP-CSV] 5,284,22616690,4969180,0,0,0,0,17539750,0
[E3IP-CSV] 5,285,22451190,4986910,0,0,0,0,17357230,0
[E3IP-CSV] 5,286,22537120,5070160,0,0,0,0,17360780,0
[E3IP-CSV] 5,287,28567880,5899100,0,0,0,0,22554850,0
[E3IP-CSV] 5,288,22792720,4973720,0,0,0,0,17717940,0
[E3IP-CSV] 5,289,21861740,4831070,0,0,0,0,16932360,0
[E3IP-CSV] 5,290,23013350,5186230,0,0,0,0,17722710,0
[E3IP-CSV] 5,291,23161600,5310370,0,0,0,0,17746350,0
[E3IP-CSV] 5,292,22754900,5055140,0,0,0,0,17591670,0
[E3IP-CSV] 5,293,25274000,5471420,0,0,0,0,19695850,0
[E3IP-CSV] 5,294,23752530,5017900,0,0,0,0,18626950,0
[E3IP-CSV] 5,295,11418220,3834670,0,0,0,0,7490110,0
[E3IP-CSV] 5,296,18330520,3840810,0,0,0,0,14263810,0
[E3IP-CSV] 5,297,11535890,3878760,0,0,0,0,7559230,0
[E3IP-CSV] 5,298,11240360,3512760,0,0,0,0,7635790,0
[E3IP-CSV] 5,299,23108540,5193550,0,0,0,0,17807080,0
[E3IP-CSV] 5,300,11301640,3743330,0,0,0,0,7464100,0
[E3IP-CSV] 5,301,18652430,4239430,0,0,0,0,14313950,0
[E3IP-CSV] 5,302,23379090,5171640,0,0,0,0,18096870,0
[E3IP-CSV] 5,303,11532280,3943510,0,0,0,0,7483230,0
[E3IP-CSV] 5,304,25564050,6224160,0,0,0,0,19130080,0
[E3IP-CSV] 5,305,22520360,5759690,0,0,0,0,16655520,0
[E3IP-CSV] 5,306,22611350,4935650,0,0,0,0,17569160,0
[E3IP-CSV] 5,307,27846710,6310500,0,0,0,0,21418960,0
[E3IP-CSV] 5,308,21804250,4805110,0,0,0,0,16902780,0
[E3IP-CSV] 5,309,28283300,5737960,0,0,0,0,22437200,0
[E3IP-CSV] 5,310,22834770,5078520,0,0,0,0,17661860,0
[E3IP-CSV] 5,311,24383810,5412620,0,0,0,0,18868100,0
[E3IP-CSV] 5,312,12091560,3599070,0,0,0,0,8381110,0
[E3IP-CSV] 5,313,15976080,3963860,0,0,0,0,11916280,0
[E3IP-CSV] 5,314,21647220,4474100,0,0,0,0,17076960,0
[E3IP-CSV] 5,315,22702580,4654380,0,0,0,0,17943250,0
[E3IP-CSV] 5,316,22446460,4810730,0,0,0,0,17522990,0
[E3IP-CSV] 5,317,23224540,5466020,0,0,0,0,17655410,0
[E3IP-CSV] 5,318,22396180,4974110,0,0,0,0,17323090,0
[E3IP-CSV] 5,319,22123990,4890730,0,0,0,0,17131700,0
[E3IP-CSV] 5,320,22467430,4826350,0,0,0,0,17547150,0
[E3IP-CSV] 5,321,22595540,4792580,0,0,0,0,17706290,0
[E3IP-CSV] 5,322,22319520,5040290,0,0,0,0,17169900,0
[E3IP-CSV] 5,323,22250050,4924250,0,0,0,0,17221450,0
[E3IP-CSV] 5,324,35570170,6616630,0,0,0,0,28847230,0
[E3IP-CSV] 5,325,22390300,4784940,0,0,0,0,17497060,0
[E3IP-CSV] 5,326,22379070,4734890,0,0,0,0,17548210,0
[E3IP-CSV] 5,327,32153250,6369650,0,0,0,0,25669780,0
[E3IP-CSV] 5,328,22585870,4888510,0,0,0,0,17597380,0
[E3IP-CSV] 5,329,20969320,4573610,0,0,0,0,16177650,0
[E3IP-CSV] 5,330,22725440,4847050,0,0,0,0,17773960,0
[E3IP-CSV] 5,331,22626750,4787810,0,0,0,0,17741860,0
[E3IP-CSV] 5,332,22427220,5018550,0,0,0,0,17303740,0
[E3IP-CSV] 5,333,20649710,7441080,0,0,0,0,13065620,0
[E3IP-CSV] 5,334,22653810,4862900,0,0,0,0,17692670,0
[E3IP-CSV] 5,335,22363760,4766000,0,0,0,0,17504120,0
[E3IP-CSV] 5,336,20733650,3938510,0,0,0,0,16703280,0
[E3IP-CSV] 5,337,22642230,5138440,0,0,0,0,17395780,0
[E3IP-CSV] 5,338,19090740,4318800,0,0,0,0,14675400,0
[E3IP-CSV] 5,339,22496270,5020410,0,0,0,0,17372850,0
[E3IP-CSV] 5,340,22611210,4832770,0,0,0,0,17662020,0
[E3IP-CSV] 5,341,21918880,4897830,0,0,0,0,16920350,0
[E3IP-CSV] 5,342,21425870,4555280,0,0,0,0,16769280,0
[E3IP-CSV] 5,343,21724920,4792670,0,0,0,0,16825940,0
[E3IP-CSV] 5,344,22306020,4790840,0,0,0,0,17417260,0
[E3IP-CSV] 5,345,21902690,4942930,0,0,0,0,16860520,0
[E3IP-CSV] 5,346,23728810,4731130,0,0,0,0,18892880,0
[E3IP-CSV] 5,347,22374640,5027900,0,0,0,0,17238480,0
[E3IP-CSV] 5,348,22026570,4825960,0,0,0,0,17092040,0
[E3IP-CSV] 5,349,21983550,4807480,0,0,0,0,17081390,0
[E3IP-CSV] 5,350,22048950,4637430,0,0,0,0,17316150,0
[E3IP-CSV] 5,351,19894040,4658490,0,0,0,0,15141730,0
[E3IP-CSV] 5,352,22304660,4981450,0,0,0,0,17218340,0
[E3IP-CSV] 5,353,22350640,5047600,0,0,0,0,17197170,0
[E3IP-CSV] 5,354,22723370,5778470,0,0,0,0,16846650,0
[E3IP-CSV] 5,355,22125960,4968650,0,0,0,0,17051560,0
[E3IP-CSV] 5,356,21969960,4804800,0,0,0,0,17044280,0
[E3IP-CSV] 5,357,21629910,4808490,0,0,0,0,16715770,0
[E3IP-CSV] 5,358,21878750,4818280,0,0,0,0,16959970,0
[E3IP-CSV] 5,359,22086430,4668580,0,0,0,0,17321730,0
[E3IP-CSV] 5,360,21322670,4832530,0,0,0,0,16392710,0
[E3IP-CSV] 5,361,22578450,5002390,0,0,0,0,17478470,0
[E3IP-CSV] 5,362,20862440,4969300,0,0,0,0,15791810,0
[E3IP-CSV] 5,363,21224450,4942400,0,0,0,0,16183350,0
[E3IP-CSV] 5,364,21746650,4704500,0,0,0,0,16943490,0
[E3IP-CSV] 5,365,22572700,4777630,0,0,0,0,17691150,0
[E3IP-CSV] 5,366,21573220,4735320,0,0,0,0,16729820,0
[E3IP-CSV] 5,367,22453680,5002910,0,0,0,0,17345710,0
[E3IP-CSV] 5,368,16058660,4046170,0,0,0,0,11915220,0
[E3IP-CSV] 5,369,21198760,4830300,0,0,0,0,16266550,0
[E3IP-CSV] 5,370,21540390,4939870,0,0,0,0,16504250,0
[E3IP-CSV] 5,371,22109600,4848170,0,0,0,0,17153970,0
[E3IP-CSV] 5,372,22550880,4814940,0,0,0,0,17627870,0
[E3IP-CSV] 5,373,21099560,4746380,0,0,0,0,16256450,0
[E3IP-CSV] 5,374,22095820,4785830,0,0,0,0,17201880,0
[E3IP-CSV] 5,375,22469660,5058300,0,0,0,0,17302720,0
[E3IP-CSV] 5,376,22100570,4886230,0,0,0,0,17104230,0
[E3IP-CSV] 5,377,22074600,4968780,0,0,0,0,17000980,0
[E3IP-CSV] 5,378,22157230,4893140,0,0,0,0,17149920,0
[E3IP-CSV] 5,379,21595190,4717090,0,0,0,0,16777830,0
[E3IP-CSV] 5,380,21724620,4792340,0,0,0,0,16830170,0
[E3IP-CSV] 5,381,20944740,4393270,0,0,0,0,16452680,0
[E3IP-CSV] 5,382,21800450,4983250,0,0,0,0,16709950,0
[E3IP-CSV] 5,383,22725160,4986690,0,0,0,0,17638310,0
[E3IP-CSV] 5,384,20049390,4385080,0,0,0,0,15568830,0
[E3IP-CSV] 5,385,22373030,4877040,0,0,0,0,17394560,0
[E3IP-CSV] 5,386,20579600,4621440,0,0,0,0,15856890,0
[E3IP-CSV] 5,387,21977930,4826720,0,0,0,0,17043780,0
[E3IP-CSV] 5,388,22332430,4935720,0,0,0,0,17297910,0
[E3IP-CSV] 5,389,22660910,5093470,0,0,0,0,17455710,0
[E3IP-CSV] 5,390,22134000,4870120,0,0,0,0,17154180,0
[E3IP-CSV] 5,391,21632890,4789470,0,0,0,0,16740310,0
[E3IP-CSV] 5,392,22645040,4873520,0,0,0,0,17662450,0
[E3IP-CSV] 5,393,22046470,4854160,0,0,0,0,16911260,0
[E3IP-CSV] 5,394,21968350,4886240,0,0,0,0,16982820,0
[E3IP-CSV] 5,395,21927680,4652910,0,0,0,0,17170910,0
[E3IP-CSV] 5,396,22143160,4670930,0,0,0,0,17364540,0
[E3IP-CSV] 5,397,22621160,4867560,0,0,0,0,17646550,0
[E3IP-CSV] 5,398,21757260,4594080,0,0,0,0,16906050,0
[E3IP-CSV] 5,399,21873900,4820230,0,0,0,0,16937550,0
[E3IP-CSV] 5,400,21396780,4449360,0,0,0,0,16713520,0
[E3IP-CSV] 5,401,23383420,4684300,0,0,0,0,18600780,0
[E3IP-CSV] 5,402,22062430,5112580,0,0,0,0,16832940,0
[E3IP-CSV] 5,403,21491390,4631950,0,0,0,0,16758540,0
[E3IP-CSV] 5,404,19312270,4455940,0,0,0,0,14749700,0
[E3IP-CSV] 5,405,23016580,5242620,0,0,0,0,17650990,0
[E3IP-CSV] 5,406,22322180,4959800,0,0,0,0,17248800,0
[E3IP-CSV] 5,407,22481840,5201670,0,0,0,0,17169970,0
[E3IP-CSV] 5,408,22232810,4952100,0,0,0,0,17177370,0
[E3IP-CSV] 5,409,21629640,4748150,0,0,0,0,16783770,0
[E3IP-CSV] 5,410,22409390,4914160,0,0,0,0,17384290,0
[E3IP-CSV] 5,411,19530440,4336640,0,0,0,0,15097330,0
[E3IP-CSV] 5,412,22985480,5214330,0,0,0,0,17660310,0
[E3IP-CSV] 5,413,21627090,4828320,0,0,0,0,16700830,0
[E3IP-CSV] 5,414,18235670,4465590,0,0,0,0,13517640,0
[E3IP-CSV] 5,415,22064040,4774600,0,0,0,0,17182650,0
[E3IP-CSV] 5,416,19986010,4568300,0,0,0,0,15314330,0
[E3IP-CSV] 5,417,21967530,4990120,0,0,0,0,16869850,0
[E3IP-CSV] 5,418,20201870,4571660,0,0,0,0,15524790,0
[E3IP-CSV] 5,419,21785190,4551310,0,0,0,0,17127880,0
[E3IP-CSV] 5,420,23153150,4927480,0,0,0,0,18118440,0
[E3IP-CSV] 5,421,22694620,5159190,0,0,0,0,17430300,0
[E3IP-CSV] 5,422,21393610,4790600,0,0,0,0,16498410,0
[E3IP-CSV] 5,423,19693410,4335740,0,0,0,0,15094260,0
[E3IP-CSV] 5,424,17624270,4371100,0,0,0,0,13148940,0
[E3IP-CSV] 5,425,22689620,4904400,0,0,0,0,17672390,0
[E3IP-CSV] 5,426,22431870,5023510,0,0,0,0,17291570,0
[E3IP-CSV] 5,427,22078680,5050740,0,0,0,0,16920040,0
[E3IP-CSV] 5,428,21729220,4827270,0,0,0,0,16786800,0
[E3IP-CSV] 5,429,19647260,4392590,0,0,0,0,15154900,0
[E3IP-CSV] 5,430,22845590,4722110,0,0,0,0,18028180,0
[E3IP-CSV] 5,431,22727590,4954890,0,0,0,0,17665970,0
[E3IP-CSV] 5,432,19789710,4461540,0,0,0,0,15069460,0
[E3IP-CSV] 5,433,21789810,4370650,0,0,0,0,17326840,0
[E3IP-CSV] 5,434,22027630,4954180,0,0,0,0,16972750,0
[E3IP-CSV] 5,435,22260850,4927430,0,0,0,0,17218590,0
[E3IP-CSV] 5,436,22297260,4935680,0,0,0,0,17249280,0
[E3IP-CSV] 5,437,21927770,4744090,0,0,0,0,16776760,0
[E3IP-CSV] 5,438,22049220,4836900,0,0,0,0,17091170,0
[E3IP-CSV] 5,439,20633440,4732770,0,0,0,0,15795020,0
[E3IP-CSV] 5,440,22572840,4970320,0,0,0,0,17489240,0
[E3IP-CSV] 5,441,22633810,4872730,0,0,0,0,17650500,0
[E3IP-CSV] 5,442,22475100,4803050,0,0,0,0,17414090,0
[E3IP-CSV] 5,443,22121190,4939220,0,0,0,0,17071270,0
[E3IP-CSV] 5,444,22544970,4991160,0,0,0,0,17427850,0
[E3IP-CSV] 5,445,13059230,3435940,0,0,0,0,9532460,0
[E3IP-CSV] 5,446,22953260,5218600,0,0,0,0,17625950,0
[E3IP-CSV] 5,447,22634020,5066180,0,0,0,0,17450050,0
[E3IP-CSV] 5,448,24198270,5653800,0,0,0,0,18355600,0
[E3IP-CSV] 5,449,14105390,3610420,0,0,0,0,10400750,0
[E3IP-CSV] 5,450,22297570,4980060,0,0,0,0,17211050,0
[E3IP-CSV] 5,451,22731900,5017870,0,0,0,0,17600640,0
[E3IP-CSV] 5,452,11843240,4019120,0,0,0,0,7724690,0
[E3IP-CSV] 5,453,43099050,9905480,0,0,0,0,32992730,0
[E3IP-CSV] 5,454,21398510,5016370,0,0,0,0,16280180,0
[E3IP-CSV] 5,455,22644730,4772350,0,0,0,0,17775340,0
[E3IP-CSV] 5,456,12056560,3515550,0,0,0,0,8449870,0
[E3IP-CSV] 5,457,21842190,5250880,0,0,0,0,16494090,0
[E3IP-CSV] 5,458,13847540,3695940,0,0,0,0,10037240,0
[E3IP-CSV] 5,459,22503400,4980960,0,0,0,0,17422060,0
[E3IP-CSV] 5,460,13017510,3754140,0,0,0,0,9164240,0
[E3IP-CSV] 5,461,22224190,5624500,0,0,0,0,16495340,0
[E3IP-CSV] 5,462,22381620,5010710,0,0,0,0,17268020,0
[E3IP-CSV] 5,463,22787090,4964000,0,0,0,0,17724240,0
[E3IP-CSV] 5,464,18903370,4393660,0,0,0,0,14416630,0
[E3IP-CSV] 5,465,11289920,3800530,0,0,0,0,7391000,0
[E3IP-CSV] 5,466,21567600,4675780,0,0,0,0,16792740,0
[E3IP-CSV] 5,467,22415210,5020370,0,0,0,0,17292580,0
[E3IP-CSV] 5,468,22565890,4931650,0,0,0,0,17534530,0
[E3IP-CSV] 5,469,22456780,4959590,0,0,0,0,17398060,0
[E3IP-CSV] 5,470,23460780,5354540,0,0,0,0,18002070,0
[E3IP-CSV] 5,471,22877420,4890260,0,0,0,0,17886460,0
[E3IP-CSV] 5,472,11758050,3726020,0,0,0,0,7939310,0
[E3IP-CSV] 5,473,24100900,6648910,0,0,0,0,17296060,0
[E3IP-CSV] 5,474,22321350,4977180,0,0,0,0,17236090,0
[E3IP-CSV] 5,475,22580190,4747930,0,0,0,0,17731040,0
[E3IP-CSV] 5,476,12353450,3188030,0,0,0,0,9073320,0
[E3IP-CSV] 5,477,24095140,5417320,0,0,0,0,18559900,0
[E3IP-CSV] 5,478,22744820,5124570,0,0,0,0,17497130,0
[E3IP-CSV] 5,479,19312930,5607750,0,0,0,0,13292500,0
[E3IP-CSV] 5,480,21489460,5379860,0,0,0,0,15950100,0
[E3IP-CSV] 5,481,30617040,6652740,0,0,0,0,23851380,0
[E3IP-CSV] 5,482,24250440,5428370,0,0,0,0,18699680,0
[E3IP-CSV] 5,483,22284830,5033780,0,0,0,0,17148340,0
[E3IP-CSV] 5,484,14437730,4245240,0,0,0,0,10023190,0
[E3IP-CSV] 5,485,23783760,3671200,0,0,0,0,20061780,0
[E3IP-CSV] 5,486,24881550,4960810,0,0,0,0,19819690,0
[E3IP-CSV] 5,487,22539180,4996640,0,0,0,0,17441000,0
[E3IP-CSV] 5,488,22648040,4802000,0,0,0,0,17744570,0
[E3IP-CSV] 5,489,21677330,4758480,0,0,0,0,16816200,0
[E3IP-CSV] 5,490,11165400,3518370,0,0,0,0,7393810,0
[E3IP-CSV] 5,491,22375210,4848140,0,0,0,0,17423410,0
[E3IP-CSV] 5,492,22310730,4974870,0,0,0,0,17233810,0
[E3IP-CSV] 5,493,26849050,5009770,0,0,0,0,21737520,0
[E3IP-CSV] 5,494,26635780,5767950,0,0,0,0,20596360,0
[E3IP-CSV] 5,495,23369620,5193120,0,0,0,0,18055200,0
[E3IP-CSV] 5,496,22149200,4955120,0,0,0,0,17090430,0
[E3IP-CSV] 5,497,22374920,5042470,0,0,0,0,17231690,0
[E3IP-CSV] 5,498,22893340,4807350,0,0,0,0,17979970,0
[E3IP-CSV] 5,499,21170660,4614990,0,0,0,0,16454140,0
[E3IP-SUMMARY] chain_len=5 e2e_avg=21303300 publish_avg=4802345 sched_avg=16389384

*** FATAL ***
fatal source: 9 (RTEMS_FATAL_SOURCE_EXCEPTION)

R0   = 0x015957f8 R8  = 0x00000000
R1   = 0x00000000 R9  = 0x00000000
R2   = 0x00000010 R10 = 0x00000000
R3   = 0x015958f8 R11 = 0x00000000
R4   = 0x00c00f78 R12 = 0x015958f8
R5   = 0x002d050d SP  = 0x015957e8
R6   = 0x00000000 LR  = 0x00000000
R7   = 0x015957e8 PC  = 0x002d0594
CPSR = 0x600d0173 VEC = 0x00000001
FPEXC = 0x40000000
FPSCR = 0x20000010
D00 = 0x0000000000000000
D01 = 0x0000000000000001
D02 = 0x0000000000000000
D03 = 0x00000001cdff0001
D04 = 0x017f0f0100000000
D05 = 0x0324000000000001
D06 = 0xcdff0001017f0f01
D07 = 0x000186a00061a800
D08 = 0x0000000000000000
D09 = 0x0000000000000000
D10 = 0x0000000000000000
D11 = 0x0000000000000000
D12 = 0x0000000000000000
D13 = 0x0000000000000000
D14 = 0x0000000000000000
D15 = 0x0000000000000000
D16 = 0x0000000000000000
D17 = 0x0000000000000000
D18 = 0x0000000000000000
D19 = 0x0000000000000000
D20 = 0x00a9c76400a9c750
D21 = 0x00a9c79400a9c778
D22 = 0x00a9c6ac00a9c69c
D23 = 0x00a9c6cc00a9c6bc
D24 = 0x00a9c66c00a9c65c
D25 = 0x00a9c68c00a9c67c
D26 = 0x00a9c5f800a9c5d0
D27 = 0x00a9c63800a9c61c
D28 = 0x00a9c57800a9c548
D29 = 0x00a9c5b000a9c594
D30 = 0x00a9ca3000a9ca30
D31 = 0x00a9c53c00a9c530
RTEMS version: 6.1.0.not-released
RTEMS tools: 13.3.0 20240521 (RTEMS 6, RSB no-repo, Newlib 1b3dcfd)
executing thread ID: 0x0a010001
executing thread name: UI1 
