
RTEMS Shell on /dev/console. Use 'help' to list commands.
SHLL [/] # nexus0: <RTEMS Nexus device>
info: lo0: link state changed to UP
=== Exp3inter-Ours: Task Chain (n=5) RTExecutor ===
Period: 200ms, Rounds: 500
[E3OURS-CSV] chain_len,round,e2e_ns,publish_ns,gc_trigger_ns,invoke_cb_ns,getnext_ns,take_data_ns,sched_ns,dispatch_ns
[RTExecutor] Constructed (kernel-driven, no spin)
666666
CPP Msg not nullptr
CPP Msg not nullptr
CPP Msg not nullptr
CPP Msg not nullptr
C Msg not NULL
C Msg not NULL
CPP Srv not nullptr
CPP Srv not nullptr
CPP Srv not nullptr
CPP Srv not nullptr
CPP Srv not nullptr
CPP Srv not nullptr
CPP Msg not nullptr
CPP Msg not nullptr
CPP Msg not nullptr
CPP Msg not nullptr
CPP Msg not nullptr
CPP Msg not nullptr
C Msg not NULL
C Msg not NULL
CPP Srv not nullptr
CPP Srv not nullptr
CPP Srv not nullptr
CPP Srv not nullptr
CPP Srv not nullptr
CPP Srv not nullptr
CPP Msg not nullptr
CPP Msg not nullptr
CPP Msg not nullptr
CPP Msg not nullptr
CPP Msg not nullptr
CPP Msg not nullptr
CPP Msg not nullptr
CPP Msg not nullptr
C Msg not NULL
C Msg not NULL
CPP Srv not nullptr
CPP Srv not nullptr
CPP Srv not nullptr
CPP Srv not nullptr
CPP Srv not nullptr
CPP Srv not nullptr
CPP Msg not nullptr
CPP Msg not nullptr
CPP Msg not nullptr
CPP Msg not nullptr
CPP Msg not nullptr
CPP Msg not nullptr
CPP Msg not nullptr
CPP Msg not nullptr
C Msg not NULL
C Msg not NULL
CPP Srv not nullptr
CPP Srv not nullptr
CPP Srv not nullptr
CPP Srv not nullptr
CPP Srv not nullptr
CPP Srv not nullptr
CPP Msg not nullptr
CPP Msg not nullptr
CPP Msg not nullptr
CPP Msg not nullptr
CPP Msg not nullptr
CPP Msg not nullptr
CPP Msg not nullptr
CPP Msg not nullptr
C Msg not NULL
C Msg not NULL
CPP Srv not nullptr
CPP Srv not nullptr
CPP Srv not nullptr
CPP Srv not nullptr
CPP Srv not nullptr
CPP Srv not nullptr
CPP Msg not nullptr
CPP Msg not nullptr
CPP Msg not nullptr
CPP Msg not nullptr
CPP Msg not nullptr
CPP Msg not nullptr
[RTExecutor] Registered timer ch=0 period=200ms pri=60
[CallbackTask] Started 'SUB0' pri=80 tid=167837713
[RTExecutor] Registered subscription 'chain_1' pri=80 direct_notify=ON
[CallbackTask] Started 'SUB1' pri=80 tid=167837714
[RTExecutor] Registered subscription 'chain_2' pri=80 direct_notify=ON
[CallbackTask] Started 'SUB2' pri=80 tid=167837715
[RTExecutor] Registered subscription 'chain_3' pri=80 direct_notify=ON
[CallbackTask] Started 'SUB3' pri=80 tid=167837716
[RTExecutor] Registered subscription 'chain_4' pri=80 direct_notify=ON
[CallbackTask] Started 'TM0' pri=60 tid=167837717
[RTExecutor] Timer ch=0 period=200t target=167837717
[RTExecutor] Running — ALL callbacks kernel-driven, NO polling
[E3OURS-CSV] 5,0,15528050,7577620,0,0,0,0,6934240,0
[E3OURS-CSV] 5,1,7232050,4133490,0,0,0,0,2913600,0
[E3OURS-CSV] 5,2,7193630,4099440,0,0,0,0,2900610,0
[E3OURS-CSV] 5,3,6934910,3721750,0,0,0,0,2805510,0
[E3OURS-CSV] 5,4,3710630,2023630,0,0,0,0,1555960,0
[E3OURS-CSV] 5,5,7155690,3820410,0,0,0,0,3151370,0
[E3OURS-CSV] 5,6,6075270,3824390,0,0,0,0,2079140,0
[E3OURS-CSV] 5,7,1079630,589320,0,0,0,0,448610,0
[E3OURS-CSV] 5,8,653770,377130,0,0,0,0,245440,0
[E3OURS-CSV] 5,9,674680,384010,0,0,0,0,259160,0
[E3OURS-CSV] 5,10,3485920,1870390,0,0,0,0,1502930,0
[E3OURS-CSV] 5,11,6907610,4086670,0,0,0,0,2629900,0
[E3OURS-CSV] 5,12,3496510,1892060,0,0,0,0,1486920,0
[E3OURS-CSV] 5,13,3405180,1802250,0,0,0,0,1510550,0
[E3OURS-CSV] 5,14,3531360,1750010,0,0,0,0,1537610,0
[E3OURS-CSV] 5,15,3728390,2120300,0,0,0,0,1508170,0
[E3OURS-CSV] 5,16,3490530,1860040,0,0,0,0,1523290,0
[E3OURS-CSV] 5,17,3580920,1785900,0,0,0,0,1702460,0
[E3OURS-CSV] 5,18,5595000,3260780,0,0,0,0,2160010,0
[E3OURS-CSV] 5,19,3491300,1873270,0,0,0,0,1514830,0
[E3OURS-CSV] 5,20,4117590,2721220,0,0,0,0,1226350,0
[E3OURS-CSV] 5,21,3533880,1777520,0,0,0,0,1513110,0
[E3OURS-CSV] 5,22,4283070,2299010,0,0,0,0,1868530,0
[E3OURS-CSV] 5,23,3308930,1779220,0,0,0,0,1421400,0
[E3OURS-CSV] 5,24,3387810,1800930,0,0,0,0,1487740,0
[E3OURS-CSV] 5,25,3928760,2089110,0,0,0,0,1737690,0
[E3OURS-CSV] 5,26,3415540,1833700,0,0,0,0,1475350,0
[E3OURS-CSV] 5,27,3472760,1865480,0,0,0,0,1504970,0
[E3OURS-CSV] 5,28,3397050,1819220,0,0,0,0,1473120,0
[E3OURS-CSV] 5,29,3441880,1849920,0,0,0,0,1492110,0
[E3OURS-CSV] 5,30,3379750,1799220,0,0,0,0,1476210,0
[E3OURS-CSV] 5,31,5419880,3271690,0,0,0,0,1972980,0
[E3OURS-CSV] 5,32,3529440,1905280,0,0,0,0,1511730,0
[E3OURS-CSV] 5,33,3352480,1804630,0,0,0,0,1447080,0
[E3OURS-CSV] 5,34,3420280,1838680,0,0,0,0,1475850,0
[E3OURS-CSV] 5,35,3359700,1800390,0,0,0,0,1459160,0
[E3OURS-CSV] 5,36,3417190,1855580,0,0,0,0,1455590,0
[E3OURS-CSV] 5,37,3518670,1908740,0,0,0,0,1505350,0
[E3OURS-CSV] 5,38,3431570,1848060,0,0,0,0,1482690,0
[E3OURS-CSV] 5,39,3499750,1752040,0,0,0,0,1635220,0
[E3OURS-CSV] 5,40,3401640,1846080,0,0,0,0,1444060,0
[E3OURS-CSV] 5,41,5541100,3267480,0,0,0,0,2099400,0
[E3OURS-CSV] 5,42,3398020,1807780,0,0,0,0,1480280,0
[E3OURS-CSV] 5,43,3423470,1829590,0,0,0,0,1486840,0
[E3OURS-CSV] 5,44,3406940,1819620,0,0,0,0,1484190,0
[E3OURS-CSV] 5,45,3500070,1912110,0,0,0,0,1468470,0
[E3OURS-CSV] 5,46,3499320,1913000,0,0,0,0,1474510,0
[E3OURS-CSV] 5,47,3527680,1931390,0,0,0,0,1498770,0
[E3OURS-CSV] 5,48,3415400,1843590,0,0,0,0,1469380,0
[E3OURS-CSV] 5,49,3375140,1829250,0,0,0,0,1448230,0
[E3OURS-CSV] 5,50,3345000,1819940,0,0,0,0,1422780,0
[E3OURS-CSV] 5,51,4341920,2623710,0,0,0,0,1560650,0
[E3OURS-CSV] 5,52,3378980,1812630,0,0,0,0,1461820,0
[E3OURS-CSV] 5,53,6905330,3820190,0,0,0,0,2904700,0
[E3OURS-CSV] 5,54,4071680,2576340,0,0,0,0,1335560,0
[E3OURS-CSV] 5,55,4216100,2549680,0,0,0,0,1502210,0
[E3OURS-CSV] 5,56,3462000,1881670,0,0,0,0,1455830,0
[E3OURS-CSV] 5,57,3469200,1867160,0,0,0,0,1501330,0
[E3OURS-CSV] 5,58,3398660,1989250,0,0,0,0,1284650,0
[E3OURS-CSV] 5,59,6404530,3584610,0,0,0,0,2641280,0
[E3OURS-CSV] 5,60,3457720,1866100,0,0,0,0,1484640,0
[E3OURS-CSV] 5,61,3343270,1963410,0,0,0,0,1274190,0
[E3OURS-CSV] 5,62,3554640,1935540,0,0,0,0,1523000,0
[E3OURS-CSV] 5,63,3280430,1781380,0,0,0,0,1398910,0
[E3OURS-CSV] 5,64,3315220,1800870,0,0,0,0,1422400,0
[E3OURS-CSV] 5,65,3348270,1816570,0,0,0,0,1427190,0
[E3OURS-CSV] 5,66,1146630,621550,0,0,0,0,468630,0
[E3OURS-CSV] 5,67,3373790,1974240,0,0,0,0,1292430,0
[E3OURS-CSV] 5,68,3367140,1819260,0,0,0,0,1447840,0
[E3OURS-CSV] 5,69,3334130,1816440,0,0,0,0,1422920,0
[E3OURS-CSV] 5,70,3394840,1981390,0,0,0,0,1304980,0
[E3OURS-CSV] 5,71,3425800,1867890,0,0,0,0,1453940,0
[E3OURS-CSV] 5,72,3421570,1862490,0,0,0,0,1309800,0
[E3OURS-CSV] 5,73,3455240,1886220,0,0,0,0,1455980,0
[E3OURS-CSV] 5,74,3318650,1788450,0,0,0,0,1438940,0
[E3OURS-CSV] 5,75,3442010,1881060,0,0,0,0,1448940,0
[E3OURS-CSV] 5,76,3448050,1881870,0,0,0,0,1460750,0
[E3OURS-CSV] 5,77,3612800,2122760,0,0,0,0,1378360,0
[E3OURS-CSV] 5,78,3404710,1994170,0,0,0,0,1300160,0
[E3OURS-CSV] 5,79,3287220,1773470,0,0,0,0,1421640,0
[E3OURS-CSV] 5,80,3446630,1887040,0,0,0,0,1450350,0
[E3OURS-CSV] 5,81,3571530,2100740,0,0,0,0,1337600,0
[E3OURS-CSV] 5,82,3476470,1889680,0,0,0,0,1482040,0
[E3OURS-CSV] 5,83,3433270,1878910,0,0,0,0,1447820,0
[E3OURS-CSV] 5,84,3316380,1778350,0,0,0,0,1448750,0
[E3OURS-CSV] 5,85,3423720,1868110,0,0,0,0,1445110,0
[E3OURS-CSV] 5,86,6418520,3774880,0,0,0,0,2468150,0
[E3OURS-CSV] 5,87,3356010,1967030,0,0,0,0,1290510,0
[E3OURS-CSV] 5,88,3384940,1836620,0,0,0,0,1294460,0
[E3OURS-CSV] 5,89,3435050,2048210,0,0,0,0,1281210,0
[E3OURS-CSV] 5,90,3508070,1902290,0,0,0,0,1467310,0
[E3OURS-CSV] 5,91,3468970,1873830,0,0,0,0,1478320,0
[E3OURS-CSV] 5,92,3490790,1877210,0,0,0,0,1518690,0
[E3OURS-CSV] 5,93,3380810,1818490,0,0,0,0,1306030,0
[E3OURS-CSV] 5,94,3428850,1853780,0,0,0,0,1469310,0
[E3OURS-CSV] 5,95,3372620,1980270,0,0,0,0,1303970,0
[E3OURS-CSV] 5,96,3430850,1864640,0,0,0,0,1460570,0
[E3OURS-CSV] 5,97,3271020,1925890,0,0,0,0,1253420,0
[E3OURS-CSV] 5,98,3428610,1864490,0,0,0,0,1448150,0
[E3OURS-CSV] 5,99,3326450,1952780,0,0,0,0,1278540,0
[E3OURS-CSV] 5,100,3393110,1860730,0,0,0,0,1423000,0
[E3OURS-CSV] 5,101,3395230,1844350,0,0,0,0,1445360,0
[E3OURS-CSV] 5,102,3443940,2023490,0,0,0,0,1306170,0
[E3OURS-CSV] 5,103,3460010,1865330,0,0,0,0,1474970,0
[E3OURS-CSV] 5,104,3208760,1732510,0,0,0,0,1394760,0
[E3OURS-CSV] 5,105,3474260,1891300,0,0,0,0,1467620,0
[E3OURS-CSV] 5,106,3448990,1875200,0,0,0,0,1465340,0
[E3OURS-CSV] 5,107,3511670,2066130,0,0,0,0,1351680,0
[E3OURS-CSV] 5,108,4123520,2405050,0,0,0,0,1613500,0
[E3OURS-CSV] 5,109,3310170,1928060,0,0,0,0,1283090,0
[E3OURS-CSV] 5,110,3908030,2021600,0,0,0,0,1776940,0
[E3OURS-CSV] 5,111,3458220,2012830,0,0,0,0,1330680,0
[E3OURS-CSV] 5,112,3469460,2035840,0,0,0,0,1323080,0
[E3OURS-CSV] 5,113,4070930,2683250,0,0,0,0,1278060,0
[E3OURS-CSV] 5,114,3443530,1865680,0,0,0,0,1475140,0
[E3OURS-CSV] 5,115,3461620,1875160,0,0,0,0,1476600,0
[E3OURS-CSV] 5,116,3536090,2034280,0,0,0,0,1374940,0
[E3OURS-CSV] 5,117,3462600,2061240,0,0,0,0,1291180,0
[E3OURS-CSV] 5,118,3419250,1852060,0,0,0,0,1456770,0
[E3OURS-CSV] 5,119,3424470,1867700,0,0,0,0,1452500,0
[E3OURS-CSV] 5,120,3417960,1839850,0,0,0,0,1467180,0
[E3OURS-CSV] 5,121,3484220,2057450,0,0,0,0,1319990,0
[E3OURS-CSV] 5,122,3524920,2068070,0,0,0,0,1348510,0
[E3OURS-CSV] 5,123,3441940,1860750,0,0,0,0,1475700,0
[E3OURS-CSV] 5,124,3378820,1820770,0,0,0,0,1460230,0
[E3OURS-CSV] 5,125,3509380,2042980,0,0,0,0,1345980,0
[E3OURS-CSV] 5,126,4102470,2364120,0,0,0,0,1623200,0
[E3OURS-CSV] 5,127,3337180,1798440,0,0,0,0,1436340,0
[E3OURS-CSV] 5,128,4042220,2187270,0,0,0,0,1750460,0
[E3OURS-CSV] 5,129,3266740,1915040,0,0,0,0,1260850,0
[E3OURS-CSV] 5,130,3364540,1821050,0,0,0,0,1445770,0
[E3OURS-CSV] 5,131,3440080,2025880,0,0,0,0,1305310,0
[E3OURS-CSV] 5,132,3390640,1958370,0,0,0,0,1325850,0
[E3OURS-CSV] 5,133,4320010,2773570,0,0,0,0,1416020,0
[E3OURS-CSV] 5,134,3279920,1911650,0,0,0,0,1277840,0
[E3OURS-CSV] 5,135,3385480,1965450,0,0,0,0,1302600,0
[E3OURS-CSV] 5,136,3451000,2029650,0,0,0,0,1311540,0
[E3OURS-CSV] 5,137,3703030,2077770,0,0,0,0,1518650,0
[E3OURS-CSV] 5,138,3395590,1987030,0,0,0,0,1297240,0
[E3OURS-CSV] 5,139,3358560,1808460,0,0,0,0,1453390,0
[E3OURS-CSV] 5,140,5239820,3243120,0,0,0,0,1821090,0
[E3OURS-CSV] 5,141,3461290,2046470,0,0,0,0,1305100,0
[E3OURS-CSV] 5,142,3448410,2008620,0,0,0,0,1333530,0
[E3OURS-CSV] 5,143,4083530,2636170,0,0,0,0,1329250,0
[E3OURS-CSV] 5,144,3367130,1809460,0,0,0,0,1468680,0
[E3OURS-CSV] 5,145,3359760,1796390,0,0,0,0,1461370,0
[E3OURS-CSV] 5,146,3414930,1992450,0,0,0,0,1311230,0
[E3OURS-CSV] 5,147,3931470,2595900,0,0,0,0,1229180,0
[E3OURS-CSV] 5,148,3327000,1810920,0,0,0,0,1412260,0
[E3OURS-CSV] 5,149,3818000,2219400,0,0,0,0,1513220,0
[E3OURS-CSV] 5,150,3470920,2017910,0,0,0,0,1351760,0
[E3OURS-CSV] 5,151,3458470,2027120,0,0,0,0,1319890,0
[E3OURS-CSV] 5,152,3408190,1999120,0,0,0,0,1321800,0
[E3OURS-CSV] 5,153,3454560,2026940,0,0,0,0,1320500,0
[E3OURS-CSV] 5,154,3348960,1819430,0,0,0,0,1435370,0
[E3OURS-CSV] 5,155,3410350,1986630,0,0,0,0,1309770,0
[E3OURS-CSV] 5,156,3913320,2431430,0,0,0,0,1336150,0
[E3OURS-CSV] 5,157,3337930,1805250,0,0,0,0,1436510,0
[E3OURS-CSV] 5,158,4013110,2633390,0,0,0,0,1272410,0
[E3OURS-CSV] 5,159,3458700,2018500,0,0,0,0,1335800,0
[E3OURS-CSV] 5,160,3404390,1978330,0,0,0,0,1317170,0
[E3OURS-CSV] 5,161,3701100,2251460,0,0,0,0,1326060,0
[E3OURS-CSV] 5,162,3900700,2526490,0,0,0,0,1258580,0
[E3OURS-CSV] 5,163,3360940,1963550,0,0,0,0,1302510,0
[E3OURS-CSV] 5,164,3341130,1934390,0,0,0,0,1309620,0
[E3OURS-CSV] 5,165,4031940,2416030,0,0,0,0,1501970,0
[E3OURS-CSV] 5,166,3988400,2497710,0,0,0,0,1369170,0
[E3OURS-CSV] 5,167,3675580,2057530,0,0,0,0,1524500,0
[E3OURS-CSV] 5,168,3516110,2147670,0,0,0,0,1262130,0
[E3OURS-CSV] 5,169,3383750,1972630,0,0,0,0,1308210,0
[E3OURS-CSV] 5,170,3625570,2175370,0,0,0,0,1338180,0
[E3OURS-CSV] 5,171,3414890,2006450,0,0,0,0,1300970,0
[E3OURS-CSV] 5,172,3357930,1964390,0,0,0,0,1290440,0
[E3OURS-CSV] 5,173,4073880,2457780,0,0,0,0,1505790,0
[E3OURS-CSV] 5,174,3329490,1784130,0,0,0,0,1448800,0
[E3OURS-CSV] 5,175,3310630,1930680,0,0,0,0,1284870,0
[E3OURS-CSV] 5,176,3344360,1949330,0,0,0,0,1294970,0
[E3OURS-CSV] 5,177,6945040,4209320,0,0,0,0,2526560,0
[E3OURS-CSV] 5,178,3304300,1916810,0,0,0,0,1276740,0
[E3OURS-CSV] 5,179,3226030,1745480,0,0,0,0,1392390,0
[E3OURS-CSV] 5,180,3357450,1951190,0,0,0,0,1305460,0
[E3OURS-CSV] 5,181,4201520,2462920,0,0,0,0,1626620,0
[E3OURS-CSV] 5,182,4125530,2313260,0,0,0,0,1714160,0
[E3OURS-CSV] 5,183,3287850,1767710,0,0,0,0,1430100,0
[E3OURS-CSV] 5,184,3339300,1964000,0,0,0,0,1281020,0
[E3OURS-CSV] 5,185,3383050,1971710,0,0,0,0,1313300,0
[E3OURS-CSV] 5,186,5539840,3308560,0,0,0,0,2059080,0
[E3OURS-CSV] 5,187,3936840,2599410,0,0,0,0,1237180,0
[E3OURS-CSV] 5,188,3325530,1933440,0,0,0,0,1297870,0
[E3OURS-CSV] 5,189,3300590,1934570,0,0,0,0,1274190,0
[E3OURS-CSV] 5,190,3563850,2164330,0,0,0,0,1288680,0
[E3OURS-CSV] 5,191,4111090,2707660,0,0,0,0,1234970,0
[E3OURS-CSV] 5,192,3353170,1975290,0,0,0,0,1274910,0
[E3OURS-CSV] 5,193,3325140,1932290,0,0,0,0,1293350,0
[E3OURS-CSV] 5,194,3317500,1920490,0,0,0,0,1295710,0
[E3OURS-CSV] 5,195,3399140,1985110,0,0,0,0,1313510,0
[E3OURS-CSV] 5,196,3992250,2331020,0,0,0,0,1556740,0
[E3OURS-CSV] 5,197,3578940,2013420,0,0,0,0,1469030,0
[E3OURS-CSV] 5,198,6922320,4323080,0,0,0,0,2420920,0
[E3OURS-CSV] 5,199,3934040,2470110,0,0,0,0,1364400,0
[E3OURS-CSV] 5,200,3323730,1940790,0,0,0,0,1288410,0
[E3OURS-CSV] 5,201,3654630,2185550,0,0,0,0,1364080,0
[E3OURS-CSV] 5,202,4147920,2499310,0,0,0,0,1540210,0
[E3OURS-CSV] 5,203,3377470,1958330,0,0,0,0,1319890,0
[E3OURS-CSV] 5,204,3305390,1918010,0,0,0,0,1283650,0
[E3OURS-CSV] 5,205,3531640,1984040,0,0,0,0,1444720,0
[E3OURS-CSV] 5,206,4261370,2759720,0,0,0,0,1331330,0
[E3OURS-CSV] 5,207,3559030,1976970,0,0,0,0,1478840,0
[E3OURS-CSV] 5,208,3890230,2509380,0,0,0,0,1276430,0
[E3OURS-CSV] 5,209,3365290,1977720,0,0,0,0,1290180,0
[E3OURS-CSV] 5,210,3544830,1992320,0,0,0,0,1453180,0
[E3OURS-CSV] 5,211,3646520,2216100,0,0,0,0,1318630,0
[E3OURS-CSV] 5,212,6978890,3972550,0,0,0,0,2852600,0
[E3OURS-CSV] 5,213,6649540,3522040,0,0,0,0,2969990,0
[E3OURS-CSV] 5,214,4637510,3065780,0,0,0,0,1439700,0
[E3OURS-CSV] 5,215,3699630,2245810,0,0,0,0,1346340,0
[E3OURS-CSV] 5,216,3661100,2198850,0,0,0,0,1353870,0
[E3OURS-CSV] 5,217,4056810,2283270,0,0,0,0,1675400,0
[E3OURS-CSV] 5,218,4165030,2266140,0,0,0,0,1740820,0
[E3OURS-CSV] 5,219,3485720,1937220,0,0,0,0,1446980,0
[E3OURS-CSV] 5,220,3935180,2356560,0,0,0,0,1273630,0
[E3OURS-CSV] 5,221,3595380,2178670,0,0,0,0,1309570,0
[E3OURS-CSV] 5,222,1476860,996020,0,0,0,0,394990,0
[E3OURS-CSV] 5,223,3532600,1983720,0,0,0,0,1447470,0
[E3OURS-CSV] 5,224,4074320,2581730,0,0,0,0,1380680,0
[E3OURS-CSV] 5,225,3579120,2146980,0,0,0,0,1329260,0
[E3OURS-CSV] 5,226,3571470,2150550,0,0,0,0,1316340,0
[E3OURS-CSV] 5,227,4180440,2569670,0,0,0,0,1501420,0
[E3OURS-CSV] 5,228,3945890,2263960,0,0,0,0,1578350,0
[E3OURS-CSV] 5,229,3513980,1965800,0,0,0,0,1451760,0
[E3OURS-CSV] 5,230,4166890,2726370,0,0,0,0,1338440,0
[E3OURS-CSV] 5,231,3664610,2185260,0,0,0,0,1366640,0
[E3OURS-CSV] 5,232,3621050,2171730,0,0,0,0,1338310,0
[E3OURS-CSV] 5,233,3498730,2099300,0,0,0,0,1301470,0
[E3OURS-CSV] 5,234,3215310,1876860,0,0,0,0,1248100,0
[E3OURS-CSV] 5,235,3607170,2186970,0,0,0,0,1313160,0
[E3OURS-CSV] 5,236,3589210,2179220,0,0,0,0,1300030,0
[E3OURS-CSV] 5,237,6549440,3939100,0,0,0,0,2420550,0
[E3OURS-CSV] 5,238,3538660,2150990,0,0,0,0,1288420,0
[E3OURS-CSV] 5,239,3435510,1915520,0,0,0,0,1425080,0
[E3OURS-CSV] 5,240,3460270,1944150,0,0,0,0,1417450,0
[E3OURS-CSV] 5,241,3552380,2157690,0,0,0,0,1286840,0
[E3OURS-CSV] 5,242,3639980,2193230,0,0,0,0,1345420,0
[E3OURS-CSV] 5,243,3289980,1929670,0,0,0,0,1263430,0
[E3OURS-CSV] 5,244,4527160,2951530,0,0,0,0,1418330,0
[E3OURS-CSV] 5,245,3832800,2213090,0,0,0,0,1485240,0
[E3OURS-CSV] 5,246,5190530,3257360,0,0,0,0,1812010,0
[E3OURS-CSV] 5,247,3585750,2175550,0,0,0,0,1303940,0
[E3OURS-CSV] 5,248,3528950,2123410,0,0,0,0,1293520,0
[E3OURS-CSV] 5,249,3535300,2115170,0,0,0,0,1312790,0
[E3OURS-CSV] 5,250,3275700,1919850,0,0,0,0,1261410,0
[E3OURS-CSV] 5,251,6992240,4241390,0,0,0,0,2560280,0
[E3OURS-CSV] 5,252,6750920,4045220,0,0,0,0,2547290,0
[E3OURS-CSV] 5,253,4509860,3004150,0,0,0,0,1365080,0
[E3OURS-CSV] 5,254,3549030,2132000,0,0,0,0,1314020,0
[E3OURS-CSV] 5,255,3540540,2125410,0,0,0,0,1308390,0
[E3OURS-CSV] 5,256,3975350,2530990,0,0,0,0,1345270,0
[E3OURS-CSV] 5,257,4039350,2255440,0,0,0,0,1688120,0
[E3OURS-CSV] 5,258,3541870,2135680,0,0,0,0,1297800,0
[E3OURS-CSV] 5,259,3623020,2184820,0,0,0,0,1306190,0
[E3OURS-CSV] 5,260,3572460,2126100,0,0,0,0,1330940,0
[E3OURS-CSV] 5,261,3582720,2135770,0,0,0,0,1329010,0
[E3OURS-CSV] 5,262,3520380,2108650,0,0,0,0,1309130,0
[E3OURS-CSV] 5,263,3567280,2135090,0,0,0,0,1333650,0
[E3OURS-CSV] 5,264,3525560,2109780,0,0,0,0,1305270,0
[E3OURS-CSV] 5,265,3547760,2112550,0,0,0,0,1312210,0
[E3OURS-CSV] 5,266,3945100,2243380,0,0,0,0,1582360,0
[E3OURS-CSV] 5,267,3571090,2149920,0,0,0,0,1311430,0
[E3OURS-CSV] 5,268,3443810,2056220,0,0,0,0,1285540,0
[E3OURS-CSV] 5,269,4015400,2481410,0,0,0,0,1432560,0
[E3OURS-CSV] 5,270,3497570,2092820,0,0,0,0,1309400,0
[E3OURS-CSV] 5,271,3566250,2131970,0,0,0,0,1315860,0
[E3OURS-CSV] 5,272,3636940,2186890,0,0,0,0,1351280,0
[E3OURS-CSV] 5,273,3566320,2147410,0,0,0,0,1313850,0
[E3OURS-CSV] 5,274,3514820,2107730,0,0,0,0,1302270,0
[E3OURS-CSV] 5,275,3349030,1948870,0,0,0,0,1294720,0
[E3OURS-CSV] 5,276,3196970,1852520,0,0,0,0,1244610,0
[E3OURS-CSV] 5,277,3529140,2109630,0,0,0,0,1315320,0
[E3OURS-CSV] 5,278,3595750,2153490,0,0,0,0,1328040,0
[E3OURS-CSV] 5,279,4022020,2527200,0,0,0,0,1385610,0
[E3OURS-CSV] 5,280,5521560,3448650,0,0,0,0,1907280,0
[E3OURS-CSV] 5,281,3934490,2249010,0,0,0,0,1570870,0
[E3OURS-CSV] 5,282,6975110,4218270,0,0,0,0,2577080,0
[E3OURS-CSV] 5,283,4383470,2835610,0,0,0,0,1412380,0
[E3OURS-CSV] 5,284,3486180,2073050,0,0,0,0,1320250,0
[E3OURS-CSV] 5,285,6469390,3825720,0,0,0,0,2465230,0
[E3OURS-CSV] 5,286,3889930,2253820,0,0,0,0,1506160,0
[E3OURS-CSV] 5,287,3748130,2232140,0,0,0,0,1279090,0
[E3OURS-CSV] 5,288,3601410,2155810,0,0,0,0,1344970,0
[E3OURS-CSV] 5,289,3523070,2117820,0,0,0,0,1306480,0
[E3OURS-CSV] 5,290,4042950,2153970,0,0,0,0,1780060,0
[E3OURS-CSV] 5,291,3743180,2334690,0,0,0,0,1306060,0
[E3OURS-CSV] 5,292,1682150,1110900,0,0,0,0,481590,0
[E3OURS-CSV] 5,293,3732000,2407150,0,0,0,0,1210680,0
[E3OURS-CSV] 5,294,3561350,2142290,0,0,0,0,1313520,0
[E3OURS-CSV] 5,295,5052900,3007870,0,0,0,0,1678740,0
[E3OURS-CSV] 5,296,2875020,1759370,0,0,0,0,1026230,0
[E3OURS-CSV] 5,297,3525140,2125360,0,0,0,0,1298310,0
[E3OURS-CSV] 5,298,3519040,2110090,0,0,0,0,1307930,0
[E3OURS-CSV] 5,299,3437390,2064260,0,0,0,0,1275220,0
[E3OURS-CSV] 5,300,3416060,2041010,0,0,0,0,1272770,0
[E3OURS-CSV] 5,301,3506980,2091220,0,0,0,0,1310400,0
[E3OURS-CSV] 5,302,3682430,2342430,0,0,0,0,1248660,0
[E3OURS-CSV] 5,303,3503240,2105200,0,0,0,0,1296550,0
[E3OURS-CSV] 5,304,3565090,2151010,0,0,0,0,1306120,0
[E3OURS-CSV] 5,305,7071630,3832900,0,0,0,0,2865800,0
[E3OURS-CSV] 5,306,3561780,1997490,0,0,0,0,1451470,0
[E3OURS-CSV] 5,307,3592650,2300470,0,0,0,0,1180860,0
[E3OURS-CSV] 5,308,3500660,2099990,0,0,0,0,1310610,0
[E3OURS-CSV] 5,309,5895680,3223720,0,0,0,0,2285570,0
[E3OURS-CSV] 5,310,3990880,2613490,0,0,0,0,1276600,0
[E3OURS-CSV] 5,311,3683040,2378040,0,0,0,0,1199150,0
[E3OURS-CSV] 5,312,3617940,2018260,0,0,0,0,1324120,0
[E3OURS-CSV] 5,313,3499420,2094650,0,0,0,0,1309740,0
[E3OURS-CSV] 5,314,3470810,2073620,0,0,0,0,1299580,0
[E3OURS-CSV] 5,315,3743750,2213930,0,0,0,0,1422230,0
[E3OURS-CSV] 5,316,1397940,842320,0,0,0,0,499840,0
[E3OURS-CSV] 5,317,3706750,2210850,0,0,0,0,1394680,0
[E3OURS-CSV] 5,318,6961480,3861910,0,0,0,0,2718600,0
[E3OURS-CSV] 5,319,3429320,1949600,0,0,0,0,1375180,0
[E3OURS-CSV] 5,320,3964300,2248400,0,0,0,0,1618230,0
[E3OURS-CSV] 5,321,3096900,1808680,0,0,0,0,1188650,0
[E3OURS-CSV] 5,322,3583530,2286940,0,0,0,0,1186750,0
[E3OURS-CSV] 5,323,3594760,2308140,0,0,0,0,1175330,0
[E3OURS-CSV] 5,324,3625100,2181180,0,0,0,0,1332180,0
[E3OURS-CSV] 5,325,4115610,2196350,0,0,0,0,1809090,0
[E3OURS-CSV] 5,326,1847270,1068880,0,0,0,0,708230,0
[E3OURS-CSV] 5,327,6823880,3658220,0,0,0,0,2805250,0
[E3OURS-CSV] 5,328,6797560,3628450,0,0,0,0,2814630,0
[E3OURS-CSV] 5,329,6645470,3945530,0,0,0,0,2539710,0
[E3OURS-CSV] 5,330,6728690,3618990,0,0,0,0,2758990,0
[E3OURS-CSV] 5,331,2061520,1024260,0,0,0,0,970980,0
[E3OURS-CSV] 5,332,6995830,3799910,0,0,0,0,2858970,0
[E3OURS-CSV] 5,333,6716310,3581600,0,0,0,0,2564270,0
[E3OURS-CSV] 5,334,3591130,2000840,0,0,0,0,1337390,0
[E3OURS-CSV] 5,335,4320720,2562040,0,0,0,0,1644980,0
[E3OURS-CSV] 5,336,1671730,932640,0,0,0,0,680480,0
[E3OURS-CSV] 5,337,5990130,3368070,0,0,0,0,2243390,0
[E3OURS-CSV] 5,338,4214790,2401790,0,0,0,0,1491650,0
[E3OURS-CSV] 5,339,3377600,2022690,0,0,0,0,1259040,0
[E3OURS-CSV] 5,340,6868860,3748700,0,0,0,0,2533840,0
[E3OURS-CSV] 5,341,5671180,3502600,0,0,0,0,1799210,0
[E3OURS-CSV] 5,342,3562460,2121010,0,0,0,0,1333880,0
[E3OURS-CSV] 5,343,3440920,2068030,0,0,0,0,1273780,0
[E3OURS-CSV] 5,344,3442000,2079370,0,0,0,0,1267870,0
[E3OURS-CSV] 5,345,5375660,3066530,0,0,0,0,1918300,0
[E3OURS-CSV] 5,346,6203760,3141290,0,0,0,0,2713790,0
[E3OURS-CSV] 5,347,4629670,2649050,0,0,0,0,1816920,0
[E3OURS-CSV] 5,348,3548140,2000700,0,0,0,0,1323680,0
[E3OURS-CSV] 5,349,3411270,2042920,0,0,0,0,1279820,0
[E3OURS-CSV] 5,350,3880560,2481590,0,0,0,0,1303650,0
[E3OURS-CSV] 5,351,1766920,1078660,0,0,0,0,633700,0
[E3OURS-CSV] 5,352,6567480,3965990,0,0,0,0,2424870,0
[E3OURS-CSV] 5,353,4249620,2852900,0,0,0,0,1254760,0
[E3OURS-CSV] 5,354,3382620,1764720,0,0,0,0,1397230,0
[E3OURS-CSV] 5,355,3390240,2030600,0,0,0,0,1270710,0
[E3OURS-CSV] 5,356,3470420,2073730,0,0,0,0,1299920,0
[E3OURS-CSV] 5,357,3614840,2058520,0,0,0,0,1326520,0
[E3OURS-CSV] 5,358,3523270,1997650,0,0,0,0,1299420,0
[E3OURS-CSV] 5,359,3508400,1999730,0,0,0,0,1159180,0
[E3OURS-CSV] 5,360,3478110,1967270,0,0,0,0,1301450,0
[E3OURS-CSV] 5,361,3474410,1968400,0,0,0,0,1306960,0
[E3OURS-CSV] 5,362,7148230,4029440,0,0,0,0,2962840,0
[E3OURS-CSV] 5,363,6660970,3669860,0,0,0,0,2814280,0
[E3OURS-CSV] 5,364,6772110,3991450,0,0,0,0,2599060,0
[E3OURS-CSV] 5,365,6710750,3941150,0,0,0,0,2591470,0
[E3OURS-CSV] 5,366,4353730,2876460,0,0,0,0,1341180,0
[E3OURS-CSV] 5,367,3608580,2045110,0,0,0,0,1353460,0
[E3OURS-CSV] 5,368,3647360,2049070,0,0,0,0,1381810,0
[E3OURS-CSV] 5,369,3556710,2025660,0,0,0,0,1306210,0
[E3OURS-CSV] 5,370,3631230,2070700,0,0,0,0,1352890,0
[E3OURS-CSV] 5,371,4903530,2427860,0,0,0,0,2240870,0
[E3OURS-CSV] 5,372,3592340,1868630,0,0,0,0,1484250,0
[E3OURS-CSV] 5,373,6781670,3746390,0,0,0,0,2626870,0
[E3OURS-CSV] 5,374,4764520,2681130,0,0,0,0,1922270,0
[E3OURS-CSV] 5,375,5298990,3321670,0,0,0,0,1814100,0
[E3OURS-CSV] 5,376,3227530,1798520,0,0,0,0,1259170,0
[E3OURS-CSV] 5,377,3300990,1721680,0,0,0,0,1374270,0
[E3OURS-CSV] 5,378,3495210,1973720,0,0,0,0,1315370,0
[E3OURS-CSV] 5,379,5316040,2871290,0,0,0,0,2225120,0
[E3OURS-CSV] 5,380,3507270,1989480,0,0,0,0,1303310,0
[E3OURS-CSV] 5,381,3024590,1594880,0,0,0,0,1268750,0
[E3OURS-CSV] 5,382,6198300,4236870,0,0,0,0,1787240,0
[E3OURS-CSV] 5,383,4093690,2570970,0,0,0,0,1366920,0
[E3OURS-CSV] 5,384,3448280,1937510,0,0,0,0,1300410,0
[E3OURS-CSV] 5,385,6771800,3991970,0,0,0,0,2598480,0
[E3OURS-CSV] 5,386,3468250,1944410,0,0,0,0,1421780,0
[E3OURS-CSV] 5,387,3661460,1903740,0,0,0,0,1509600,0
[E3OURS-CSV] 5,388,3523280,1967320,0,0,0,0,1346210,0
[E3OURS-CSV] 5,389,3298170,1900780,0,0,0,0,1301390,0
[E3OURS-CSV] 5,390,3539480,1921440,0,0,0,0,1514700,0
[E3OURS-CSV] 5,391,5561370,3495860,0,0,0,0,1920390,0
[E3OURS-CSV] 5,392,7266170,3866220,0,0,0,0,3224950,0
[E3OURS-CSV] 5,393,3428180,1997880,0,0,0,0,1333090,0
[E3OURS-CSV] 5,394,3691880,1712940,0,0,0,0,1886740,0
[E3OURS-CSV] 5,395,4169490,2615460,0,0,0,0,1401960,0
[E3OURS-CSV] 5,396,2681050,1358480,0,0,0,0,1114780,0
[E3OURS-CSV] 5,397,3435120,2008130,0,0,0,0,1322300,0
[E3OURS-CSV] 5,398,3347090,1951970,0,0,0,0,1283890,0
[E3OURS-CSV] 5,399,3687580,1831320,0,0,0,0,1759920,0
[E3OURS-CSV] 5,400,3372490,1952400,0,0,0,0,1313240,0
[E3OURS-CSV] 5,401,3728930,2277480,0,0,0,0,1302340,0
[E3OURS-CSV] 5,402,6080230,3165660,0,0,0,0,2740350,0
[E3OURS-CSV] 5,403,3424010,1981530,0,0,0,0,1337080,0
[E3OURS-CSV] 5,404,6638620,3666610,0,0,0,0,2562230,0
[E3OURS-CSV] 5,405,5358630,3419950,0,0,0,0,1773540,0
[E3OURS-CSV] 5,406,2917480,1576280,0,0,0,0,1250920,0
[E3OURS-CSV] 5,407,3429330,1995850,0,0,0,0,1343820,0
[E3OURS-CSV] 5,408,3424330,1991940,0,0,0,0,1336660,0
[E3OURS-CSV] 5,409,3283100,1894550,0,0,0,0,1301290,0
[E3OURS-CSV] 5,410,4152940,2752310,0,0,0,0,1292220,0
[E3OURS-CSV] 5,411,3547060,2038660,0,0,0,0,1395590,0
[E3OURS-CSV] 5,412,4759250,2624490,0,0,0,0,1996830,0
[E3OURS-CSV] 5,413,3370030,1952110,0,0,0,0,1321320,0
[E3OURS-CSV] 5,414,3214570,1868460,0,0,0,0,1260730,0
[E3OURS-CSV] 5,415,3832870,2106130,0,0,0,0,1624430,0
[E3OURS-CSV] 5,416,6556500,3583040,0,0,0,0,2804220,0
[E3OURS-CSV] 5,417,7277910,4040590,0,0,0,0,3057520,0
[E3OURS-CSV] 5,418,3305610,1933780,0,0,0,0,1277830,0
[E3OURS-CSV] 5,419,3291020,1772400,0,0,0,0,1423940,0
[E3OURS-CSV] 5,420,3390390,1970700,0,0,0,0,1318090,0
[E3OURS-CSV] 5,421,683830,379140,0,0,0,0,252420,0
[E3OURS-CSV] 5,422,3518160,1902860,0,0,0,0,1512210,0
[E3OURS-CSV] 5,423,7202930,4111990,0,0,0,0,2904980,0
[E3OURS-CSV] 5,424,6370570,3423990,0,0,0,0,2767990,0
[E3OURS-CSV] 5,425,6609530,3972480,0,0,0,0,2467130,0
[E3OURS-CSV] 5,426,1556170,896180,0,0,0,0,605560,0
[E3OURS-CSV] 5,427,4092340,2569280,0,0,0,0,1341750,0
[E3OURS-CSV] 5,428,3289700,1925200,0,0,0,0,1266540,0
[E3OURS-CSV] 5,429,3186010,1723790,0,0,0,0,1377320,0
[E3OURS-CSV] 5,430,3283090,1917230,0,0,0,0,1274480,0
[E3OURS-CSV] 5,431,846520,488080,0,0,0,0,324190,0
[E3OURS-CSV] 5,432,3339280,1932430,0,0,0,0,1291690,0
[E3OURS-CSV] 5,433,3220340,1743760,0,0,0,0,1386130,0
[E3OURS-CSV] 5,434,3353310,1955190,0,0,0,0,1300200,0
[E3OURS-CSV] 5,435,3323900,1934370,0,0,0,0,1289720,0
[E3OURS-CSV] 5,436,1470820,857300,0,0,0,0,566270,0
[E3OURS-CSV] 5,437,3504190,1878130,0,0,0,0,1522790,0
[E3OURS-CSV] 5,438,6715820,3948060,0,0,0,0,2585430,0
[E3OURS-CSV] 5,439,4296140,2571410,0,0,0,0,1600230,0
[E3OURS-CSV] 5,440,3427740,1865880,0,0,0,0,1459280,0
[E3OURS-CSV] 5,441,1123040,681740,0,0,0,0,401010,0
[E3OURS-CSV] 5,442,3322640,1919840,0,0,0,0,1306750,0
[E3OURS-CSV] 5,443,3190200,1723140,0,0,0,0,1378470,0
[E3OURS-CSV] 5,444,3372870,1969890,0,0,0,0,1307120,0
[E3OURS-CSV] 5,445,4062030,2565030,0,0,0,0,1338100,0
[E3OURS-CSV] 5,446,1573540,924590,0,0,0,0,594200,0
[E3OURS-CSV] 5,447,3411010,1826800,0,0,0,0,1476850,0
[E3OURS-CSV] 5,448,3237180,1738550,0,0,0,0,1409910,0
[E3OURS-CSV] 5,449,3538720,1898700,0,0,0,0,1530160,0
[E3OURS-CSV] 5,450,6987840,3976760,0,0,0,0,2834160,0
[E3OURS-CSV] 5,451,1199970,719860,0,0,0,0,427800,0
[E3OURS-CSV] 5,452,5015430,2837830,0,0,0,0,2047180,0
[E3OURS-CSV] 5,453,4176130,2776880,0,0,0,0,1239670,0
[E3OURS-CSV] 5,454,3510990,1912040,0,0,0,0,1495100,0
[E3OURS-CSV] 5,455,3403900,1979380,0,0,0,0,1322700,0
[E3OURS-CSV] 5,456,2893000,1492970,0,0,0,0,1283820,0
[E3OURS-CSV] 5,457,3488040,1884320,0,0,0,0,1488260,0
[E3OURS-CSV] 5,458,3394560,1983650,0,0,0,0,1313590,0
[E3OURS-CSV] 5,459,3376310,1964040,0,0,0,0,1313580,0
[E3OURS-CSV] 5,460,6431070,3783460,0,0,0,0,2476960,0
[E3OURS-CSV] 5,461,623380,349200,0,0,0,0,245390,0
[E3OURS-CSV] 5,462,3463140,1857180,0,0,0,0,1499260,0
[E3OURS-CSV] 5,463,3360970,1940960,0,0,0,0,1320280,0
[E3OURS-CSV] 5,464,3452460,1866550,0,0,0,0,1479660,0
[E3OURS-CSV] 5,465,7019460,3985230,0,0,0,0,2850600,0
[E3OURS-CSV] 5,466,3914770,2418850,0,0,0,0,1346840,0
[E3OURS-CSV] 5,467,7101280,3820470,0,0,0,0,3123330,0
[E3OURS-CSV] 5,468,5988290,3146450,0,0,0,0,2677880,0
[E3OURS-CSV] 5,469,4068610,2583290,0,0,0,0,1338060,0
[E3OURS-CSV] 5,470,5344250,3380270,0,0,0,0,1796680,0
[E3OURS-CSV] 5,471,2494970,1666040,0,0,0,0,719130,0
[E3OURS-CSV] 5,472,3532680,1903870,0,0,0,0,1520020,0
[E3OURS-CSV] 5,473,3459760,1863750,0,0,0,0,1469250,0
[E3OURS-CSV] 5,474,3468940,1872240,0,0,0,0,1483270,0
[E3OURS-CSV] 5,475,3383710,1829710,0,0,0,0,1451760,0
[E3OURS-CSV] 5,476,1146110,674080,0,0,0,0,423970,0
[E3OURS-CSV] 5,477,6637710,3896300,0,0,0,0,2564360,0
[E3OURS-CSV] 5,478,6983080,3883270,0,0,0,0,2925200,0
[E3OURS-CSV] 5,479,3496180,1879490,0,0,0,0,1512380,0
[E3OURS-CSV] 5,480,3414170,1841560,0,0,0,0,1470770,0
[E3OURS-CSV] 5,481,659740,371690,0,0,0,0,256690,0
[E3OURS-CSV] 5,482,4279010,2061090,0,0,0,0,2125980,0
[E3OURS-CSV] 5,483,6179270,4048190,0,0,0,0,1928320,0
[E3OURS-CSV] 5,484,3376360,1951620,0,0,0,0,1325010,0
[E3OURS-CSV] 5,485,3405220,1822780,0,0,0,0,1326570,0
[E3OURS-CSV] 5,486,634800,361090,0,0,0,0,247110,0
[E3OURS-CSV] 5,487,4274970,2690420,0,0,0,0,1424310,0
[E3OURS-CSV] 5,488,3505700,1863580,0,0,0,0,1538220,0
[E3OURS-CSV] 5,489,3982390,2514250,0,0,0,0,1323330,0
[E3OURS-CSV] 5,490,3413970,1814580,0,0,0,0,1499120,0
[E3OURS-CSV] 5,491,3143610,1696890,0,0,0,0,1345170,0
[E3OURS-CSV] 5,492,3562070,1907760,0,0,0,0,1541170,0
[E3OURS-CSV] 5,493,3305900,1901710,0,0,0,0,1307250,0
[E3OURS-CSV] 5,494,3389120,1847990,0,0,0,0,1435970,0
[E3OURS-CSV] 5,495,3233830,1874940,0,0,0,0,1270280,0
[E3OURS-CSV] 5,496,3367700,1798670,0,0,0,0,1464270,0
[E3OURS-CSV] 5,497,3442870,1865380,0,0,0,0,1491350,0
[E3OURS-CSV] 5,498,3405380,1862190,0,0,0,0,1432680,0
[E3OURS-CSV] 5,499,3460340,1885560,0,0,0,0,1463260,0
[E3OURS-SUMMARY] chain_len=5 e2e_avg=3894792 publish_avg=2242236 sched_avg=1520049
