
RTEMS Shell on /dev/console. Use 'help' to list commands.
SHLL [/] # nexus0: <RTEMS Nexus device>
info: lo0: link state changed to UP
=== Exp3inter-NE: Task Chain (n=5) NoExecutor ===
Period: 200ms, Rounds: 500
[E3INE-CSV] chain_len,round,e2e_ns,publish_ns,gc_trigger_ns,invoke_cb_ns,getnext_ns,take_data_ns,sched_ns,dispatch_ns
666666
CPP Msg not nullptr
CPP Msg not nullptr
CPP Msg not nullptr
CPP Msg not nullptr
C Msg not NULL
C Msg not NULL
CPP Srv not nullptr
CPP Srv not nullptr
CPP Srv not nullptr
CPP Srv not nullptr
CPP Srv not nullptr
CPP Srv not nullptr
CPP Msg not nullptr
CPP Msg not nullptr
CPP Msg not nullptr
CPP Msg not nullptr
CPP Msg not nullptr
CPP Msg not nullptr
[33m[WARN] [0567993600.552786569] [rclcpp]: Calling set_on_new_intra_process_message_callback for subscription with IPC disabled[0m
C Msg not NULL
C Msg not NULL
CPP Srv not nullptr
CPP Srv not nullptr
CPP Srv not nullptr
CPP Srv not nullptr
CPP Srv not nullptr
CPP Srv not nullptr
CPP Msg not nullptr
CPP Msg not nullptr
CPP Msg not nullptr
CPP Msg not nullptr
CPP Msg not nullptr
CPP Msg not nullptr
CPP Msg not nullptr
CPP Msg not nullptr
[33m[WARN] [0567993600.783690459] [rclcpp]: Calling set_on_new_intra_process_message_callback for subscription with IPC disabled[0m
[33m[WARN] [0567993600.785221979] [rclcpp]: Calling set_on_new_intra_process_message_callback for subscription with IPC disabled[0m
C Msg not NULL
C Msg not NULL
CPP Srv not nullptr
CPP Srv not nullptr
CPP Srv not nullptr
CPP Srv not nullptr
CPP Srv not nullptr
CPP Srv not nullptr
CPP Msg not nullptr
CPP Msg not nullptr
CPP Msg not nullptr
CPP Msg not nullptr
CPP Msg not nullptr
CPP Msg not nullptr
CPP Msg not nullptr
CPP Msg not nullptr
[33m[WARN] [0567993600.869547079] [rclcpp]: Calling set_on_new_intra_process_message_callback for subscription with IPC disabled[0m
[33m[WARN] [0567993600.869978079] [rclcpp]: Calling set_on_new_intra_process_message_callback for subscription with IPC disabled[0m
C Msg not NULL
C Msg not NULL
CPP Srv not nullptr
CPP Srv not nullptr
CPP Srv not nullptr
CPP Srv not nullptr
CPP Srv not nullptr
CPP Srv not nullptr
CPP Msg not nullptr
CPP Msg not nullptr
CPP Msg not nullptr
CPP Msg not nullptr
CPP Msg not nullptr
CPP Msg not nullptr
CPP Msg not nullptr
CPP Msg not nullptr
[33m[WARN] [0567993600.958699729] [rclcpp]: Calling set_on_new_intra_process_message_callback for subscription with IPC disabled[0m
[33m[WARN] [0567993600.959099119] [rclcpp]: Calling set_on_new_intra_process_message_callback for subscription with IPC disabled[0m
C Msg not NULL
C Msg not NULL
CPP Srv not nullptr
CPP Srv not nullptr
CPP Srv not nullptr
CPP Srv not nullptr
CPP Srv not nullptr
CPP Srv not nullptr
CPP Msg not nullptr
CPP Msg not nullptr
CPP Msg not nullptr
CPP Msg not nullptr
CPP Msg not nullptr
CPP Msg not nullptr
[33m[WARN] [0567993601.048450249] [rclcpp]: Calling set_on_new_intra_process_message_callback for subscription with IPC disabled[0m
[33m[WARN] [0567993601.048815059] [rclcpp]: Calling set_on_new_intra_process_message_callback for subscription with IPC disabled[0m
[E3INE-CSV] 5,0,6759660,2133980,0,0,0,0,6350200,0
[E3INE-CSV] 5,1,14264880,9484050,0,0,0,0,4667500,0
[E3INE-CSV] 5,2,20912910,14515950,0,0,0,0,6222890,0
[E3INE-CSV] 5,3,13632880,9500610,0,0,0,0,4021240,0
[E3INE-CSV] 5,4,14436630,10027890,0,0,0,0,4302420,0
[E3INE-CSV] 5,5,14423820,9731790,0,0,0,0,4431980,0
[E3INE-CSV] 5,6,12096490,7994100,0,0,0,0,4022960,0
[E3INE-CSV] 5,7,15832320,11445100,0,0,0,0,4202800,0
[E3INE-CSV] 5,8,12013710,8941100,0,0,0,0,2927170,0
[E3INE-CSV] 5,9,15885260,10541710,0,0,0,0,5220050,0
[E3INE-CSV] 5,10,16249850,11781710,0,0,0,0,4302390,0
[E3INE-CSV] 5,11,7009740,4468480,0,0,0,0,2482950,0
[E3INE-CSV] 5,12,15523290,11233430,0,0,0,0,4131760,0
[E3INE-CSV] 5,13,17225810,12399650,0,0,0,0,4634510,0
[E3INE-CSV] 5,14,15975740,11623450,0,0,0,0,4197280,0
[E3INE-CSV] 5,15,14888420,10881230,0,0,0,0,3821910,0
[E3INE-CSV] 5,16,6637100,4458350,0,0,0,0,2125740,0
[E3INE-CSV] 5,17,14437500,9741800,0,0,0,0,4586790,0
[E3INE-CSV] 5,18,14616350,9920210,0,0,0,0,4592470,0
[E3INE-CSV] 5,19,15244660,10230700,0,0,0,0,4912880,0
[E3INE-CSV] 5,20,7973200,5932700,0,0,0,0,1923820,0
[E3INE-CSV] 5,21,5854860,4004950,0,0,0,0,1806870,0
[E3INE-CSV] 5,22,16656100,11342000,0,0,0,0,5158630,0
[E3INE-CSV] 5,23,8369820,6402510,0,0,0,0,1863310,0
[E3INE-CSV] 5,24,14415210,10027390,0,0,0,0,4288440,0
[E3INE-CSV] 5,25,14760930,10314580,0,0,0,0,4340700,0
[E3INE-CSV] 5,26,6054270,4053060,0,0,0,0,1949730,0
[E3INE-CSV] 5,27,14806070,10120830,0,0,0,0,4575850,0
[E3INE-CSV] 5,28,15031380,10522380,0,0,0,0,4408460,0
[E3INE-CSV] 5,29,14807060,10243840,0,0,0,0,4461090,0
[E3INE-CSV] 5,30,14668790,10194420,0,0,0,0,4371640,0
[E3INE-CSV] 5,31,9116910,6014140,0,0,0,0,3032980,0
[E3INE-CSV] 5,32,14519300,9851970,0,0,0,0,4554480,0
[E3INE-CSV] 5,33,14515780,10074510,0,0,0,0,4333120,0
[E3INE-CSV] 5,34,14690100,9913190,0,0,0,0,4484400,0
[E3INE-CSV] 5,35,14808370,10161230,0,0,0,0,4532220,0
[E3INE-CSV] 5,36,7815580,5674030,0,0,0,0,2060270,0
[E3INE-CSV] 5,37,14666170,9920610,0,0,0,0,4629150,0
[E3INE-CSV] 5,38,14808840,10267890,0,0,0,0,4421420,0
[E3INE-CSV] 5,39,14461850,10092450,0,0,0,0,4264310,0
[E3INE-CSV] 5,40,14634030,9963510,0,0,0,0,4552430,0
[E3INE-CSV] 5,41,6524810,4678820,0,0,0,0,1775480,0
[E3INE-CSV] 5,42,17508630,11740060,0,0,0,0,5641970,0
[E3INE-CSV] 5,43,14562810,10144400,0,0,0,0,4316630,0
[E3INE-CSV] 5,44,13999890,9663580,0,0,0,0,4203710,0
[E3INE-CSV] 5,45,15631320,11007330,0,0,0,0,4505290,0
[E3INE-CSV] 5,46,7074020,4942810,0,0,0,0,2061970,0
[E3INE-CSV] 5,47,16545390,11301030,0,0,0,0,5133620,0
[E3INE-CSV] 5,48,14748970,9961010,0,0,0,0,4679130,0
[E3INE-CSV] 5,49,14968370,10381800,0,0,0,0,4469990,0
[E3INE-CSV] 5,50,14532140,9781760,0,0,0,0,4636980,0
[E3INE-CSV] 5,51,5952410,4256050,0,0,0,0,1633530,0
[E3INE-CSV] 5,52,16351770,11374490,0,0,0,0,4860000,0
[E3INE-CSV] 5,53,14792590,9968950,0,0,0,0,4505660,0
[E3INE-CSV] 5,54,14606430,10120890,0,0,0,0,4337270,0
[E3INE-CSV] 5,55,14647250,10158480,0,0,0,0,4374480,0
[E3INE-CSV] 5,56,14003200,9615350,0,0,0,0,4295680,0
[E3INE-CSV] 5,57,14304550,9953450,0,0,0,0,4250780,0
[E3INE-CSV] 5,58,16030230,10801360,0,0,0,0,5100370,0
[E3INE-CSV] 5,59,15068880,11147520,0,0,0,0,3769840,0
[E3INE-CSV] 5,60,19187170,13431260,0,0,0,0,5580980,0
[E3INE-CSV] 5,61,7473680,5191730,0,0,0,0,2196640,0
[E3INE-CSV] 5,62,14615290,10044990,0,0,0,0,4439530,0
[E3INE-CSV] 5,63,14751020,10267790,0,0,0,0,4364000,0
[E3INE-CSV] 5,64,14629720,10186070,0,0,0,0,4339630,0
[E3INE-CSV] 5,65,14633080,10013190,0,0,0,0,4515040,0
[E3INE-CSV] 5,66,7183590,5164180,0,0,0,0,1896380,0
[E3INE-CSV] 5,67,19226850,13301000,0,0,0,0,5745220,0
[E3INE-CSV] 5,68,15684660,10328900,0,0,0,0,4873630,0
[E3INE-CSV] 5,69,14718980,10232600,0,0,0,0,4388010,0
[E3INE-CSV] 5,70,8965640,6647470,0,0,0,0,2158100,0
[E3INE-CSV] 5,71,4367170,2741660,0,0,0,0,1591160,0
[E3INE-CSV] 5,72,21545400,14575420,0,0,0,0,6522260,0
[E3INE-CSV] 5,73,14804550,10250980,0,0,0,0,4427560,0
[E3INE-CSV] 5,74,14659140,10220350,0,0,0,0,4318870,0
[E3INE-CSV] 5,75,16279500,11729900,0,0,0,0,4391560,0
[E3INE-CSV] 5,76,5328430,3593940,0,0,0,0,1690460,0
[E3INE-CSV] 5,77,10401420,7250790,0,0,0,0,2961780,0
[E3INE-CSV] 5,78,14740660,10276860,0,0,0,0,4346320,0
[E3INE-CSV] 5,79,14920860,10316480,0,0,0,0,4477800,0
[E3INE-CSV] 5,80,14771140,10250280,0,0,0,0,4400580,0
[E3INE-CSV] 5,81,5248950,3590760,0,0,0,0,1586450,0
[E3INE-CSV] 5,82,15033440,10332490,0,0,0,0,4567230,0
[E3INE-CSV] 5,83,14527460,10057300,0,0,0,0,4344280,0
[E3INE-CSV] 5,84,14681110,9962320,0,0,0,0,4592140,0
[E3INE-CSV] 5,85,13923770,9809540,0,0,0,0,4002890,0
[E3INE-CSV] 5,86,4275070,2991090,0,0,0,0,1240610,0
[E3INE-CSV] 5,87,14299200,9749000,0,0,0,0,4424180,0
[E3INE-CSV] 5,88,14585970,9823440,0,0,0,0,4634030,0
[E3INE-CSV] 5,89,14690070,10215610,0,0,0,0,4367010,0
[E3INE-CSV] 5,90,14634530,9797760,0,0,0,0,4709630,0
[E3INE-CSV] 5,91,10686440,7666180,0,0,0,0,2924850,0
[E3INE-CSV] 5,92,14790470,9916540,0,0,0,0,4762470,0
[E3INE-CSV] 5,93,14514560,10126480,0,0,0,0,4287190,0
[E3INE-CSV] 5,94,14137700,9542520,0,0,0,0,4468250,0
[E3INE-CSV] 5,95,9426230,6652150,0,0,0,0,2582980,0
[E3INE-CSV] 5,96,12672830,8939720,0,0,0,0,3588190,0
[E3INE-CSV] 5,97,7589190,5399540,0,0,0,0,2083160,0
[E3INE-CSV] 5,98,11752060,8703950,0,0,0,0,2909260,0
[E3INE-CSV] 5,99,16145350,10851080,0,0,0,0,5194400,0
[E3INE-CSV] 5,100,15604120,10915980,0,0,0,0,4402610,0
[E3INE-CSV] 5,101,3213760,2258760,0,0,0,0,889780,0
[E3INE-CSV] 5,102,15773200,10708540,0,0,0,0,4941830,0
[E3INE-CSV] 5,103,14578220,10094060,0,0,0,0,4384220,0
[E3INE-CSV] 5,104,15598000,11022700,0,0,0,0,4475700,0
[E3INE-CSV] 5,105,14814510,10770550,0,0,0,0,3925310,0
[E3INE-CSV] 5,106,12463690,8506440,0,0,0,0,3844460,0
[E3INE-CSV] 5,107,14917510,10111400,0,0,0,0,4697950,0
[E3INE-CSV] 5,108,14744280,10242340,0,0,0,0,4400390,0
[E3INE-CSV] 5,109,13438900,9492310,0,0,0,0,3842480,0
[E3INE-CSV] 5,110,14716810,10235700,0,0,0,0,4375270,0
[E3INE-CSV] 5,111,10223870,6940010,0,0,0,0,3192840,0
[E3INE-CSV] 5,112,14964940,10355380,0,0,0,0,4499060,0
[E3INE-CSV] 5,113,14753050,10143010,0,0,0,0,4341220,0
[E3INE-CSV] 5,114,13887620,9625620,0,0,0,0,4154440,0
[E3INE-CSV] 5,115,14708240,9934890,0,0,0,0,4666670,0
[E3INE-CSV] 5,116,14052720,9644820,0,0,0,0,4286680,0
[E3INE-CSV] 5,117,10666380,7865950,0,0,0,0,2647060,0
[E3INE-CSV] 5,118,15650010,10156480,0,0,0,0,5388800,0
[E3INE-CSV] 5,119,13431780,9492790,0,0,0,0,3839750,0
[E3INE-CSV] 5,120,14816370,9943300,0,0,0,0,4594390,0
[E3INE-CSV] 5,121,14476710,10078810,0,0,0,0,4293330,0
[E3INE-CSV] 5,122,14877750,10327870,0,0,0,0,4442910,0
[E3INE-CSV] 5,123,13991920,9587270,0,0,0,0,4173160,0
[E3INE-CSV] 5,124,14658550,10167380,0,0,0,0,4217710,0
[E3INE-CSV] 5,125,14852440,10045420,0,0,0,0,4702150,0
[E3INE-CSV] 5,126,12566720,8721640,0,0,0,0,3743900,0
[E3INE-CSV] 5,127,15498430,10181050,0,0,0,0,5177460,0
[E3INE-CSV] 5,128,14647060,10006260,0,0,0,0,4530170,0
[E3INE-CSV] 5,129,11066190,7716950,0,0,0,0,3257660,0
[E3INE-CSV] 5,130,14138720,9608540,0,0,0,0,4270110,0
[E3INE-CSV] 5,131,13682370,9526450,0,0,0,0,4055510,0
[E3INE-CSV] 5,132,15871780,10525300,0,0,0,0,5239670,0
[E3INE-CSV] 5,133,12716330,8769540,0,0,0,0,3845570,0
[E3INE-CSV] 5,134,14587210,10166210,0,0,0,0,4322600,0
[E3INE-CSV] 5,135,14381290,9721680,0,0,0,0,4552900,0
[E3INE-CSV] 5,136,12949620,9504080,0,0,0,0,3335060,0
[E3INE-CSV] 5,137,17025230,11526820,0,0,0,0,5384610,0
[E3INE-CSV] 5,138,13989310,9546760,0,0,0,0,4338110,0
[E3INE-CSV] 5,139,14079750,9556800,0,0,0,0,4416910,0
[E3INE-CSV] 5,140,14622510,9848310,0,0,0,0,4667720,0
[E3INE-CSV] 5,141,13605870,9328220,0,0,0,0,4174830,0
[E3INE-CSV] 5,142,16604420,10667610,0,0,0,0,5825070,0
[E3INE-CSV] 5,143,12545420,8442160,0,0,0,0,4005750,0
[E3INE-CSV] 5,144,12132070,8263790,0,0,0,0,3774120,0
[E3INE-CSV] 5,145,14635240,10059920,0,0,0,0,4469530,0
[E3INE-CSV] 5,146,14816770,10350090,0,0,0,0,4363730,0
[E3INE-CSV] 5,147,14656040,9902310,0,0,0,0,4645340,0
[E3INE-CSV] 5,148,12703140,8647280,0,0,0,0,3955850,0
[E3INE-CSV] 5,149,14690190,10199720,0,0,0,0,4389710,0
[E3INE-CSV] 5,150,14739000,10101050,0,0,0,0,4522840,0
[E3INE-CSV] 5,151,14369940,9834600,0,0,0,0,4432890,0
[E3INE-CSV] 5,152,12905910,9084270,0,0,0,0,3679380,0
[E3INE-CSV] 5,153,15068450,10525160,0,0,0,0,4440320,0
[E3INE-CSV] 5,154,14854200,9841420,0,0,0,0,4905830,0
[E3INE-CSV] 5,155,14895580,10056990,0,0,0,0,4714450,0
[E3INE-CSV] 5,156,15006140,10244200,0,0,0,0,4481420,0
[E3INE-CSV] 5,157,16384410,11505330,0,0,0,0,4767300,0
[E3INE-CSV] 5,158,8186180,6127060,0,0,0,0,1976930,0
[E3INE-CSV] 5,159,14757040,10286820,0,0,0,0,4371200,0
[E3INE-CSV] 5,160,14806780,10003100,0,0,0,0,4695440,0
[E3INE-CSV] 5,161,13816080,9332870,0,0,0,0,4372170,0
[E3INE-CSV] 5,162,15379840,10886130,0,0,0,0,4339840,0
[E3INE-CSV] 5,163,13978430,9515930,0,0,0,0,4352250,0
[E3INE-CSV] 5,164,14670440,10766530,0,0,0,0,3773520,0
[E3INE-CSV] 5,165,7883250,5714800,0,0,0,0,2075040,0
[E3INE-CSV] 5,166,8584250,6590700,0,0,0,0,1905040,0
[E3INE-CSV] 5,167,7349750,5130940,0,0,0,0,2130300,0
[E3INE-CSV] 5,168,14952690,9945730,0,0,0,0,4899240,0
[E3INE-CSV] 5,169,14672010,10174740,0,0,0,0,4392590,0
[E3INE-CSV] 5,170,14695300,9904010,0,0,0,0,4679890,0
[E3INE-CSV] 5,171,13410160,10043600,0,0,0,0,3218890,0
[E3INE-CSV] 5,172,13674720,9493210,0,0,0,0,4080820,0
[E3INE-CSV] 5,173,9785790,6427820,0,0,0,0,3261260,0
[E3INE-CSV] 5,174,15984160,10970720,0,0,0,0,4912240,0
[E3INE-CSV] 5,175,15011950,10240520,0,0,0,0,4468180,0
[E3INE-CSV] 5,176,14651290,10070250,0,0,0,0,4477040,0
[E3INE-CSV] 5,177,14873670,10252420,0,0,0,0,4503620,0
[E3INE-CSV] 5,178,20028630,14618150,0,0,0,0,5247170,0
[E3INE-CSV] 5,179,14545140,10209490,0,0,0,0,4234110,0
[E3INE-CSV] 5,180,16904300,11432560,0,0,0,0,5298320,0
[E3INE-CSV] 5,181,14761530,10277910,0,0,0,0,4381900,0
[E3INE-CSV] 5,182,14598300,10060350,0,0,0,0,4430880,0
[E3INE-CSV] 5,183,14622990,9837400,0,0,0,0,4673470,0
[E3INE-CSV] 5,184,14255760,10002090,0,0,0,0,4148950,0
[E3INE-CSV] 5,185,13758030,9230480,0,0,0,0,4422990,0
[E3INE-CSV] 5,186,8208170,6029630,0,0,0,0,2103120,0
[E3INE-CSV] 5,187,14992320,10584660,0,0,0,0,4289630,0
[E3INE-CSV] 5,188,14803030,10378350,0,0,0,0,4319870,0
[E3INE-CSV] 5,189,12562430,9002500,0,0,0,0,3460640,0
[E3INE-CSV] 5,190,9009700,5780880,0,0,0,0,3138250,0
[E3INE-CSV] 5,191,14772680,9996670,0,0,0,0,4664780,0
[E3INE-CSV] 5,192,10518070,7462690,0,0,0,0,2952250,0
[E3INE-CSV] 5,193,14716380,10144330,0,0,0,0,4466490,0
[E3INE-CSV] 5,194,14665050,10235370,0,0,0,0,4326040,0
[E3INE-CSV] 5,195,11798030,8657620,0,0,0,0,3045860,0
[E3INE-CSV] 5,196,7797340,5024920,0,0,0,0,2717720,0
[E3INE-CSV] 5,197,15002250,10263560,0,0,0,0,4630310,0
[E3INE-CSV] 5,198,14586320,10022610,0,0,0,0,4459500,0
[E3INE-CSV] 5,199,14631570,10265450,0,0,0,0,4263830,0
[E3INE-CSV] 5,200,14687570,10257730,0,0,0,0,4326520,0
[E3INE-CSV] 5,201,14411020,10002610,0,0,0,0,4310900,0
[E3INE-CSV] 5,202,16573380,11220910,0,0,0,0,5241090,0
[E3INE-CSV] 5,203,15007300,10307570,0,0,0,0,4587970,0
[E3INE-CSV] 5,204,15246320,10788430,0,0,0,0,4174750,0
[E3INE-CSV] 5,205,14577410,10325090,0,0,0,0,4132360,0
[E3INE-CSV] 5,206,14884730,9871430,0,0,0,0,4901090,0
[E3INE-CSV] 5,207,14574050,9946930,0,0,0,0,4519450,0
[E3INE-CSV] 5,208,14868950,10287800,0,0,0,0,4471660,0
[E3INE-CSV] 5,209,14871780,10390120,0,0,0,0,4378290,0
[E3INE-CSV] 5,210,14625030,10027330,0,0,0,0,4494220,0
[E3INE-CSV] 5,211,14762910,10232540,0,0,0,0,4428170,0
[E3INE-CSV] 5,212,14645730,9797400,0,0,0,0,4741010,0
[E3INE-CSV] 5,213,14528670,9894230,0,0,0,0,4523630,0
[E3INE-CSV] 5,214,14817870,10325540,0,0,0,0,4391730,0
[E3INE-CSV] 5,215,13990610,9670270,0,0,0,0,4213150,0
[E3INE-CSV] 5,216,13042990,9542680,0,0,0,0,3405650,0
[E3INE-CSV] 5,217,14216740,9778160,0,0,0,0,4325390,0
[E3INE-CSV] 5,218,15228090,10570320,0,0,0,0,4550630,0
[E3INE-CSV] 5,219,14852580,10369110,0,0,0,0,4382790,0
[E3INE-CSV] 5,220,16892460,11475980,0,0,0,0,5264520,0
[E3INE-CSV] 5,221,14969630,10291060,0,0,0,0,4575270,0
[E3INE-CSV] 5,222,15129650,10263260,0,0,0,0,4757420,0
[E3INE-CSV] 5,223,14577550,9984090,0,0,0,0,4484760,0
[E3INE-CSV] 5,224,14733660,9951410,0,0,0,0,4680860,0
[E3INE-CSV] 5,225,14829170,10186340,0,0,0,0,4345960,0
[E3INE-CSV] 5,226,14801940,10028480,0,0,0,0,4481120,0
[E3INE-CSV] 5,227,14849970,10235650,0,0,0,0,4506650,0
[E3INE-CSV] 5,228,14590330,10024670,0,0,0,0,4460090,0
[E3INE-CSV] 5,229,15940850,11035060,0,0,0,0,4533800,0
[E3INE-CSV] 5,230,17050380,11648670,0,0,0,0,5291530,0
[E3INE-CSV] 5,231,14566570,10050340,0,0,0,0,4413170,0
[E3INE-CSV] 5,232,15241180,10162970,0,0,0,0,4967620,0
[E3INE-CSV] 5,233,14962480,10211860,0,0,0,0,4638690,0
[E3INE-CSV] 5,234,14689040,10201980,0,0,0,0,4383180,0
[E3INE-CSV] 5,235,14615320,10082930,0,0,0,0,4242760,0
[E3INE-CSV] 5,236,14424000,9907790,0,0,0,0,4414290,0
[E3INE-CSV] 5,237,14901240,10033580,0,0,0,0,4761570,0
[E3INE-CSV] 5,238,14716540,10098500,0,0,0,0,4518560,0
[E3INE-CSV] 5,239,14682670,10240240,0,0,0,0,4338900,0
[E3INE-CSV] 5,240,14467730,9963050,0,0,0,0,4218380,0
[E3INE-CSV] 5,241,15007510,10414750,0,0,0,0,4489310,0
[E3INE-CSV] 5,242,13786610,9324980,0,0,0,0,4358800,0
[E3INE-CSV] 5,243,13136070,9145750,0,0,0,0,3881880,0
[E3INE-CSV] 5,244,14876760,10092130,0,0,0,0,4682100,0
[E3INE-CSV] 5,245,14459060,9440170,0,0,0,0,4758990,0
[E3INE-CSV] 5,246,14571830,10188120,0,0,0,0,4284820,0
[E3INE-CSV] 5,247,14098780,9575860,0,0,0,0,4411980,0
[E3INE-CSV] 5,248,14709710,10326620,0,0,0,0,4281600,0
[E3INE-CSV] 5,249,14556910,10154870,0,0,0,0,4299910,0
[E3INE-CSV] 5,250,14716360,9973930,0,0,0,0,4455110,0
[E3INE-CSV] 5,251,15057830,10626580,0,0,0,0,4331340,0
[E3INE-CSV] 5,252,16639550,11462070,0,0,0,0,5066040,0
[E3INE-CSV] 5,253,16651760,10954390,0,0,0,0,5590600,0
[E3INE-CSV] 5,254,14580960,10107030,0,0,0,0,4374900,0
[E3INE-CSV] 5,255,14673160,10273440,0,0,0,0,4298490,0
[E3INE-CSV] 5,256,14505970,10121240,0,0,0,0,4284180,0
[E3INE-CSV] 5,257,14830050,10213120,0,0,0,0,4505210,0
[E3INE-CSV] 5,258,14706470,10254490,0,0,0,0,4349040,0
[E3INE-CSV] 5,259,14462990,9967060,0,0,0,0,4394680,0
[E3INE-CSV] 5,260,14627780,10045670,0,0,0,0,4470790,0
[E3INE-CSV] 5,261,16522770,11190440,0,0,0,0,5228110,0
[E3INE-CSV] 5,262,14825940,10380080,0,0,0,0,4338450,0
[E3INE-CSV] 5,263,14057720,9909680,0,0,0,0,4041070,0
[E3INE-CSV] 5,264,14636980,10180750,0,0,0,0,4354710,0
[E3INE-CSV] 5,265,14733950,10245380,0,0,0,0,4387930,0
[E3INE-CSV] 5,266,13676020,9364960,0,0,0,0,4201630,0
[E3INE-CSV] 5,267,17143010,12021160,0,0,0,0,5009340,0
[E3INE-CSV] 5,268,14364360,9687940,0,0,0,0,4373050,0
[E3INE-CSV] 5,269,14557650,10189050,0,0,0,0,4252780,0
[E3INE-CSV] 5,270,14697700,10107620,0,0,0,0,4469400,0
[E3INE-CSV] 5,271,14528200,10187270,0,0,0,0,4243990,0
[E3INE-CSV] 5,272,14772740,9951560,0,0,0,0,4696880,0
[E3INE-CSV] 5,273,13827770,9219100,0,0,0,0,4333900,0
[E3INE-CSV] 5,274,14413610,10051240,0,0,0,0,4245880,0
[E3INE-CSV] 5,275,14898400,10482480,0,0,0,0,4312850,0
[E3INE-CSV] 5,276,14708810,10282990,0,0,0,0,4325830,0
[E3INE-CSV] 5,277,9164030,6854010,0,0,0,0,2220950,0
[E3INE-CSV] 5,278,14847430,10394180,0,0,0,0,4355980,0
[E3INE-CSV] 5,279,14788590,10220520,0,0,0,0,4466350,0
[E3INE-CSV] 5,280,16321460,11233160,0,0,0,0,4979360,0
[E3INE-CSV] 5,281,14629760,10071640,0,0,0,0,4463270,0
[E3INE-CSV] 5,282,14996910,9997690,0,0,0,0,4893020,0
[E3INE-CSV] 5,283,14877120,10338940,0,0,0,0,4439960,0
[E3INE-CSV] 5,284,13753450,9522630,0,0,0,0,4125770,0
[E3INE-CSV] 5,285,14884080,10225250,0,0,0,0,4555390,0
[E3INE-CSV] 5,286,14788580,10187050,0,0,0,0,4497390,0
[E3INE-CSV] 5,287,3218720,2091110,0,0,0,0,1095820,0
[E3INE-CSV] 5,288,14757340,10312950,0,0,0,0,4332240,0
[E3INE-CSV] 5,289,8428710,6260060,0,0,0,0,1899580,0
[E3INE-CSV] 5,290,12317590,8792110,0,0,0,0,3428570,0
[E3INE-CSV] 5,291,14622410,10293210,0,0,0,0,4231900,0
[E3INE-CSV] 5,292,14871410,10557430,0,0,0,0,4204540,0
[E3INE-CSV] 5,293,14700440,10194150,0,0,0,0,4404790,0
[E3INE-CSV] 5,294,14666350,9864580,0,0,0,0,4698000,0
[E3INE-CSV] 5,295,14776620,9979670,0,0,0,0,4319130,0
[E3INE-CSV] 5,296,5147910,4167360,0,0,0,0,905980,0
[E3INE-CSV] 5,297,14895070,10193850,0,0,0,0,4589500,0
[E3INE-CSV] 5,298,13967400,9656600,0,0,0,0,4208620,0
[E3INE-CSV] 5,299,14619040,10232690,0,0,0,0,4283210,0
[E3INE-CSV] 5,300,14719020,10127610,0,0,0,0,4325420,0
[E3INE-CSV] 5,301,14040750,9786200,0,0,0,0,4150160,0
[E3INE-CSV] 5,302,14660090,9894830,0,0,0,0,4655560,0
[E3INE-CSV] 5,303,14807570,9989890,0,0,0,0,4703370,0
[E3INE-CSV] 5,304,14768500,10335380,0,0,0,0,4327440,0
[E3INE-CSV] 5,305,16925930,11558420,0,0,0,0,5261850,0
[E3INE-CSV] 5,306,14697810,10269610,0,0,0,0,4327880,0
[E3INE-CSV] 5,307,14853560,10347060,0,0,0,0,4385810,0
[E3INE-CSV] 5,308,14819590,10343970,0,0,0,0,4371940,0
[E3INE-CSV] 5,309,14491570,10060700,0,0,0,0,4332250,0
[E3INE-CSV] 5,310,15019060,10105500,0,0,0,0,4802730,0
[E3INE-CSV] 5,311,13687190,9688840,0,0,0,0,3907090,0
[E3INE-CSV] 5,312,14929210,10180820,0,0,0,0,4640580,0
[E3INE-CSV] 5,313,14673920,9911030,0,0,0,0,4658500,0
[E3INE-CSV] 5,314,14130680,9970300,0,0,0,0,4062520,0
[E3INE-CSV] 5,315,14750030,9948960,0,0,0,0,4686520,0
[E3INE-CSV] 5,316,13674560,9645220,0,0,0,0,3928150,0
[E3INE-CSV] 5,317,14747750,9907690,0,0,0,0,4730450,0
[E3INE-CSV] 5,318,14507520,9980760,0,0,0,0,4421780,0
[E3INE-CSV] 5,319,13682860,9854480,0,0,0,0,3728420,0
[E3INE-CSV] 5,320,14773860,10140120,0,0,0,0,4356870,0
[E3INE-CSV] 5,321,14744420,10212300,0,0,0,0,4437650,0
[E3INE-CSV] 5,322,16698960,11026830,0,0,0,0,5560150,0
[E3INE-CSV] 5,323,14627740,10264740,0,0,0,0,4266160,0
[E3INE-CSV] 5,324,15863990,10675430,0,0,0,0,5083140,0
[E3INE-CSV] 5,325,14599390,10132230,0,0,0,0,4368550,0
[E3INE-CSV] 5,326,14380660,9781790,0,0,0,0,4488550,0
[E3INE-CSV] 5,327,16550870,11097490,0,0,0,0,5344280,0
[E3INE-CSV] 5,328,14846660,10299620,0,0,0,0,4446870,0
[E3INE-CSV] 5,329,14652880,10102630,0,0,0,0,4448710,0
[E3INE-CSV] 5,330,14907050,10102540,0,0,0,0,4700020,0
[E3INE-CSV] 5,331,14786860,10405200,0,0,0,0,4274750,0
[E3INE-CSV] 5,332,17408740,11493960,0,0,0,0,5800660,0
[E3INE-CSV] 5,333,14793110,10350020,0,0,0,0,4342880,0
[E3INE-CSV] 5,334,14076720,9933370,0,0,0,0,4047540,0
[E3INE-CSV] 5,335,14791900,10083430,0,0,0,0,4437720,0
[E3INE-CSV] 5,336,17040010,11672660,0,0,0,0,5260600,0
[E3INE-CSV] 5,337,14872440,9990880,0,0,0,0,4617400,0
[E3INE-CSV] 5,338,14670280,9874650,0,0,0,0,4677080,0
[E3INE-CSV] 5,339,16165270,10980640,0,0,0,0,5080620,0
[E3INE-CSV] 5,340,14065870,9910330,0,0,0,0,4051650,0
[E3INE-CSV] 5,341,13545360,9430260,0,0,0,0,4018950,0
[E3INE-CSV] 5,342,14843780,10125910,0,0,0,0,4610340,0
[E3INE-CSV] 5,343,14623840,10217050,0,0,0,0,4305990,0
[E3INE-CSV] 5,344,14509470,10049540,0,0,0,0,4356240,0
[E3INE-CSV] 5,345,13797720,9463840,0,0,0,0,4231120,0
[E3INE-CSV] 5,346,15357150,9951980,0,0,0,0,5307520,0
[E3INE-CSV] 5,347,13681640,9204950,0,0,0,0,4374650,0
[E3INE-CSV] 5,348,14364430,10044740,0,0,0,0,4218820,0
[E3INE-CSV] 5,349,14632320,10037070,0,0,0,0,4491300,0
[E3INE-CSV] 5,350,14447950,9737720,0,0,0,0,4598130,0
[E3INE-CSV] 5,351,14747590,9907030,0,0,0,0,4733270,0
[E3INE-CSV] 5,352,14941430,9973520,0,0,0,0,4858180,0
[E3INE-CSV] 5,353,14839590,9843400,0,0,0,0,4892310,0
[E3INE-CSV] 5,354,14745460,10009320,0,0,0,0,4630250,0
[E3INE-CSV] 5,355,14880160,10479560,0,0,0,0,4278150,0
[E3INE-CSV] 5,356,15601660,10686530,0,0,0,0,4802290,0
[E3INE-CSV] 5,357,14000980,9532850,0,0,0,0,4352240,0
[E3INE-CSV] 5,358,13922730,9562030,0,0,0,0,4260250,0
[E3INE-CSV] 5,359,14102810,9676390,0,0,0,0,4326760,0
[E3INE-CSV] 5,360,14689660,10198690,0,0,0,0,4387360,0
[E3INE-CSV] 5,361,14562560,9841760,0,0,0,0,4617400,0
[E3INE-CSV] 5,362,14618850,10135630,0,0,0,0,4374750,0
[E3INE-CSV] 5,363,13856210,9446260,0,0,0,0,4305880,0
[E3INE-CSV] 5,364,15423340,10603730,0,0,0,0,4707770,0
[E3INE-CSV] 5,365,14668340,9876550,0,0,0,0,4682010,0
[E3INE-CSV] 5,366,14493590,9791280,0,0,0,0,4594120,0
[E3INE-CSV] 5,367,14414610,10028000,0,0,0,0,4278820,0
[E3INE-CSV] 5,368,14542800,10086030,0,0,0,0,4356660,0
[E3INE-CSV] 5,369,15793780,11179950,0,0,0,0,4505830,0
[E3INE-CSV] 5,370,17046800,11115540,0,0,0,0,5821360,0
[E3INE-CSV] 5,371,16152260,10640950,0,0,0,0,5407260,0
[E3INE-CSV] 5,372,14711560,10186980,0,0,0,0,4407380,0
[E3INE-CSV] 5,373,12630050,9233440,0,0,0,0,3253600,0
[E3INE-CSV] 5,374,15228950,10132410,0,0,0,0,4975890,0
[E3INE-CSV] 5,375,14533800,9941090,0,0,0,0,4489120,0
[E3INE-CSV] 5,376,14750400,10266490,0,0,0,0,4381100,0
[E3INE-CSV] 5,377,14755150,9977590,0,0,0,0,4670800,0
[E3INE-CSV] 5,378,14477150,9733880,0,0,0,0,4639880,0
[E3INE-CSV] 5,379,14905710,10504370,0,0,0,0,4302820,0
[E3INE-CSV] 5,380,14054530,9497750,0,0,0,0,4444200,0
[E3INE-CSV] 5,381,14560790,10095680,0,0,0,0,4357120,0
[E3INE-CSV] 5,382,14634180,9835490,0,0,0,0,4690570,0
[E3INE-CSV] 5,383,14586820,10036860,0,0,0,0,4443260,0
[E3INE-CSV] 5,384,14570550,9960520,0,0,0,0,4501600,0
[E3INE-CSV] 5,385,13804830,9235170,0,0,0,0,4466740,0
[E3INE-CSV] 5,386,14565850,10218480,0,0,0,0,4245640,0
[E3INE-CSV] 5,387,14494840,9797860,0,0,0,0,4589020,0
[E3INE-CSV] 5,388,14402560,9930570,0,0,0,0,4366150,0
[E3INE-CSV] 5,389,14506160,10139500,0,0,0,0,4266370,0
[E3INE-CSV] 5,390,13441940,9878240,0,0,0,0,3417530,0
[E3INE-CSV] 5,391,10702860,8425520,0,0,0,0,2149970,0
[E3INE-CSV] 5,392,14753110,10322950,0,0,0,0,4311590,0
[E3INE-CSV] 5,393,14513060,9937160,0,0,0,0,4471180,0
[E3INE-CSV] 5,394,14558660,10232740,0,0,0,0,4227940,0
[E3INE-CSV] 5,395,15494580,10682750,0,0,0,0,4708180,0
[E3INE-CSV] 5,396,12955730,9041600,0,0,0,0,3633420,0
[E3INE-CSV] 5,397,13399200,9414500,0,0,0,0,3870780,0
[E3INE-CSV] 5,398,14585680,9879150,0,0,0,0,4601010,0
[E3INE-CSV] 5,399,14461130,9783170,0,0,0,0,4573080,0
[E3INE-CSV] 5,400,4277640,3256010,0,0,0,0,950970,0
[E3INE-CSV] 5,401,14775540,9715110,0,0,0,0,4950940,0
[E3INE-CSV] 5,402,14984770,10472320,0,0,0,0,4401320,0
[E3INE-CSV] 5,403,11888920,8254660,0,0,0,0,3493880,0
[E3INE-CSV] 5,404,14173720,9899980,0,0,0,0,4175550,0
[E3INE-CSV] 5,405,14180390,9773640,0,0,0,0,4304200,0
[E3INE-CSV] 5,406,14558840,10137410,0,0,0,0,4314120,0
[E3INE-CSV] 5,407,14609910,9881240,0,0,0,0,4617070,0
[E3INE-CSV] 5,408,14399050,9985080,0,0,0,0,4303840,0
[E3INE-CSV] 5,409,14117930,9797500,0,0,0,0,4039010,0
[E3INE-CSV] 5,410,15625900,10512970,0,0,0,0,5008170,0
[E3INE-CSV] 5,411,14689700,10269540,0,0,0,0,4318120,0
[E3INE-CSV] 5,412,14640250,9927970,0,0,0,0,4604870,0
[E3INE-CSV] 5,413,15430530,11058140,0,0,0,0,4268860,0
[E3INE-CSV] 5,414,14520980,10212010,0,0,0,0,4210300,0
[E3INE-CSV] 5,415,14172390,10013860,0,0,0,0,4053690,0
[E3INE-CSV] 5,416,14256200,10005860,0,0,0,0,4151340,0
[E3INE-CSV] 5,417,14536260,9870550,0,0,0,0,4556240,0
[E3INE-CSV] 5,418,14569330,10037300,0,0,0,0,4427770,0
[E3INE-CSV] 5,419,14428980,10073000,0,0,0,0,4260490,0
[E3INE-CSV] 5,420,14573530,10195940,0,0,0,0,4275900,0
[E3INE-CSV] 5,421,14215310,10053050,0,0,0,0,4062010,0
[E3INE-CSV] 5,422,14873250,10189970,0,0,0,0,4571000,0
[E3INE-CSV] 5,423,16563640,11541090,0,0,0,0,4912570,0
[E3INE-CSV] 5,424,14706720,10198330,0,0,0,0,4400610,0
[E3INE-CSV] 5,425,14399710,9892630,0,0,0,0,4402300,0
[E3INE-CSV] 5,426,14627770,10248530,0,0,0,0,4274530,0
[E3INE-CSV] 5,427,14498680,9942700,0,0,0,0,4446910,0
[E3INE-CSV] 5,428,14679830,9884800,0,0,0,0,4497040,0
[E3INE-CSV] 5,429,14638900,10230830,0,0,0,0,4309620,0
[E3INE-CSV] 5,430,15115640,10382770,0,0,0,0,4624350,0
[E3INE-CSV] 5,431,14706160,10161290,0,0,0,0,4440520,0
[E3INE-CSV] 5,432,14835080,10139130,0,0,0,0,4583770,0
[E3INE-CSV] 5,433,14718490,10013270,0,0,0,0,4430680,0
[E3INE-CSV] 5,434,14845580,10221760,0,0,0,0,4519480,0
[E3INE-CSV] 5,435,15527720,10375450,0,0,0,0,5048790,0
[E3INE-CSV] 5,436,14344140,9618210,0,0,0,0,4624420,0
[E3INE-CSV] 5,437,14520020,10220880,0,0,0,0,4170320,0
[E3INE-CSV] 5,438,14743320,10451010,0,0,0,0,4188150,0
[E3INE-CSV] 5,439,15008310,10118740,0,0,0,0,4782190,0
[E3INE-CSV] 5,440,14622940,9957120,0,0,0,0,4553070,0
[E3INE-CSV] 5,441,14523950,10091020,0,0,0,0,4324500,0
[E3INE-CSV] 5,442,14794740,10051250,0,0,0,0,4634670,0
[E3INE-CSV] 5,443,14860220,10136220,0,0,0,0,4453520,0
[E3INE-CSV] 5,444,16969860,11230290,0,0,0,0,5629630,0
[E3INE-CSV] 5,445,14717430,9930470,0,0,0,0,4675920,0
[E3INE-CSV] 5,446,14655490,10031100,0,0,0,0,4344340,0
[E3INE-CSV] 5,447,14690010,9928060,0,0,0,0,4647980,0
[E3INE-CSV] 5,448,14715290,10233440,0,0,0,0,4375430,0
[E3INE-CSV] 5,449,14768770,10279170,0,0,0,0,4381770,0
[E3INE-CSV] 5,450,14769620,9869410,0,0,0,0,4632760,0
[E3INE-CSV] 5,451,13092490,9725840,0,0,0,0,3214230,0
[E3INE-CSV] 5,452,17235470,12007520,0,0,0,0,5099040,0
[E3INE-CSV] 5,453,14784270,10187960,0,0,0,0,4493490,0
[E3INE-CSV] 5,454,7398870,5412710,0,0,0,0,1894080,0
[E3INE-CSV] 5,455,14206160,9986440,0,0,0,0,4116600,0
[E3INE-CSV] 5,456,14464440,10068390,0,0,0,0,4295160,0
[E3INE-CSV] 5,457,16528420,11118180,0,0,0,0,5296440,0
[E3INE-CSV] 5,458,14599240,10152680,0,0,0,0,4342210,0
[E3INE-CSV] 5,459,14198760,10037250,0,0,0,0,4047810,0
[E3INE-CSV] 5,460,14612450,10207060,0,0,0,0,4306040,0
[E3INE-CSV] 5,461,14508220,10112020,0,0,0,0,4296930,0
[E3INE-CSV] 5,462,16997970,12361410,0,0,0,0,4479210,0
[E3INE-CSV] 5,463,14371460,9985950,0,0,0,0,4284440,0
[E3INE-CSV] 5,464,13786860,9138780,0,0,0,0,4408170,0
[E3INE-CSV] 5,465,16597340,11065120,0,0,0,0,5376050,0
[E3INE-CSV] 5,466,15072270,10861010,0,0,0,0,4101800,0
[E3INE-CSV] 5,467,14733310,9998830,0,0,0,0,4627530,0
[E3INE-CSV] 5,468,13694500,9488170,0,0,0,0,4102550,0
[E3INE-CSV] 5,469,14222470,9993850,0,0,0,0,4131590,0
[E3INE-CSV] 5,470,16280980,11065540,0,0,0,0,4992390,0
[E3INE-CSV] 5,471,16172220,10748540,0,0,0,0,5314820,0
[E3INE-CSV] 5,472,14538380,9915880,0,0,0,0,4513630,0
[E3INE-CSV] 5,473,14686150,10273380,0,0,0,0,4310180,0
[E3INE-CSV] 5,474,13932270,9668650,0,0,0,0,4161360,0
[E3INE-CSV] 5,475,14758760,10115700,0,0,0,0,4535600,0
[E3INE-CSV] 5,476,14658820,10049670,0,0,0,0,4504120,0
[E3INE-CSV] 5,477,16897560,11758370,0,0,0,0,5019920,0
[E3INE-CSV] 5,478,14636360,10132500,0,0,0,0,4390490,0
[E3INE-CSV] 5,479,14890690,10271200,0,0,0,0,4517510,0
[E3INE-CSV] 5,480,8080320,6150660,0,0,0,0,1843370,0
[E3INE-CSV] 5,481,14751020,9730250,0,0,0,0,4668150,0
[E3INE-CSV] 5,482,14454270,9883470,0,0,0,0,4453970,0
[E3INE-CSV] 5,483,16878120,11547130,0,0,0,0,5138700,0
[E3INE-CSV] 5,484,14013170,9664870,0,0,0,0,4239710,0
[E3INE-CSV] 5,485,14687880,10250850,0,0,0,0,4314620,0
[E3INE-CSV] 5,486,15951300,11068930,0,0,0,0,4760070,0
[E3INE-CSV] 5,487,14299950,9830780,0,0,0,0,4359050,0
[E3INE-CSV] 5,488,15550140,10465100,0,0,0,0,4976070,0
[E3INE-CSV] 5,489,14641680,10057260,0,0,0,0,4474530,0
[E3INE-CSV] 5,490,16086770,11687480,0,0,0,0,4221040,0
[E3INE-CSV] 5,491,14542060,9844000,0,0,0,0,4594540,0
[E3INE-CSV] 5,492,13429670,9284580,0,0,0,0,3993260,0
[E3INE-CSV] 5,493,10502710,7687370,0,0,0,0,2668840,0
[E3INE-CSV] 5,494,14223040,9962940,0,0,0,0,4162790,0
[E3INE-CSV] 5,495,14746630,10254520,0,0,0,0,4386550,0
[E3INE-CSV] 5,496,14792830,10148660,0,0,0,0,4529970,0
[E3INE-CSV] 5,497,7757740,5586350,0,0,0,0,1914800,0
[E3INE-CSV] 5,498,14385220,10037210,0,0,0,0,4243350,0
[E3INE-CSV] 5,499,14533460,10043490,0,0,0,0,4388960,0
[E3INE-SUMMARY] chain_len=5 e2e_avg=14125328 publish_avg=9744954 sched_avg=4260056

*** FATAL ***
fatal source: 0 (INTERNAL_ERROR_CORE)
fatal code: 5 (INTERNAL_ERROR_THREAD_EXITTED)
RTEMS version: 6.1.0.not-released
RTEMS tools: 13.3.0 20240521 (RTEMS 6, RSB no-repo, Newlib 1b3dcfd)
executing thread ID: 0x0a010001
executing thread name: UI1 
