
RTEMS Shell on /dev/console. Use 'help' to list commands.
SHLL [/] # nexus0: <RTEMS Nexus device>
info: lo0: link state changed to UP
=== Exp3inter-NE: Task Chain (n=2) NoExecutor ===
Period: 200ms, Rounds: 500
[E3INE-CSV] chain_len,round,e2e_ns,publish_ns,gc_trigger_ns,invoke_cb_ns,getnext_ns,take_data_ns,sched_ns,dispatch_ns
666666
CPP Msg not nullptr
CPP Msg not nullptr
CPP Msg not nullptr
CPP Msg not nullptr
C Msg not NULL
C Msg not NULL
CPP Srv not nullptr
CPP Srv not nullptr
CPP Srv not nullptr
CPP Srv not nullptr
CPP Srv not nullptr
CPP Srv not nullptr
CPP Msg not nullptr
CPP Msg not nullptr
CPP Msg not nullptr
CPP Msg not nullptr
CPP Msg not nullptr
CPP Msg not nullptr
[33m[WARN] [0567993600.544782019] [rclcpp]: Calling set_on_new_intra_process_message_callback for subscription with IPC disabled[0m
C Msg not NULL
C Msg not NULL
CPP Srv not nullptr
CPP Srv not nullptr
CPP Srv not nullptr
CPP Srv not nullptr
CPP Srv not nullptr
CPP Srv not nullptr
CPP Msg not nullptr
CPP Msg not nullptr
CPP Msg not nullptr
CPP Msg not nullptr
CPP Msg not nullptr
CPP Msg not nullptr
[33m[WARN] [0567993600.768817629] [rclcpp]: Calling set_on_new_intra_process_message_callback for subscription with IPC disabled[0m
[33m[WARN] [0567993600.770492479] [rclcpp]: Calling set_on_new_intra_process_message_callback for subscription with IPC disabled[0m
[E3INE-CSV] 2,0,3130530,1008380,0,0,0,0,1947630,0
[E3INE-CSV] 2,1,4697640,3128360,0,0,0,0,1498130,0
[E3INE-CSV] 2,2,3999560,2760160,0,0,0,0,1184280,0
[E3INE-CSV] 2,3,4180710,2906620,0,0,0,0,1210570,0
[E3INE-CSV] 2,4,4122280,2848130,0,0,0,0,1220650,0
[E3INE-CSV] 2,5,4072140,2817050,0,0,0,0,1197410,0
[E3INE-CSV] 2,6,4498000,3027770,0,0,0,0,1398170,0
[E3INE-CSV] 2,7,4246530,2942380,0,0,0,0,1243260,0
[E3INE-CSV] 2,8,4010490,2801330,0,0,0,0,1155640,0
[E3INE-CSV] 2,9,6701230,5160840,0,0,0,0,1427990,0
[E3INE-CSV] 2,10,4254070,2953680,0,0,0,0,1237020,0
[E3INE-CSV] 2,11,4127330,2852990,0,0,0,0,1217930,0
[E3INE-CSV] 2,12,4342080,2894510,0,0,0,0,1386830,0
[E3INE-CSV] 2,13,4212680,2960020,0,0,0,0,1194590,0
[E3INE-CSV] 2,14,4535250,3023910,0,0,0,0,1450690,0
[E3INE-CSV] 2,15,4186240,2926720,0,0,0,0,1197830,0
[E3INE-CSV] 2,16,4086490,2808680,0,0,0,0,1222810,0
[E3INE-CSV] 2,17,4466740,3005480,0,0,0,0,1393540,0
[E3INE-CSV] 2,18,4281330,2941370,0,0,0,0,1288670,0
[E3INE-CSV] 2,19,4196340,2933400,0,0,0,0,1204250,0
[E3INE-CSV] 2,20,4268020,2983010,0,0,0,0,1223330,0
[E3INE-CSV] 2,21,4162150,2912120,0,0,0,0,1188870,0
[E3INE-CSV] 2,22,4290980,2973540,0,0,0,0,1258700,0
[E3INE-CSV] 2,23,4567460,3018230,0,0,0,0,1484180,0
[E3INE-CSV] 2,24,4528380,3023430,0,0,0,0,1443370,0
[E3INE-CSV] 2,25,4616620,3078270,0,0,0,0,1469350,0
[E3INE-CSV] 2,26,1002770,645750,0,0,0,0,339730,0
[E3INE-CSV] 2,27,4622100,3108810,0,0,0,0,1446950,0
[E3INE-CSV] 2,28,4237870,2959290,0,0,0,0,1214610,0
[E3INE-CSV] 2,29,4131370,2890070,0,0,0,0,1186690,0
[E3INE-CSV] 2,30,4066240,2833850,0,0,0,0,1174850,0
[E3INE-CSV] 2,31,4214320,2934690,0,0,0,0,1221370,0
[E3INE-CSV] 2,32,4235840,2965770,0,0,0,0,1213890,0
[E3INE-CSV] 2,33,4105970,2859400,0,0,0,0,1192380,0
[E3INE-CSV] 2,34,4086390,2831080,0,0,0,0,1202520,0
[E3INE-CSV] 2,35,4125800,2847540,0,0,0,0,1223480,0
[E3INE-CSV] 2,36,4268850,2983160,0,0,0,0,1220700,0
[E3INE-CSV] 2,37,4165900,2913110,0,0,0,0,1194930,0
[E3INE-CSV] 2,38,4161670,2921980,0,0,0,0,1185260,0
[E3INE-CSV] 2,39,4123860,2871140,0,0,0,0,1198280,0
[E3INE-CSV] 2,40,4195710,2977430,0,0,0,0,1163500,0
[E3INE-CSV] 2,41,4990940,3095820,0,0,0,0,1830910,0
[E3INE-CSV] 2,42,4531730,3013430,0,0,0,0,1453920,0
[E3INE-CSV] 2,43,4175450,2942930,0,0,0,0,1175470,0
[E3INE-CSV] 2,44,4181210,2908910,0,0,0,0,1208500,0
[E3INE-CSV] 2,45,4144470,2893820,0,0,0,0,1189980,0
[E3INE-CSV] 2,46,4249570,2995790,0,0,0,0,1193950,0
[E3INE-CSV] 2,47,4899240,3562960,0,0,0,0,1267770,0
[E3INE-CSV] 2,48,4235420,2925640,0,0,0,0,1254800,0
[E3INE-CSV] 2,49,4026510,2821480,0,0,0,0,1153630,0
[E3INE-CSV] 2,50,4075200,2847780,0,0,0,0,1165780,0
[E3INE-CSV] 2,51,4147430,2856150,0,0,0,0,1229670,0
[E3INE-CSV] 2,52,4236820,2957040,0,0,0,0,1215030,0
[E3INE-CSV] 2,53,4074210,2829810,0,0,0,0,1186420,0
[E3INE-CSV] 2,54,4051440,2815810,0,0,0,0,1182240,0
[E3INE-CSV] 2,55,4073760,2817120,0,0,0,0,1199740,0
[E3INE-CSV] 2,56,4129970,2851260,0,0,0,0,1220870,0
[E3INE-CSV] 2,57,4507240,3008750,0,0,0,0,1435210,0
[E3INE-CSV] 2,58,4626480,3066900,0,0,0,0,1498530,0
[E3INE-CSV] 2,59,4121680,2881020,0,0,0,0,1176030,0
[E3INE-CSV] 2,60,4172750,2895800,0,0,0,0,1213480,0
[E3INE-CSV] 2,61,4245970,2943600,0,0,0,0,1230120,0
[E3INE-CSV] 2,62,4561450,3062900,0,0,0,0,1436480,0
[E3INE-CSV] 2,63,4607010,3138790,0,0,0,0,1409410,0
[E3INE-CSV] 2,64,4268300,2942790,0,0,0,0,1258260,0
[E3INE-CSV] 2,65,4146090,2905530,0,0,0,0,1180940,0
[E3INE-CSV] 2,66,4181760,2900090,0,0,0,0,1222350,0
[E3INE-CSV] 2,67,4568130,3060000,0,0,0,0,1439220,0
[E3INE-CSV] 2,68,4162270,2899360,0,0,0,0,1183140,0
[E3INE-CSV] 2,69,4156960,2873600,0,0,0,0,1225030,0
[E3INE-CSV] 2,70,4221080,2970210,0,0,0,0,1190500,0
[E3INE-CSV] 2,71,4131910,2830040,0,0,0,0,1245320,0
[E3INE-CSV] 2,72,4396940,2939410,0,0,0,0,1393350,0
[E3INE-CSV] 2,73,4478880,2984890,0,0,0,0,1416380,0
[E3INE-CSV] 2,74,4710620,3451610,0,0,0,0,1199470,0
[E3INE-CSV] 2,75,4157380,2892080,0,0,0,0,1205040,0
[E3INE-CSV] 2,76,4633010,3097590,0,0,0,0,1476740,0
[E3INE-CSV] 2,77,4767800,3427740,0,0,0,0,1269150,0
[E3INE-CSV] 2,78,4559790,3070030,0,0,0,0,1428730,0
[E3INE-CSV] 2,79,4186680,2938000,0,0,0,0,1186470,0
[E3INE-CSV] 2,80,4074840,2861710,0,0,0,0,1135830,0
[E3INE-CSV] 2,81,4147370,2880910,0,0,0,0,1206030,0
[E3INE-CSV] 2,82,4482530,3008850,0,0,0,0,1408770,0
[E3INE-CSV] 2,83,4154030,2915510,0,0,0,0,1180480,0
[E3INE-CSV] 2,84,4003750,2765360,0,0,0,0,1181170,0
[E3INE-CSV] 2,85,5746540,5355800,0,0,0,0,278360,0
[E3INE-CSV] 2,86,4209510,2958010,0,0,0,0,1196090,0
[E3INE-CSV] 2,87,4969440,3644720,0,0,0,0,1250910,0
[E3INE-CSV] 2,88,5733780,4091030,0,0,0,0,1534170,0
[E3INE-CSV] 2,89,4510730,3030530,0,0,0,0,1423630,0
[E3INE-CSV] 2,90,5692890,5202170,0,0,0,0,378780,0
[E3INE-CSV] 2,91,4573700,3091180,0,0,0,0,1414080,0
[E3INE-CSV] 2,92,4634260,3063750,0,0,0,0,1506170,0
[E3INE-CSV] 2,93,4239690,2939450,0,0,0,0,1241900,0
[E3INE-CSV] 2,94,4026730,2793890,0,0,0,0,1178500,0
[E3INE-CSV] 2,95,4038730,2795440,0,0,0,0,1188510,0
[E3INE-CSV] 2,96,4183050,2916540,0,0,0,0,1204520,0
[E3INE-CSV] 2,97,4619280,3098400,0,0,0,0,1451010,0
[E3INE-CSV] 2,98,4458160,2955680,0,0,0,0,1441080,0
[E3INE-CSV] 2,99,4393300,2809020,0,0,0,0,1378360,0
[E3INE-CSV] 2,100,4146300,2893570,0,0,0,0,1193360,0
[E3INE-CSV] 2,101,4101770,2861730,0,0,0,0,1176360,0
[E3INE-CSV] 2,102,4603000,3096190,0,0,0,0,1441940,0
[E3INE-CSV] 2,103,3186960,2113180,0,0,0,0,1032180,0
[E3INE-CSV] 2,104,4243240,2937730,0,0,0,0,1246840,0
[E3INE-CSV] 2,105,4147240,2913450,0,0,0,0,1177500,0
[E3INE-CSV] 2,106,4733830,2929430,0,0,0,0,1748500,0
[E3INE-CSV] 2,107,4701780,3336370,0,0,0,0,1300650,0
[E3INE-CSV] 2,108,4243910,2980580,0,0,0,0,1207660,0
[E3INE-CSV] 2,109,4138690,2886930,0,0,0,0,1190860,0
[E3INE-CSV] 2,110,4295630,3083050,0,0,0,0,1138330,0
[E3INE-CSV] 2,111,4125650,2896960,0,0,0,0,1171460,0
[E3INE-CSV] 2,112,4556350,3214120,0,0,0,0,1274150,0
[E3INE-CSV] 2,113,4211150,2968130,0,0,0,0,1182730,0
[E3INE-CSV] 2,114,4330180,2870240,0,0,0,0,1398770,0
[E3INE-CSV] 2,115,4438040,2994310,0,0,0,0,1384480,0
[E3INE-CSV] 2,116,4591300,3287840,0,0,0,0,1240000,0
[E3INE-CSV] 2,117,4556740,3033170,0,0,0,0,1461460,0
[E3INE-CSV] 2,118,4155000,2898760,0,0,0,0,1196790,0
[E3INE-CSV] 2,119,4159610,2902840,0,0,0,0,1199580,0
[E3INE-CSV] 2,120,4160690,2932310,0,0,0,0,1166630,0
[E3INE-CSV] 2,121,4079030,2843580,0,0,0,0,1175600,0
[E3INE-CSV] 2,122,4536760,3014850,0,0,0,0,1459460,0
[E3INE-CSV] 2,123,4454810,3009090,0,0,0,0,1388250,0
[E3INE-CSV] 2,124,4217260,2984130,0,0,0,0,1174510,0
[E3INE-CSV] 2,125,4163050,2922240,0,0,0,0,1184020,0
[E3INE-CSV] 2,126,4190090,2920940,0,0,0,0,1213460,0
[E3INE-CSV] 2,127,4422030,3002070,0,0,0,0,1355250,0
[E3INE-CSV] 2,128,4373260,2896660,0,0,0,0,1414870,0
[E3INE-CSV] 2,129,4246480,2973370,0,0,0,0,1208800,0
[E3INE-CSV] 2,130,4188320,2933510,0,0,0,0,1194590,0
[E3INE-CSV] 2,131,4196250,2918650,0,0,0,0,1216240,0
[E3INE-CSV] 2,132,4575820,3106300,0,0,0,0,1260780,0
[E3INE-CSV] 2,133,4422890,2972230,0,0,0,0,1388000,0
[E3INE-CSV] 2,134,4194250,2928560,0,0,0,0,1204590,0
[E3INE-CSV] 2,135,4717710,3097820,0,0,0,0,1565900,0
[E3INE-CSV] 2,136,4733070,3150540,0,0,0,0,1515210,0
[E3INE-CSV] 2,137,4540380,3061010,0,0,0,0,1408190,0
[E3INE-CSV] 2,138,4478650,2984310,0,0,0,0,1438270,0
[E3INE-CSV] 2,139,4566270,3056690,0,0,0,0,1449870,0
[E3INE-CSV] 2,140,4708890,3070250,0,0,0,0,1208960,0
[E3INE-CSV] 2,141,4516920,3231680,0,0,0,0,1213620,0
[E3INE-CSV] 2,142,4673460,3111940,0,0,0,0,1499900,0
[E3INE-CSV] 2,143,4173030,2881680,0,0,0,0,1232700,0
[E3INE-CSV] 2,144,4537220,3048100,0,0,0,0,1427310,0
[E3INE-CSV] 2,145,4224370,2980970,0,0,0,0,1182910,0
[E3INE-CSV] 2,146,4216280,2919090,0,0,0,0,1238400,0
[E3INE-CSV] 2,147,4435210,2968650,0,0,0,0,1403640,0
[E3INE-CSV] 2,148,4234000,2924990,0,0,0,0,1250050,0
[E3INE-CSV] 2,149,4054690,2824790,0,0,0,0,1173580,0
[E3INE-CSV] 2,150,4001310,2751860,0,0,0,0,1194760,0
[E3INE-CSV] 2,151,4197400,2914870,0,0,0,0,1217350,0
[E3INE-CSV] 2,152,4430600,2961780,0,0,0,0,1396380,0
[E3INE-CSV] 2,153,4151850,2857790,0,0,0,0,1233270,0
[E3INE-CSV] 2,154,1648250,1151820,0,0,0,0,466990,0
[E3INE-CSV] 2,155,4408890,2927140,0,0,0,0,1412460,0
[E3INE-CSV] 2,156,4152240,2899020,0,0,0,0,1191120,0
[E3INE-CSV] 2,157,4494020,2999000,0,0,0,0,1430120,0
[E3INE-CSV] 2,158,8241080,5857260,0,0,0,0,2270250,0
[E3INE-CSV] 2,159,4846230,3515370,0,0,0,0,1268580,0
[E3INE-CSV] 2,160,4031150,2788040,0,0,0,0,1187690,0
[E3INE-CSV] 2,161,4167690,2882510,0,0,0,0,1222240,0
[E3INE-CSV] 2,162,4429930,2943670,0,0,0,0,1417400,0
[E3INE-CSV] 2,163,4151970,2890040,0,0,0,0,1202110,0
[E3INE-CSV] 2,164,4124490,2865740,0,0,0,0,1200300,0
[E3INE-CSV] 2,165,3944970,2720680,0,0,0,0,1165060,0
[E3INE-CSV] 2,166,4164780,2875790,0,0,0,0,1230350,0
[E3INE-CSV] 2,167,4647000,3137810,0,0,0,0,1445280,0
[E3INE-CSV] 2,168,4551410,3010510,0,0,0,0,1483740,0
[E3INE-CSV] 2,169,4438960,3111910,0,0,0,0,1235640,0
[E3INE-CSV] 2,170,4146770,2898090,0,0,0,0,1196160,0
[E3INE-CSV] 2,171,4810130,2953930,0,0,0,0,1791540,0
[E3INE-CSV] 2,172,4820940,3452920,0,0,0,0,1304050,0
[E3INE-CSV] 2,173,4209620,2892920,0,0,0,0,1258770,0
[E3INE-CSV] 2,174,4126810,2891650,0,0,0,0,1177080,0
[E3INE-CSV] 2,175,4312810,3086810,0,0,0,0,1172540,0
[E3INE-CSV] 2,176,4194580,2908410,0,0,0,0,1226200,0
[E3INE-CSV] 2,177,4456430,3009810,0,0,0,0,1380400,0
[E3INE-CSV] 2,178,4088780,2872340,0,0,0,0,1159780,0
[E3INE-CSV] 2,179,3992030,2765120,0,0,0,0,1168740,0
[E3INE-CSV] 2,180,3917600,2734330,0,0,0,0,1131180,0
[E3INE-CSV] 2,181,4127790,2900860,0,0,0,0,1169200,0
[E3INE-CSV] 2,182,4592680,3092520,0,0,0,0,1434480,0
[E3INE-CSV] 2,183,4227800,2962480,0,0,0,0,1209630,0
[E3INE-CSV] 2,184,4753180,2979180,0,0,0,0,1709550,0
[E3INE-CSV] 2,185,4095250,2870510,0,0,0,0,1167820,0
[E3INE-CSV] 2,186,4250310,2957130,0,0,0,0,1231500,0
[E3INE-CSV] 2,187,4461310,2958060,0,0,0,0,1441590,0
[E3INE-CSV] 2,188,4453260,2996390,0,0,0,0,1393020,0
[E3INE-CSV] 2,189,4246650,2940980,0,0,0,0,1232640,0
[E3INE-CSV] 2,190,4249050,3008280,0,0,0,0,1167680,0
[E3INE-CSV] 2,191,4233240,2961870,0,0,0,0,1212280,0
[E3INE-CSV] 2,192,5119790,3750080,0,0,0,0,1306950,0
[E3INE-CSV] 2,193,4151210,2888170,0,0,0,0,1196920,0
[E3INE-CSV] 2,194,4171620,2906120,0,0,0,0,1205140,0
[E3INE-CSV] 2,195,3921890,2705890,0,0,0,0,1164010,0
[E3INE-CSV] 2,196,4113820,2849870,0,0,0,0,1209110,0
[E3INE-CSV] 2,197,4542890,3045280,0,0,0,0,1266860,0
[E3INE-CSV] 2,198,4514040,3004700,0,0,0,0,1447320,0
[E3INE-CSV] 2,199,4479200,2983890,0,0,0,0,1433170,0
[E3INE-CSV] 2,200,4493730,3014290,0,0,0,0,1416210,0
[E3INE-CSV] 2,201,4430550,2991050,0,0,0,0,1379350,0
[E3INE-CSV] 2,202,4621710,3118860,0,0,0,0,1437530,0
[E3INE-CSV] 2,203,4752190,3457030,0,0,0,0,1237470,0
[E3INE-CSV] 2,204,4646140,3097330,0,0,0,0,1488900,0
[E3INE-CSV] 2,205,4075040,2842400,0,0,0,0,1175490,0
[E3INE-CSV] 2,206,4352580,2911640,0,0,0,0,1374180,0
[E3INE-CSV] 2,207,4489530,2990790,0,0,0,0,1434530,0
[E3INE-CSV] 2,208,4392380,2957700,0,0,0,0,1373670,0
[E3INE-CSV] 2,209,4588960,3317480,0,0,0,0,1210470,0
[E3INE-CSV] 2,210,4301260,2961330,0,0,0,0,1249390,0
[E3INE-CSV] 2,211,4213550,2946660,0,0,0,0,1206830,0
[E3INE-CSV] 2,212,4226350,2942620,0,0,0,0,1220510,0
[E3INE-CSV] 2,213,4172920,2899910,0,0,0,0,1215310,0
[E3INE-CSV] 2,214,4182000,2912120,0,0,0,0,1205420,0
[E3INE-CSV] 2,215,4150880,2907120,0,0,0,0,1186790,0
[E3INE-CSV] 2,216,4085880,2823470,0,0,0,0,1206660,0
[E3INE-CSV] 2,217,4668160,3122120,0,0,0,0,1480360,0
[E3INE-CSV] 2,218,4452660,2995540,0,0,0,0,1399000,0
[E3INE-CSV] 2,219,4108570,2867890,0,0,0,0,1185020,0
[E3INE-CSV] 2,220,4073960,2833670,0,0,0,0,1179520,0
[E3INE-CSV] 2,221,4053040,2804820,0,0,0,0,1187770,0
[E3INE-CSV] 2,222,4474260,3026300,0,0,0,0,1379250,0
[E3INE-CSV] 2,223,4292650,2972390,0,0,0,0,1253600,0
[E3INE-CSV] 2,224,4500430,2991150,0,0,0,0,1446480,0
[E3INE-CSV] 2,225,4390820,2947430,0,0,0,0,1370980,0
[E3INE-CSV] 2,226,4192580,2959500,0,0,0,0,1174580,0
[E3INE-CSV] 2,227,4624980,3126500,0,0,0,0,1435720,0
[E3INE-CSV] 2,228,4554120,3024770,0,0,0,0,1449550,0
[E3INE-CSV] 2,229,4174270,2916740,0,0,0,0,1198670,0
[E3INE-CSV] 2,230,4099570,2866640,0,0,0,0,1174520,0
[E3INE-CSV] 2,231,4525380,2900100,0,0,0,0,1566600,0
[E3INE-CSV] 2,232,4466390,3093180,0,0,0,0,1297890,0
[E3INE-CSV] 2,233,6332170,4971310,0,0,0,0,1239500,0
[E3INE-CSV] 2,234,4336490,3008030,0,0,0,0,1253590,0
[E3INE-CSV] 2,235,4297400,2870990,0,0,0,0,1363400,0
[E3INE-CSV] 2,236,4155520,2905280,0,0,0,0,1192100,0
[E3INE-CSV] 2,237,4225320,2937640,0,0,0,0,1226010,0
[E3INE-CSV] 2,238,4202980,2921630,0,0,0,0,1213090,0
[E3INE-CSV] 2,239,4472020,2974240,0,0,0,0,1436800,0
[E3INE-CSV] 2,240,4656980,3123970,0,0,0,0,1472510,0
[E3INE-CSV] 2,241,4429520,2965330,0,0,0,0,1405320,0
[E3INE-CSV] 2,242,4580210,3093770,0,0,0,0,1426340,0
[E3INE-CSV] 2,243,4864000,3213160,0,0,0,0,1313260,0
[E3INE-CSV] 2,244,4409530,3009390,0,0,0,0,1335820,0
[E3INE-CSV] 2,245,3760590,2873790,0,0,0,0,829320,0
[E3INE-CSV] 2,246,6563130,4579150,0,0,0,0,1899270,0
[E3INE-CSV] 2,247,4628000,3040350,0,0,0,0,1510370,0
[E3INE-CSV] 2,248,8085260,5867270,0,0,0,0,2082830,0
[E3INE-CSV] 2,249,4538650,3251080,0,0,0,0,1216510,0
[E3INE-CSV] 2,250,4052860,2762340,0,0,0,0,1233550,0
[E3INE-CSV] 2,251,4176940,2893020,0,0,0,0,1223840,0
[E3INE-CSV] 2,252,4536710,3030290,0,0,0,0,1443970,0
[E3INE-CSV] 2,253,6195280,4733360,0,0,0,0,1397580,0
[E3INE-CSV] 2,254,4616820,3169050,0,0,0,0,1394500,0
[E3INE-CSV] 2,255,4160920,2922120,0,0,0,0,1178670,0
[E3INE-CSV] 2,256,4090770,2803270,0,0,0,0,1230390,0
[E3INE-CSV] 2,257,4217220,2935960,0,0,0,0,1218290,0
[E3INE-CSV] 2,258,4107390,2828000,0,0,0,0,1226200,0
[E3INE-CSV] 2,259,4080040,2866310,0,0,0,0,1149500,0
[E3INE-CSV] 2,260,4211660,2928910,0,0,0,0,1224830,0
[E3INE-CSV] 2,261,4106940,2864860,0,0,0,0,1184540,0
[E3INE-CSV] 2,262,4463490,3002340,0,0,0,0,1399830,0
[E3INE-CSV] 2,263,4521040,2970220,0,0,0,0,1472810,0
[E3INE-CSV] 2,264,4065100,2837260,0,0,0,0,1165820,0
[E3INE-CSV] 2,265,7212710,5746950,0,0,0,0,1336830,0
[E3INE-CSV] 2,266,4136260,2889540,0,0,0,0,1189760,0
[E3INE-CSV] 2,267,4766880,3440920,0,0,0,0,1261000,0
[E3INE-CSV] 2,268,4438080,2949910,0,0,0,0,1427390,0
[E3INE-CSV] 2,269,7313430,6181470,0,0,0,0,1015740,0
[E3INE-CSV] 2,270,8176350,5362340,0,0,0,0,2705140,0
[E3INE-CSV] 2,271,4550780,3042070,0,0,0,0,1448900,0
[E3INE-CSV] 2,272,4675240,3154090,0,0,0,0,1456780,0
[E3INE-CSV] 2,273,4698560,3399580,0,0,0,0,1240080,0
[E3INE-CSV] 2,274,4087450,2832040,0,0,0,0,1195560,0
[E3INE-CSV] 2,275,3912410,2687920,0,0,0,0,1171440,0
[E3INE-CSV] 2,276,4187850,2908060,0,0,0,0,1219490,0
[E3INE-CSV] 2,277,8081260,5991230,0,0,0,0,1956110,0
[E3INE-CSV] 2,278,4442990,3072860,0,0,0,0,1287950,0
[E3INE-CSV] 2,279,4096640,2862520,0,0,0,0,1182670,0
[E3INE-CSV] 2,280,4175870,2924550,0,0,0,0,1192280,0
[E3INE-CSV] 2,281,5404860,3939600,0,0,0,0,1358310,0
[E3INE-CSV] 2,282,4516530,3029150,0,0,0,0,1421100,0
[E3INE-CSV] 2,283,4998310,3657840,0,0,0,0,1278090,0
[E3INE-CSV] 2,284,4462060,3057720,0,0,0,0,1345830,0
[E3INE-CSV] 2,285,4305710,2867860,0,0,0,0,1379550,0
[E3INE-CSV] 2,286,4186920,2919880,0,0,0,0,1206340,0
[E3INE-CSV] 2,287,4523910,2988940,0,0,0,0,1474690,0
[E3INE-CSV] 2,288,4494670,3027070,0,0,0,0,1400960,0
[E3INE-CSV] 2,289,4433710,3015550,0,0,0,0,1340860,0
[E3INE-CSV] 2,290,4090120,2883960,0,0,0,0,1152680,0
[E3INE-CSV] 2,291,4073340,2843080,0,0,0,0,1173240,0
[E3INE-CSV] 2,292,4692840,3329120,0,0,0,0,1298330,0
[E3INE-CSV] 2,293,4507420,2972600,0,0,0,0,1467440,0
[E3INE-CSV] 2,294,4082210,2826190,0,0,0,0,1201970,0
[E3INE-CSV] 2,295,4167710,2956570,0,0,0,0,1154570,0
[E3INE-CSV] 2,296,4113580,2865010,0,0,0,0,1184410,0
[E3INE-CSV] 2,297,4563270,3032260,0,0,0,0,1466300,0
[E3INE-CSV] 2,298,4840010,3467590,0,0,0,0,1313490,0
[E3INE-CSV] 2,299,3982030,2741870,0,0,0,0,1184350,0
[E3INE-CSV] 2,300,3831270,2677020,0,0,0,0,1101770,0
[E3INE-CSV] 2,301,4048760,2813660,0,0,0,0,1180320,0
[E3INE-CSV] 2,302,7359110,5830250,0,0,0,0,1414200,0
[E3INE-CSV] 2,303,4200580,2910570,0,0,0,0,1228410,0
[E3INE-CSV] 2,304,3856780,2690070,0,0,0,0,1116670,0
[E3INE-CSV] 2,305,3973190,2756580,0,0,0,0,1155430,0
[E3INE-CSV] 2,306,4110620,2830610,0,0,0,0,1223450,0
[E3INE-CSV] 2,307,4194090,2925000,0,0,0,0,1204770,0
[E3INE-CSV] 2,308,4229000,2963690,0,0,0,0,1201020,0
[E3INE-CSV] 2,309,5679140,4136870,0,0,0,0,1483020,0
[E3INE-CSV] 2,310,3942090,2722920,0,0,0,0,1162860,0
[E3INE-CSV] 2,311,4130110,2898470,0,0,0,0,1172450,0
[E3INE-CSV] 2,312,4172380,2912370,0,0,0,0,1195760,0
[E3INE-CSV] 2,313,4095460,2854700,0,0,0,0,1182700,0
[E3INE-CSV] 2,314,4051230,2818170,0,0,0,0,1176330,0
[E3INE-CSV] 2,315,3866340,2700010,0,0,0,0,1111710,0
[E3INE-CSV] 2,316,4250350,2967460,0,0,0,0,1222490,0
[E3INE-CSV] 2,317,4381040,2946410,0,0,0,0,1370520,0
[E3INE-CSV] 2,318,4140770,2864570,0,0,0,0,1215890,0
[E3INE-CSV] 2,319,3916810,2721740,0,0,0,0,1123130,0
[E3INE-CSV] 2,320,4603810,3138520,0,0,0,0,1399960,0
[E3INE-CSV] 2,321,4260760,2833820,0,0,0,0,1361620,0
[E3INE-CSV] 2,322,4515860,3001530,0,0,0,0,1452070,0
[E3INE-CSV] 2,323,4177480,2911380,0,0,0,0,1207430,0
[E3INE-CSV] 2,324,4187500,2964080,0,0,0,0,1161930,0
[E3INE-CSV] 2,325,3881680,2709300,0,0,0,0,1107900,0
[E3INE-CSV] 2,326,4477320,2966670,0,0,0,0,1446990,0
[E3INE-CSV] 2,327,4559410,3056290,0,0,0,0,1442480,0
[E3INE-CSV] 2,328,4220820,2943800,0,0,0,0,1218270,0
[E3INE-CSV] 2,329,4045890,2844000,0,0,0,0,1126140,0
[E3INE-CSV] 2,330,4205100,2912010,0,0,0,0,1233120,0
[E3INE-CSV] 2,331,4222490,2926100,0,0,0,0,1237110,0
[E3INE-CSV] 2,332,5689090,3065040,0,0,0,0,2560250,0
[E3INE-CSV] 2,333,4199010,2904760,0,0,0,0,1236790,0
[E3INE-CSV] 2,334,4114980,2830040,0,0,0,0,1216190,0
[E3INE-CSV] 2,335,3999630,2804380,0,0,0,0,1138390,0
[E3INE-CSV] 2,336,3973820,2740760,0,0,0,0,1167330,0
[E3INE-CSV] 2,337,4742050,3033070,0,0,0,0,1642710,0
[E3INE-CSV] 2,338,4138820,2892090,0,0,0,0,1188180,0
[E3INE-CSV] 2,339,4108000,2845820,0,0,0,0,1196550,0
[E3INE-CSV] 2,340,4176090,2905410,0,0,0,0,1201970,0
[E3INE-CSV] 2,341,4465120,2955400,0,0,0,0,1447490,0
[E3INE-CSV] 2,342,4527730,3098490,0,0,0,0,1358430,0
[E3INE-CSV] 2,343,4116630,2829670,0,0,0,0,1212590,0
[E3INE-CSV] 2,344,4057190,2804410,0,0,0,0,1196380,0
[E3INE-CSV] 2,345,4173000,2880530,0,0,0,0,1214720,0
[E3INE-CSV] 2,346,4074610,2768870,0,0,0,0,1228330,0
[E3INE-CSV] 2,347,4598440,3165650,0,0,0,0,1214560,0
[E3INE-CSV] 2,348,4068140,2786160,0,0,0,0,1227580,0
[E3INE-CSV] 2,349,4077130,2858250,0,0,0,0,1163200,0
[E3INE-CSV] 2,350,4110160,2865800,0,0,0,0,1163370,0
[E3INE-CSV] 2,351,5048090,3453980,0,0,0,0,1499740,0
[E3INE-CSV] 2,352,4246710,2913810,0,0,0,0,1251450,0
[E3INE-CSV] 2,353,8000160,5861330,0,0,0,0,2025160,0
[E3INE-CSV] 2,354,7455630,5252590,0,0,0,0,2104720,0
[E3INE-CSV] 2,355,7359350,5266160,0,0,0,0,1990550,0
[E3INE-CSV] 2,356,4300390,2917590,0,0,0,0,1306790,0
[E3INE-CSV] 2,357,4442530,2973790,0,0,0,0,1406160,0
[E3INE-CSV] 2,358,4776180,2980370,0,0,0,0,1722380,0
[E3INE-CSV] 2,359,4251430,2967190,0,0,0,0,1213760,0
[E3INE-CSV] 2,360,3883060,2682390,0,0,0,0,1135860,0
[E3INE-CSV] 2,361,6928460,5345190,0,0,0,0,1471060,0
[E3INE-CSV] 2,362,4507380,3038640,0,0,0,0,1403760,0
[E3INE-CSV] 2,363,4643630,3255510,0,0,0,0,1330390,0
[E3INE-CSV] 2,364,5940840,4274350,0,0,0,0,1559520,0
[E3INE-CSV] 2,365,3964870,2789520,0,0,0,0,1123480,0
[E3INE-CSV] 2,366,4233110,2920380,0,0,0,0,1253490,0
[E3INE-CSV] 2,367,4620050,3125860,0,0,0,0,1415880,0
[E3INE-CSV] 2,368,4302370,2800510,0,0,0,0,1440370,0
[E3INE-CSV] 2,369,789050,534490,0,0,0,0,239840,0
[E3INE-CSV] 2,370,4105740,2858250,0,0,0,0,1180860,0
[E3INE-CSV] 2,371,4219240,2940300,0,0,0,0,1218850,0
[E3INE-CSV] 2,372,7862150,5817460,0,0,0,0,1928510,0
[E3INE-CSV] 2,373,4526580,3021740,0,0,0,0,1441980,0
[E3INE-CSV] 2,374,3970910,2757870,0,0,0,0,1161770,0
[E3INE-CSV] 2,375,3977230,2764710,0,0,0,0,1156120,0
[E3INE-CSV] 2,376,4171050,2884680,0,0,0,0,1208380,0
[E3INE-CSV] 2,377,4860380,3537190,0,0,0,0,1246830,0
[E3INE-CSV] 2,378,4151070,2872930,0,0,0,0,1224480,0
[E3INE-CSV] 2,379,3824620,2668680,0,0,0,0,1106700,0
[E3INE-CSV] 2,380,3921000,2707180,0,0,0,0,1158420,0
[E3INE-CSV] 2,381,4291260,2979260,0,0,0,0,1252070,0
[E3INE-CSV] 2,382,4902220,3151540,0,0,0,0,1666590,0
[E3INE-CSV] 2,383,4255320,2946320,0,0,0,0,1252700,0
[E3INE-CSV] 2,384,4726450,3261120,0,0,0,0,1412650,0
[E3INE-CSV] 2,385,3986790,2808920,0,0,0,0,1127990,0
[E3INE-CSV] 2,386,5043520,3410070,0,0,0,0,1524490,0
[E3INE-CSV] 2,387,7120480,5443060,0,0,0,0,1565360,0
[E3INE-CSV] 2,388,4505810,3055850,0,0,0,0,1369480,0
[E3INE-CSV] 2,389,4214670,2922040,0,0,0,0,1236020,0
[E3INE-CSV] 2,390,4130660,2882390,0,0,0,0,1184980,0
[E3INE-CSV] 2,391,4270930,2971220,0,0,0,0,1242220,0
[E3INE-CSV] 2,392,4469650,3010970,0,0,0,0,1389220,0
[E3INE-CSV] 2,393,4278190,3003650,0,0,0,0,1217620,0
[E3INE-CSV] 2,394,4694580,3075330,0,0,0,0,1525880,0
[E3INE-CSV] 2,395,4350740,3056860,0,0,0,0,1217440,0
[E3INE-CSV] 2,396,4449220,2940320,0,0,0,0,1426790,0
[E3INE-CSV] 2,397,4415110,2989580,0,0,0,0,1362160,0
[E3INE-CSV] 2,398,4234160,2945480,0,0,0,0,1228090,0
[E3INE-CSV] 2,399,4483990,2984000,0,0,0,0,1440220,0
[E3INE-CSV] 2,400,4003260,2813930,0,0,0,0,1134900,0
[E3INE-CSV] 2,401,4065030,2845410,0,0,0,0,1164890,0
[E3INE-CSV] 2,402,4501450,2971320,0,0,0,0,1467950,0
[E3INE-CSV] 2,403,4045530,2812050,0,0,0,0,1182020,0
[E3INE-CSV] 2,404,4476640,2954230,0,0,0,0,1460300,0
[E3INE-CSV] 2,405,4006660,2798250,0,0,0,0,1153260,0
[E3INE-CSV] 2,406,4227970,2937680,0,0,0,0,1229840,0
[E3INE-CSV] 2,407,4488730,3011500,0,0,0,0,1388600,0
[E3INE-CSV] 2,408,4034090,2811290,0,0,0,0,1168080,0
[E3INE-CSV] 2,409,4298270,3000080,0,0,0,0,1214640,0
[E3INE-CSV] 2,410,4250040,2924420,0,0,0,0,1264270,0
[E3INE-CSV] 2,411,4799820,3479510,0,0,0,0,1255850,0
[E3INE-CSV] 2,412,4523620,3044460,0,0,0,0,1402210,0
[E3INE-CSV] 2,413,4223170,2927430,0,0,0,0,1239670,0
[E3INE-CSV] 2,414,4172840,2899000,0,0,0,0,1217100,0
[E3INE-CSV] 2,415,4062640,2860740,0,0,0,0,1139270,0
[E3INE-CSV] 2,416,4292000,2979360,0,0,0,0,1253570,0
[E3INE-CSV] 2,417,4584220,3100830,0,0,0,0,1413000,0
[E3INE-CSV] 2,418,4191800,2890040,0,0,0,0,1243720,0
[E3INE-CSV] 2,419,4264540,2978700,0,0,0,0,1227790,0
[E3INE-CSV] 2,420,4148470,2908880,0,0,0,0,1184450,0
[E3INE-CSV] 2,421,4022230,2812340,0,0,0,0,1157100,0
[E3INE-CSV] 2,422,4627380,3146040,0,0,0,0,1419730,0
[E3INE-CSV] 2,423,4198380,2891780,0,0,0,0,1244080,0
[E3INE-CSV] 2,424,1839500,1238550,0,0,0,0,569700,0
[E3INE-CSV] 2,425,4120390,2932670,0,0,0,0,1134540,0
[E3INE-CSV] 2,426,4156940,2879410,0,0,0,0,1219700,0
[E3INE-CSV] 2,427,4511360,2987380,0,0,0,0,1460990,0
[E3INE-CSV] 2,428,4143120,2923460,0,0,0,0,1163520,0
[E3INE-CSV] 2,429,3926910,2708430,0,0,0,0,1163370,0
[E3INE-CSV] 2,430,4223380,2923040,0,0,0,0,1242230,0
[E3INE-CSV] 2,431,4565750,3067140,0,0,0,0,1440620,0
[E3INE-CSV] 2,432,4608690,3113590,0,0,0,0,1432170,0
[E3INE-CSV] 2,433,4525560,3039040,0,0,0,0,1426810,0
[E3INE-CSV] 2,434,4166380,2908400,0,0,0,0,1200600,0
[E3INE-CSV] 2,435,3913860,2729510,0,0,0,0,1131980,0
[E3INE-CSV] 2,436,4581250,3019840,0,0,0,0,1497000,0
[E3INE-CSV] 2,437,4607940,3082050,0,0,0,0,1462230,0
[E3INE-CSV] 2,438,4545930,2999320,0,0,0,0,1489490,0
[E3INE-CSV] 2,439,4171890,2925060,0,0,0,0,1187050,0
[E3INE-CSV] 2,440,4090830,2861520,0,0,0,0,1173230,0
[E3INE-CSV] 2,441,4107980,2867860,0,0,0,0,1183860,0
[E3INE-CSV] 2,442,4563000,3064020,0,0,0,0,1429080,0
[E3INE-CSV] 2,443,4545700,3004500,0,0,0,0,1486300,0
[E3INE-CSV] 2,444,4517130,3041570,0,0,0,0,1417570,0
[E3INE-CSV] 2,445,4195140,2890310,0,0,0,0,1244900,0
[E3INE-CSV] 2,446,4526800,3022620,0,0,0,0,1445850,0
[E3INE-CSV] 2,447,4702090,3195720,0,0,0,0,1443480,0
[E3INE-CSV] 2,448,4481820,2998570,0,0,0,0,1422640,0
[E3INE-CSV] 2,449,4019760,2781380,0,0,0,0,1185160,0
[E3INE-CSV] 2,450,4278920,3026680,0,0,0,0,1193580,0
[E3INE-CSV] 2,451,4184960,2932030,0,0,0,0,1196470,0
[E3INE-CSV] 2,452,4691840,3140580,0,0,0,0,1486090,0
[E3INE-CSV] 2,453,4565760,3041920,0,0,0,0,1467550,0
[E3INE-CSV] 2,454,4599740,2836260,0,0,0,0,1711300,0
[E3INE-CSV] 2,455,4184260,2955830,0,0,0,0,1174290,0
[E3INE-CSV] 2,456,4527040,3027320,0,0,0,0,1439310,0
[E3INE-CSV] 2,457,4563150,3071400,0,0,0,0,1423150,0
[E3INE-CSV] 2,458,4547520,3038700,0,0,0,0,1451840,0
[E3INE-CSV] 2,459,4196380,2968650,0,0,0,0,1166910,0
[E3INE-CSV] 2,460,4121780,2809020,0,0,0,0,1255070,0
[E3INE-CSV] 2,461,4138980,2877560,0,0,0,0,1203760,0
[E3INE-CSV] 2,462,4266770,2942560,0,0,0,0,1263850,0
[E3INE-CSV] 2,463,4282350,2705290,0,0,0,0,1357000,0
[E3INE-CSV] 2,464,4213080,2947540,0,0,0,0,1207370,0
[E3INE-CSV] 2,465,4103610,2820520,0,0,0,0,1224660,0
[E3INE-CSV] 2,466,4164770,2906360,0,0,0,0,1198550,0
[E3INE-CSV] 2,467,4256630,2976950,0,0,0,0,1216340,0
[E3INE-CSV] 2,468,4143940,2897070,0,0,0,0,1193700,0
[E3INE-CSV] 2,469,3994510,2780520,0,0,0,0,1162050,0
[E3INE-CSV] 2,470,4096980,2869620,0,0,0,0,1168920,0
[E3INE-CSV] 2,471,4181460,2904920,0,0,0,0,1222500,0
[E3INE-CSV] 2,472,4535770,3067110,0,0,0,0,1396200,0
[E3INE-CSV] 2,473,4164440,2917260,0,0,0,0,1190100,0
[E3INE-CSV] 2,474,3956520,2744250,0,0,0,0,1162690,0
[E3INE-CSV] 2,475,3983940,2767720,0,0,0,0,1162720,0
[E3INE-CSV] 2,476,4571600,3080570,0,0,0,0,1430680,0
[E3INE-CSV] 2,477,4518670,3038170,0,0,0,0,1419720,0
[E3INE-CSV] 2,478,4253500,2959510,0,0,0,0,1233780,0
[E3INE-CSV] 2,479,4002780,2800680,0,0,0,0,1148330,0
[E3INE-CSV] 2,480,4173440,2889960,0,0,0,0,1225640,0
[E3INE-CSV] 2,481,4534780,3046700,0,0,0,0,1430830,0
[E3INE-CSV] 2,482,4618470,3084410,0,0,0,0,1473000,0
[E3INE-CSV] 2,483,4194930,2885130,0,0,0,0,1252430,0
[E3INE-CSV] 2,484,4156950,2923780,0,0,0,0,1183210,0
[E3INE-CSV] 2,485,3968190,2723280,0,0,0,0,1190610,0
[E3INE-CSV] 2,486,4173920,2864110,0,0,0,0,1250660,0
[E3INE-CSV] 2,487,4671760,3157660,0,0,0,0,1454040,0
[E3INE-CSV] 2,488,4249020,2978880,0,0,0,0,1213270,0
[E3INE-CSV] 2,489,4028290,2754290,0,0,0,0,1218640,0
[E3INE-CSV] 2,490,4052020,2852920,0,0,0,0,1145100,0
[E3INE-CSV] 2,491,4102560,2846200,0,0,0,0,1202450,0
[E3INE-CSV] 2,492,4607610,3082750,0,0,0,0,1464230,0
[E3INE-CSV] 2,493,4277110,2975470,0,0,0,0,1245550,0
[E3INE-CSV] 2,494,4235940,3011440,0,0,0,0,1171250,0
[E3INE-CSV] 2,495,4205180,2917190,0,0,0,0,1229660,0
[E3INE-CSV] 2,496,4279650,3028770,0,0,0,0,1196410,0
[E3INE-CSV] 2,497,4576180,3073330,0,0,0,0,1441880,0
[E3INE-CSV] 2,498,4265300,2932700,0,0,0,0,1276740,0
[E3INE-CSV] 2,499,4647700,3280110,0,0,0,0,1301390,0
[E3INE-SUMMARY] chain_len=2 e2e_avg=4403915 publish_avg=3043445 sched_avg=1293941

*** FATAL ***
fatal source: 0 (INTERNAL_ERROR_CORE)
fatal code: 5 (INTERNAL_ERROR_THREAD_EXITTED)
RTEMS version: 6.1.0.not-released
RTEMS tools: 13.3.0 20240521 (RTEMS 6, RSB no-repo, Newlib 1b3dcfd)
executing thread ID: 0x0a010001
executing thread name: UI1 
