
RTEMS Shell on /dev/console. Use 'help' to list commands.
SHLL [/] # nexus0: <RTEMS Nexus device>
info: lo0: link state changed to UP
=== Exp3inter-RT: Task Chain (n=10) RTExecutor ===
Period: 200ms, Rounds: 500
[E3IRT-CSV] chain_len,round,e2e_ns,publish_ns,gc_trigger_ns,invoke_cb_ns,getnext_ns,take_data_ns,sched_ns,dispatch_ns
[RTExecutor] Constructed (kernel-driven, no spin)
666666
CPP Msg not nullptr
CPP Msg not nullptr
CPP Msg not nullptr
CPP Msg not nullptr
C Msg not NULL
C Msg not NULL
CPP Srv not nullptr
CPP Srv not nullptr
CPP Srv not nullptr
CPP Srv not nullptr
CPP Srv not nullptr
CPP Srv not nullptr
CPP Msg not nullptr
CPP Msg not nullptr
CPP Msg not nullptr
CPP Msg not nullptr
CPP Msg not nullptr
CPP Msg not nullptr
C Msg not NULL
C Msg not NULL
CPP Srv not nullptr
CPP Srv not nullptr
CPP Srv not nullptr
CPP Srv not nullptr
CPP Srv not nullptr
CPP Srv not nullptr
CPP Msg not nullptr
CPP Msg not nullptr
CPP Msg not nullptr
CPP Msg not nullptr
CPP Msg not nullptr
CPP Msg not nullptr
CPP Msg not nullptr
CPP Msg not nullptr
C Msg not NULL
C Msg not NULL
CPP Srv not nullptr
CPP Srv not nullptr
CPP Srv not nullptr
CPP Srv not nullptr
CPP Srv not nullptr
CPP Srv not nullptr
CPP Msg not nullptr
CPP Msg not nullptr
CPP Msg not nullptr
CPP Msg not nullptr
CPP Msg not nullptr
CPP Msg not nullptr
CPP Msg not nullptr
CPP Msg not nullptr
C Msg not NULL
C Msg not NULL
CPP Srv not nullptr
CPP Srv not nullptr
CPP Srv not nullptr
CPP Srv not nullptr
CPP Srv not nullptr
CPP Srv not nullptr
CPP Msg not nullptr
CPP Msg not nullptr
CPP Msg not nullptr
CPP Msg not nullptr
CPP Msg not nullptr
CPP Msg not nullptr
CPP Msg not nullptr
CPP Msg not nullptr
C Msg not NULL
C Msg not NULL
CPP Srv not nullptr
CPP Srv not nullptr
CPP Srv not nullptr
CPP Srv not nullptr
CPP Srv not nullptr
CPP Srv not nullptr
CPP Msg not nullptr
CPP Msg not nullptr
CPP Msg not nullptr
CPP Msg not nullptr
CPP Msg not nullptr
CPP Msg not nullptr
CPP Msg not nullptr
CPP Msg not nullptr
C Msg not NULL
C Msg not NULL
CPP Srv not nullptr
CPP Srv not nullptr
CPP Srv not nullptr
CPP Srv not nullptr
CPP Srv not nullptr
CPP Srv not nullptr
CPP Msg not nullptr
CPP Msg not nullptr
CPP Msg not nullptr
CPP Msg not nullptr
CPP Msg not nullptr
CPP Msg not nullptr
CPP Msg not nullptr
CPP Msg not nullptr
C Msg not NULL
C Msg not NULL
CPP Srv not nullptr
CPP Srv not nullptr
CPP Srv not nullptr
CPP Srv not nullptr
CPP Srv not nullptr
CPP Srv not nullptr
CPP Msg not nullptr
CPP Msg not nullptr
CPP Msg not nullptr
CPP Msg not nullptr
CPP Msg not nullptr
CPP Msg not nullptr
CPP Msg not nullptr
CPP Msg not nullptr
C Msg not NULL
C Msg not NULL
CPP Srv not nullptr
CPP Srv not nullptr
CPP Srv not nullptr
CPP Srv not nullptr
CPP Srv not nullptr
CPP Srv not nullptr
CPP Msg not nullptr
CPP Msg not nullptr
CPP Msg not nullptr
CPP Msg not nullptr
CPP Msg not nullptr
CPP Msg not nullptr
CPP Msg not nullptr
CPP Msg not nullptr
C Msg not NULL
C Msg not NULL
CPP Srv not nullptr
CPP Srv not nullptr
CPP Srv not nullptr
CPP Srv not nullptr
CPP Srv not nullptr
CPP Srv not nullptr
CPP Msg not nullptr
CPP Msg not nullptr
CPP Msg not nullptr
CPP Msg not nullptr
CPP Msg not nullptr
CPP Msg not nullptr
CPP Msg not nullptr
CPP Msg not nullptr
C Msg not NULL
C Msg not NULL
CPP Srv not nullptr
CPP Srv not nullptr
CPP Srv not nullptr
CPP Srv not nullptr
CPP Srv not nullptr
CPP Srv not nullptr
CPP Msg not nullptr
CPP Msg not nullptr
CPP Msg not nullptr
CPP Msg not nullptr
CPP Msg not nullptr
CPP Msg not nullptr
[RTExecutor] Registered timer ch=0 period=200ms pri=60
[CallbackTask] Started 'SUB0' pri=80 tid=167837713
[RTExecutor] Registered subscription 'chain_1' pri=80 direct_notify=ON
[CallbackTask] Started 'SUB1' pri=80 tid=167837714
[RTExecutor] Registered subscription 'chain_2' pri=80 direct_notify=ON
[CallbackTask] Started 'SUB2' pri=80 tid=167837715
[RTExecutor] Registered subscription 'chain_3' pri=80 direct_notify=ON
[CallbackTask] Started 'SUB3' pri=80 tid=167837716
[RTExecutor] Registered subscription 'chain_4' pri=80 direct_notify=ON
[CallbackTask] Started 'SUB4' pri=80 tid=167837717
[RTExecutor] Registered subscription 'chain_5' pri=80 direct_notify=ON
[CallbackTask] Started 'SUB5' pri=80 tid=167837718
[RTExecutor] Registered subscription 'chain_6' pri=80 direct_notify=ON
[CallbackTask] Started 'SUB6' pri=80 tid=167837719
[RTExecutor] Registered subscription 'chain_7' pri=80 direct_notify=ON
[CallbackTask] Started 'SUB7' pri=80 tid=167837720
[RTExecutor] Registered subscription 'chain_8' pri=80 direct_notify=ON
[CallbackTask] Started 'SUB8' pri=80 tid=167837721
[RTExecutor] Registered subscription 'chain_9' pri=80 direct_notify=ON
[CallbackTask] Started 'TM0' pri=60 tid=167837722
[RTExecutor] Timer ch=0 period=200t target=167837722
[RTExecutor] Running — ALL callbacks kernel-driven, NO polling
[E3IRT-CSV] 10,0,20157700,9947050,0,0,0,0,8838920,0
[E3IRT-CSV] 10,1,7309240,4350580,0,0,0,0,2814510,0
[E3IRT-CSV] 10,2,6995710,3951000,0,0,0,0,2896590,0
[E3IRT-CSV] 10,3,6786230,3950580,0,0,0,0,2690550,0
[E3IRT-CSV] 10,4,6743730,3828570,0,0,0,0,2767910,0
[E3IRT-CSV] 10,5,6892230,3854210,0,0,0,0,2895700,0
[E3IRT-CSV] 10,6,6884110,3969400,0,0,0,0,2771590,0
[E3IRT-CSV] 10,7,6882890,3769190,0,0,0,0,2970750,0
[E3IRT-CSV] 10,8,6746960,3787150,0,0,0,0,2825170,0
[E3IRT-CSV] 10,9,6602620,3672220,0,0,0,0,2791710,0
[E3IRT-CSV] 10,10,6529910,3518580,0,0,0,0,2879180,0
[E3IRT-CSV] 10,11,6650790,3743190,0,0,0,0,2757270,0
[E3IRT-CSV] 10,12,6822450,4009030,0,0,0,0,2666230,0
[E3IRT-CSV] 10,13,6721730,3952200,0,0,0,0,2619750,0
[E3IRT-CSV] 10,14,6623010,3560330,0,0,0,0,2930600,0
[E3IRT-CSV] 10,15,7754310,4712890,0,0,0,0,2843930,0
[E3IRT-CSV] 10,16,7243920,4197520,0,0,0,0,2902140,0
[E3IRT-CSV] 10,17,6933070,4066280,0,0,0,0,2717960,0
[E3IRT-CSV] 10,18,6864460,4024670,0,0,0,0,2700140,0
[E3IRT-CSV] 10,19,6639590,3745480,0,0,0,0,2756100,0
[E3IRT-CSV] 10,20,6322310,3636020,0,0,0,0,2562060,0
[E3IRT-CSV] 10,21,6881360,4035540,0,0,0,0,2705710,0
[E3IRT-CSV] 10,22,6808610,3982550,0,0,0,0,2677360,0
[E3IRT-CSV] 10,23,6639430,3751120,0,0,0,0,2752250,0
[E3IRT-CSV] 10,24,6919750,3910750,0,0,0,0,2704960,0
[E3IRT-CSV] 10,25,6642970,3735710,0,0,0,0,2765130,0
[E3IRT-CSV] 10,26,6810800,4005250,0,0,0,0,2669210,0
[E3IRT-CSV] 10,27,6893180,3876290,0,0,0,0,2858070,0
[E3IRT-CSV] 10,28,6765310,3966260,0,0,0,0,2651180,0
[E3IRT-CSV] 10,29,6476300,3599360,0,0,0,0,2744770,0
[E3IRT-CSV] 10,30,6322940,3614900,0,0,0,0,2583210,0
[E3IRT-CSV] 10,31,6520920,3507610,0,0,0,0,2739870,0
[E3IRT-CSV] 10,32,6965160,4089550,0,0,0,0,2706520,0
[E3IRT-CSV] 10,33,6670090,3737820,0,0,0,0,2790910,0
[E3IRT-CSV] 10,34,6625830,3717050,0,0,0,0,2768990,0
[E3IRT-CSV] 10,35,6292180,3474190,0,0,0,0,2693140,0
[E3IRT-CSV] 10,36,7110920,3778220,0,0,0,0,3183470,0
[E3IRT-CSV] 10,37,6692510,3775510,0,0,0,0,2768630,0
[E3IRT-CSV] 10,38,6618620,3719370,0,0,0,0,2752980,0
[E3IRT-CSV] 10,39,6746480,3968210,0,0,0,0,2635070,0
[E3IRT-CSV] 10,40,6480730,3642620,0,0,0,0,2565390,0
[E3IRT-CSV] 10,41,6619320,3718110,0,0,0,0,2762050,0
[E3IRT-CSV] 10,42,6210560,3919420,0,0,0,0,2142160,0
[E3IRT-CSV] 10,43,7374730,4030510,0,0,0,0,3189330,0
[E3IRT-CSV] 10,44,6670260,3750240,0,0,0,0,2784730,0
[E3IRT-CSV] 10,45,6263010,3430180,0,0,0,0,2710820,0
[E3IRT-CSV] 10,46,6640510,3746760,0,0,0,0,2754780,0
[E3IRT-CSV] 10,47,6815150,3972040,0,0,0,0,2699170,0
[E3IRT-CSV] 10,48,6662350,3712990,0,0,0,0,2804080,0
[E3IRT-CSV] 10,49,6732350,3919140,0,0,0,0,2662660,0
[E3IRT-CSV] 10,50,6733890,3912850,0,0,0,0,2674070,0
[E3IRT-CSV] 10,51,6645200,3729730,0,0,0,0,2778220,0
[E3IRT-CSV] 10,52,6672660,3892980,0,0,0,0,2624880,0
[E3IRT-CSV] 10,53,6509660,3658930,0,0,0,0,2718520,0
[E3IRT-CSV] 10,54,6758600,3946770,0,0,0,0,2530760,0
[E3IRT-CSV] 10,55,6022080,3497360,0,0,0,0,2385190,0
[E3IRT-CSV] 10,56,6804890,3965990,0,0,0,0,2681850,0
[E3IRT-CSV] 10,57,7448770,4048190,0,0,0,0,3237370,0
[E3IRT-CSV] 10,58,6571480,3685820,0,0,0,0,2744390,0
[E3IRT-CSV] 10,59,6685370,3903730,0,0,0,0,2637900,0
[E3IRT-CSV] 10,60,6630720,3733660,0,0,0,0,2751800,0
[E3IRT-CSV] 10,61,6694330,3890210,0,0,0,0,2653470,0
[E3IRT-CSV] 10,62,7017920,4127190,0,0,0,0,2731650,0
[E3IRT-CSV] 10,63,7143580,4043680,0,0,0,0,2950590,0
[E3IRT-CSV] 10,64,6653290,4028380,0,0,0,0,2476620,0
[E3IRT-CSV] 10,65,6605600,3681960,0,0,0,0,2778560,0
[E3IRT-CSV] 10,66,6611750,3842970,0,0,0,0,2628990,0
[E3IRT-CSV] 10,67,6645570,3690100,0,0,0,0,2800520,0
[E3IRT-CSV] 10,68,6656180,3865990,0,0,0,0,2648140,0
[E3IRT-CSV] 10,69,6465590,3613120,0,0,0,0,2720640,0
[E3IRT-CSV] 10,70,6613630,3725650,0,0,0,0,2746150,0
[E3IRT-CSV] 10,71,6661340,3850510,0,0,0,0,2661960,0
[E3IRT-CSV] 10,72,6685570,3901320,0,0,0,0,2632680,0
[E3IRT-CSV] 10,73,6780510,3939880,0,0,0,0,2692600,0
[E3IRT-CSV] 10,74,6552810,3677890,0,0,0,0,2734510,0
[E3IRT-CSV] 10,75,7366840,4401690,0,0,0,0,2689200,0
[E3IRT-CSV] 10,76,6823320,3972890,0,0,0,0,2704750,0
[E3IRT-CSV] 10,77,6834610,3999520,0,0,0,0,2700080,0
[E3IRT-CSV] 10,78,6612940,3978760,0,0,0,0,2492280,0
[E3IRT-CSV] 10,79,6789850,3941990,0,0,0,0,2689100,0
[E3IRT-CSV] 10,80,6628570,3866980,0,0,0,0,2619240,0
[E3IRT-CSV] 10,81,6662930,3895480,0,0,0,0,2478250,0
[E3IRT-CSV] 10,82,7550820,4379400,0,0,0,0,3021600,0
[E3IRT-CSV] 10,83,6692910,3909070,0,0,0,0,2638380,0
[E3IRT-CSV] 10,84,6677410,3908400,0,0,0,0,2620230,0
[E3IRT-CSV] 10,85,6818220,3989690,0,0,0,0,2682750,0
[E3IRT-CSV] 10,86,6615620,4023480,0,0,0,0,2447730,0
[E3IRT-CSV] 10,87,6759450,3664730,0,0,0,0,2767430,0
[E3IRT-CSV] 10,88,6878210,4037170,0,0,0,0,2690580,0
[E3IRT-CSV] 10,89,6871250,4044330,0,0,0,0,2677300,0
[E3IRT-CSV] 10,90,6818500,3989630,0,0,0,0,2673050,0
[E3IRT-CSV] 10,91,6598800,3967600,0,0,0,0,2489630,0
[E3IRT-CSV] 10,92,6937960,3770400,0,0,0,0,3027940,0
[E3IRT-CSV] 10,93,6586650,3674410,0,0,0,0,2758900,0
[E3IRT-CSV] 10,94,6763860,3968560,0,0,0,0,2653730,0
[E3IRT-CSV] 10,95,6635440,3895540,0,0,0,0,2594560,0
[E3IRT-CSV] 10,96,6526840,3648050,0,0,0,0,2743910,0
[E3IRT-CSV] 10,97,6666280,4034610,0,0,0,0,2474030,0
[E3IRT-CSV] 10,98,7160890,4026960,0,0,0,0,2988640,0
[E3IRT-CSV] 10,99,7156770,4041740,0,0,0,0,2764910,0
[E3IRT-CSV] 10,100,6496540,3664610,0,0,0,0,2699710,0
[E3IRT-CSV] 10,101,9078340,4674830,0,0,0,0,4243900,0
[E3IRT-CSV] 10,102,6836830,3997040,0,0,0,0,2690900,0
[E3IRT-CSV] 10,103,7147690,3987280,0,0,0,0,3001920,0
[E3IRT-CSV] 10,104,7552120,4233830,0,0,0,0,3173010,0
[E3IRT-CSV] 10,105,7487350,4273220,0,0,0,0,3067040,0
[E3IRT-CSV] 10,106,6726810,3642530,0,0,0,0,2763790,0
[E3IRT-CSV] 10,107,6810140,3974680,0,0,0,0,2692690,0
[E3IRT-CSV] 10,108,6509230,4025620,0,0,0,0,2345630,0
[E3IRT-CSV] 10,109,6791060,3976210,0,0,0,0,2667030,0
[E3IRT-CSV] 10,110,6576680,3810160,0,0,0,0,2633210,0
[E3IRT-CSV] 10,111,6656990,3888840,0,0,0,0,2617530,0
[E3IRT-CSV] 10,112,6905630,4049780,0,0,0,0,2709360,0
[E3IRT-CSV] 10,113,6778090,3967330,0,0,0,0,2656990,0
[E3IRT-CSV] 10,114,7563660,4635490,0,0,0,0,2775510,0
[E3IRT-CSV] 10,115,6715420,3801970,0,0,0,0,2626270,0
[E3IRT-CSV] 10,116,7112840,4004760,0,0,0,0,2954800,0
[E3IRT-CSV] 10,117,6767870,3965980,0,0,0,0,2634100,0
[E3IRT-CSV] 10,118,6635310,3886180,0,0,0,0,2607690,0
[E3IRT-CSV] 10,119,6516870,3649180,0,0,0,0,2735040,0
[E3IRT-CSV] 10,120,6354310,3568590,0,0,0,0,2664510,0
[E3IRT-CSV] 10,121,6539270,4065580,0,0,0,0,2332960,0
[E3IRT-CSV] 10,122,6825180,3974730,0,0,0,0,2699400,0
[E3IRT-CSV] 10,123,6640210,3886170,0,0,0,0,2613770,0
[E3IRT-CSV] 10,124,6762470,3944640,0,0,0,0,2675810,0
[E3IRT-CSV] 10,125,6684790,3893770,0,0,0,0,2646650,0
[E3IRT-CSV] 10,126,6729360,3919310,0,0,0,0,2668710,0
[E3IRT-CSV] 10,127,6888820,3881950,0,0,0,0,2854690,0
[E3IRT-CSV] 10,128,6650580,3908450,0,0,0,0,2603070,0
[E3IRT-CSV] 10,129,6710860,3933140,0,0,0,0,2635080,0
[E3IRT-CSV] 10,130,6686200,3719500,0,0,0,0,2829710,0
[E3IRT-CSV] 10,131,6778420,3664310,0,0,0,0,2825990,0
[E3IRT-CSV] 10,132,6674880,3741500,0,0,0,0,2786250,0
[E3IRT-CSV] 10,133,7441310,4131990,0,0,0,0,3172920,0
[E3IRT-CSV] 10,134,6554880,3591040,0,0,0,0,2831430,0
[E3IRT-CSV] 10,135,6662940,3906330,0,0,0,0,2619010,0
[E3IRT-CSV] 10,136,6982780,3654830,0,0,0,0,3012960,0
[E3IRT-CSV] 10,137,6855350,3859030,0,0,0,0,2859450,0
[E3IRT-CSV] 10,138,6572080,3687270,0,0,0,0,2605840,0
[E3IRT-CSV] 10,139,6813390,3986220,0,0,0,0,2684380,0
[E3IRT-CSV] 10,140,7421120,4398780,0,0,0,0,2873150,0
[E3IRT-CSV] 10,141,6815170,3859590,0,0,0,0,2668580,0
[E3IRT-CSV] 10,142,6656260,3779640,0,0,0,0,2600060,0
[E3IRT-CSV] 10,143,6798340,3705150,0,0,0,0,2667570,0
[E3IRT-CSV] 10,144,7222280,3857940,0,0,0,0,3100010,0
[E3IRT-CSV] 10,145,7006950,4065820,0,0,0,0,2801670,0
[E3IRT-CSV] 10,146,7454130,4293240,0,0,0,0,2891790,0
[E3IRT-CSV] 10,147,6773370,3667070,0,0,0,0,2834020,0
[E3IRT-CSV] 10,148,6583630,3621750,0,0,0,0,2803120,0
[E3IRT-CSV] 10,149,6701770,3641310,0,0,0,0,2787520,0
[E3IRT-CSV] 10,150,7070400,3873690,0,0,0,0,3066270,0
[E3IRT-CSV] 10,151,6740440,3792160,0,0,0,0,2679730,0
[E3IRT-CSV] 10,152,7655230,4084160,0,0,0,0,3306860,0
[E3IRT-CSV] 10,153,6579640,3707900,0,0,0,0,2612180,0
[E3IRT-CSV] 10,154,7542940,4553350,0,0,0,0,2720370,0
[E3IRT-CSV] 10,155,6762880,3657130,0,0,0,0,2832680,0
[E3IRT-CSV] 10,156,10202940,5772740,0,0,0,0,4059860,0
[E3IRT-CSV] 10,157,10632760,5923210,0,0,0,0,4460450,0
[E3IRT-CSV] 10,158,10518450,5947140,0,0,0,0,4314780,0
[E3IRT-CSV] 10,159,6744060,3830980,0,0,0,0,2660580,0
[E3IRT-CSV] 10,160,6654860,3780210,0,0,0,0,2607250,0
[E3IRT-CSV] 10,161,6756170,3890150,0,0,0,0,2664650,0
[E3IRT-CSV] 10,162,13705570,7930560,0,0,0,0,5500500,0
[E3IRT-CSV] 10,163,10080110,5566370,0,0,0,0,4243100,0
[E3IRT-CSV] 10,164,7021040,3693920,0,0,0,0,3081280,0
[E3IRT-CSV] 10,165,7007530,3645490,0,0,0,0,3112480,0
[E3IRT-CSV] 10,166,7405580,3690820,0,0,0,0,3462110,0
[E3IRT-CSV] 10,167,6683680,3657430,0,0,0,0,2795320,0
[E3IRT-CSV] 10,168,6561390,3713730,0,0,0,0,2618060,0
[E3IRT-CSV] 10,169,13248660,7722940,0,0,0,0,5260860,0
[E3IRT-CSV] 10,170,7946560,4380170,0,0,0,0,3168020,0
[E3IRT-CSV] 10,171,6780960,3822780,0,0,0,0,2805920,0
[E3IRT-CSV] 10,172,6665780,3645770,0,0,0,0,2771310,0
[E3IRT-CSV] 10,173,4256070,2383730,0,0,0,0,1776680,0
[E3IRT-CSV] 10,174,13415540,7668610,0,0,0,0,5458900,0
[E3IRT-CSV] 10,175,7792780,4453220,0,0,0,0,3164280,0
[E3IRT-CSV] 10,176,9455280,5238230,0,0,0,0,3744400,0
[E3IRT-CSV] 10,177,8454810,4981300,0,0,0,0,3219800,0
[E3IRT-CSV] 10,178,6679050,3758890,0,0,0,0,2779000,0
[E3IRT-CSV] 10,179,7394990,3865510,0,0,0,0,3292550,0
[E3IRT-CSV] 10,180,6942650,3892110,0,0,0,0,2832770,0
[E3IRT-CSV] 10,181,6530270,3709960,0,0,0,0,2603630,0
[E3IRT-CSV] 10,182,6653670,3700290,0,0,0,0,2814720,0
[E3IRT-CSV] 10,183,6600290,3752620,0,0,0,0,2628950,0
[E3IRT-CSV] 10,184,8724690,4924050,0,0,0,0,3319250,0
[E3IRT-CSV] 10,185,10143410,6005220,0,0,0,0,3907300,0
[E3IRT-CSV] 10,186,7194980,4188760,0,0,0,0,2727900,0
[E3IRT-CSV] 10,187,6572180,3638440,0,0,0,0,2780880,0
[E3IRT-CSV] 10,188,6779670,3760550,0,0,0,0,2866420,0
[E3IRT-CSV] 10,189,6582880,3622180,0,0,0,0,2643950,0
[E3IRT-CSV] 10,190,6330800,3626380,0,0,0,0,2573910,0
[E3IRT-CSV] 10,191,6441920,3679760,0,0,0,0,2622250,0
[E3IRT-CSV] 10,192,6726750,3728800,0,0,0,0,2848730,0
[E3IRT-CSV] 10,193,7316480,4239600,0,0,0,0,2933660,0
[E3IRT-CSV] 10,194,6737270,3610990,0,0,0,0,2981640,0
[E3IRT-CSV] 10,195,6404320,3684090,0,0,0,0,2593740,0
[E3IRT-CSV] 10,196,6637660,3699920,0,0,0,0,2795300,0
[E3IRT-CSV] 10,197,8101000,4386850,0,0,0,0,3536090,0
[E3IRT-CSV] 10,198,6581170,3665480,0,0,0,0,2777250,0
[E3IRT-CSV] 10,199,6675380,3689040,0,0,0,0,2838550,0
[E3IRT-CSV] 10,200,7129190,4112160,0,0,0,0,2877160,0
[E3IRT-CSV] 10,201,6489770,3734980,0,0,0,0,2614330,0
[E3IRT-CSV] 10,202,6661120,3705190,0,0,0,0,2801110,0
[E3IRT-CSV] 10,203,6512920,3612650,0,0,0,0,2761280,0
[E3IRT-CSV] 10,204,6616030,3669890,0,0,0,0,2662570,0
[E3IRT-CSV] 10,205,6526250,3606530,0,0,0,0,2772650,0
[E3IRT-CSV] 10,206,6599120,3643140,0,0,0,0,2666860,0
[E3IRT-CSV] 10,207,6630640,3685150,0,0,0,0,2659410,0
[E3IRT-CSV] 10,208,6579400,3652020,0,0,0,0,2784620,0
[E3IRT-CSV] 10,209,7192770,3981040,0,0,0,0,2897960,0
[E3IRT-CSV] 10,210,6452020,3696790,0,0,0,0,2628640,0
[E3IRT-CSV] 10,211,7047340,3861600,0,0,0,0,2890080,0
[E3IRT-CSV] 10,212,6732010,3729400,0,0,0,0,2853610,0
[E3IRT-CSV] 10,213,6524910,3613610,0,0,0,0,2772170,0
[E3IRT-CSV] 10,214,6452870,3703390,0,0,0,0,2610850,0
[E3IRT-CSV] 10,215,6202890,3568060,0,0,0,0,2509830,0
[E3IRT-CSV] 10,216,6494780,3740230,0,0,0,0,2610110,0
[E3IRT-CSV] 10,217,6799250,3781200,0,0,0,0,2870150,0
[E3IRT-CSV] 10,218,6491880,3715200,0,0,0,0,2637600,0
[E3IRT-CSV] 10,219,7905780,4834010,0,0,0,0,2827470,0
[E3IRT-CSV] 10,220,6523120,3716250,0,0,0,0,2536840,0
[E3IRT-CSV] 10,221,6721330,3617900,0,0,0,0,2967280,0
[E3IRT-CSV] 10,222,6632300,3684080,0,0,0,0,2801200,0
[E3IRT-CSV] 10,223,7021530,3841620,0,0,0,0,3033710,0
[E3IRT-CSV] 10,224,6476060,3578300,0,0,0,0,2759660,0
[E3IRT-CSV] 10,225,6425740,3663280,0,0,0,0,2628900,0
[E3IRT-CSV] 10,226,7640120,4366170,0,0,0,0,3129890,0
[E3IRT-CSV] 10,227,6672050,3548540,0,0,0,0,2977840,0
[E3IRT-CSV] 10,228,7001070,3847670,0,0,0,0,3013200,0
[E3IRT-CSV] 10,229,6336820,3616990,0,0,0,0,2588100,0
[E3IRT-CSV] 10,230,6530890,3601590,0,0,0,0,2792500,0
[E3IRT-CSV] 10,231,6800840,3920100,0,0,0,0,2739150,0
[E3IRT-CSV] 10,232,6649320,3708430,0,0,0,0,2786530,0
[E3IRT-CSV] 10,233,6535580,3610490,0,0,0,0,2785030,0
[E3IRT-CSV] 10,234,1108280,591940,0,0,0,0,488850,0
[E3IRT-CSV] 10,235,6384960,3530500,0,0,0,0,2718980,0
[E3IRT-CSV] 10,236,6405430,3669520,0,0,0,0,2602480,0
[E3IRT-CSV] 10,237,6663880,3566290,0,0,0,0,2806130,0
[E3IRT-CSV] 10,238,7114870,3653880,0,0,0,0,3143860,0
[E3IRT-CSV] 10,239,6439160,3695990,0,0,0,0,2608660,0
[E3IRT-CSV] 10,240,6384740,3518680,0,0,0,0,2590660,0
[E3IRT-CSV] 10,241,6556920,3760330,0,0,0,0,2655750,0
[E3IRT-CSV] 10,242,7467340,4195820,0,0,0,0,3105200,0
[E3IRT-CSV] 10,243,6513350,3605920,0,0,0,0,2767930,0
[E3IRT-CSV] 10,244,7538030,4011790,0,0,0,0,3381070,0
[E3IRT-CSV] 10,245,6557800,3640690,0,0,0,0,2648180,0
[E3IRT-CSV] 10,246,6383850,3676300,0,0,0,0,2574340,0
[E3IRT-CSV] 10,247,7850400,4680630,0,0,0,0,2825760,0
[E3IRT-CSV] 10,248,6521590,3604520,0,0,0,0,2780010,0
[E3IRT-CSV] 10,249,6628360,3590890,0,0,0,0,2894470,0
[E3IRT-CSV] 10,250,11322280,6496890,0,0,0,0,4597310,0
[E3IRT-CSV] 10,251,6391530,3519120,0,0,0,0,2735370,0
[E3IRT-CSV] 10,252,6966520,3917570,0,0,0,0,2846230,0
[E3IRT-CSV] 10,253,6490960,3721660,0,0,0,0,2636650,0
[E3IRT-CSV] 10,254,6317350,3626080,0,0,0,0,2560290,0
[E3IRT-CSV] 10,255,7145170,4163070,0,0,0,0,2850550,0
[E3IRT-CSV] 10,256,6506620,3590420,0,0,0,0,2779950,0
[E3IRT-CSV] 10,257,6627560,3552920,0,0,0,0,2917890,0
[E3IRT-CSV] 10,258,6314350,3639560,0,0,0,0,2549530,0
[E3IRT-CSV] 10,259,6396860,3528810,0,0,0,0,2729870,0
[E3IRT-CSV] 10,260,6376220,3517860,0,0,0,0,2720960,0
[E3IRT-CSV] 10,261,7160020,3726220,0,0,0,0,3284660,0
[E3IRT-CSV] 10,262,6622620,3556090,0,0,0,0,2915820,0
[E3IRT-CSV] 10,263,6519680,3616830,0,0,0,0,2765720,0
[E3IRT-CSV] 10,264,7097820,3552350,0,0,0,0,3406440,0
[E3IRT-CSV] 10,265,6344420,3649990,0,0,0,0,2562800,0
[E3IRT-CSV] 10,266,6476320,3589990,0,0,0,0,2748710,0
[E3IRT-CSV] 10,267,6636350,3693360,0,0,0,0,2796980,0
[E3IRT-CSV] 10,268,6527130,3614760,0,0,0,0,2767700,0
[E3IRT-CSV] 10,269,6515750,3612400,0,0,0,0,2762510,0
[E3IRT-CSV] 10,270,6458430,3577470,0,0,0,0,2751100,0
[E3IRT-CSV] 10,271,6608170,3553250,0,0,0,0,2891740,0
[E3IRT-CSV] 10,272,6713980,3602970,0,0,0,0,2965830,0
[E3IRT-CSV] 10,273,6507790,3600230,0,0,0,0,2763370,0
[E3IRT-CSV] 10,274,9290260,5024560,0,0,0,0,4042680,0
[E3IRT-CSV] 10,275,7051090,4177590,0,0,0,0,2700160,0
[E3IRT-CSV] 10,276,7055100,3982920,0,0,0,0,2921280,0
[E3IRT-CSV] 10,277,6543980,3612030,0,0,0,0,2783740,0
[E3IRT-CSV] 10,278,6558000,3756940,0,0,0,0,2491910,0
[E3IRT-CSV] 10,279,6597850,3530800,0,0,0,0,2903820,0
[E3IRT-CSV] 10,280,6392820,3689760,0,0,0,0,2574700,0
[E3IRT-CSV] 10,281,6991550,3612590,0,0,0,0,3227190,0
[E3IRT-CSV] 10,282,6570380,3501350,0,0,0,0,2920530,0
[E3IRT-CSV] 10,283,13126230,7141720,0,0,0,0,5694160,0
[E3IRT-CSV] 10,284,9373790,5479960,0,0,0,0,3699880,0
[E3IRT-CSV] 10,285,6729300,3613690,0,0,0,0,2986630,0
[E3IRT-CSV] 10,286,6564670,3644090,0,0,0,0,2782770,0
[E3IRT-CSV] 10,287,7080660,3968230,0,0,0,0,2811340,0
[E3IRT-CSV] 10,288,6581960,3636080,0,0,0,0,2806510,0
[E3IRT-CSV] 10,289,6296380,3463760,0,0,0,0,2702800,0
[E3IRT-CSV] 10,290,6193240,3792960,0,0,0,0,2274760,0
[E3IRT-CSV] 10,291,7107070,4035770,0,0,0,0,2929700,0
[E3IRT-CSV] 10,292,6583610,3519860,0,0,0,0,2915630,0
[E3IRT-CSV] 10,293,6464400,3690800,0,0,0,0,2624450,0
[E3IRT-CSV] 10,294,8206020,4735500,0,0,0,0,3225010,0
[E3IRT-CSV] 10,295,7685540,4278730,0,0,0,0,3197350,0
[E3IRT-CSV] 10,296,6429320,3566050,0,0,0,0,2725970,0
[E3IRT-CSV] 10,297,6539210,3760890,0,0,0,0,2636960,0
[E3IRT-CSV] 10,298,6619410,3666410,0,0,0,0,2813500,0
[E3IRT-CSV] 10,299,7451780,3750270,0,0,0,0,3542550,0
[E3IRT-CSV] 10,300,6553580,3648480,0,0,0,0,2769420,0
[E3IRT-CSV] 10,301,6450520,3564460,0,0,0,0,2752920,0
[E3IRT-CSV] 10,302,7944410,4607760,0,0,0,0,3143000,0
[E3IRT-CSV] 10,303,6677540,3693230,0,0,0,0,2843640,0
[E3IRT-CSV] 10,304,6626330,3550120,0,0,0,0,2936000,0
[E3IRT-CSV] 10,305,6617200,3495240,0,0,0,0,2813020,0
[E3IRT-CSV] 10,306,6455670,3575670,0,0,0,0,2753030,0
[E3IRT-CSV] 10,307,9375230,5120610,0,0,0,0,4034950,0
[E3IRT-CSV] 10,308,6654350,3536470,0,0,0,0,2970080,0
[E3IRT-CSV] 10,309,6490820,3607500,0,0,0,0,2599470,0
[E3IRT-CSV] 10,310,7253840,3991910,0,0,0,0,3116300,0
[E3IRT-CSV] 10,311,6569800,3626900,0,0,0,0,2803350,0
[E3IRT-CSV] 10,312,6713540,3571060,0,0,0,0,2992690,0
[E3IRT-CSV] 10,313,11097920,6541920,0,0,0,0,4309110,0
[E3IRT-CSV] 10,314,7115530,3877680,0,0,0,0,3072840,0
[E3IRT-CSV] 10,315,6552420,3633090,0,0,0,0,2779450,0
[E3IRT-CSV] 10,316,8399810,4782750,0,0,0,0,3385190,0
[E3IRT-CSV] 10,317,9286330,4796790,0,0,0,0,4372600,0
[E3IRT-CSV] 10,318,6547900,3606690,0,0,0,0,2801960,0
[E3IRT-CSV] 10,319,6571990,3624150,0,0,0,0,2805680,0
[E3IRT-CSV] 10,320,6636810,3552070,0,0,0,0,2937550,0
[E3IRT-CSV] 10,321,6502740,3604950,0,0,0,0,2760300,0
[E3IRT-CSV] 10,322,7055900,3910730,0,0,0,0,2996050,0
[E3IRT-CSV] 10,323,13158740,7647540,0,0,0,0,5259660,0
[E3IRT-CSV] 10,324,7934350,4377550,0,0,0,0,3373900,0
[E3IRT-CSV] 10,325,6479500,3597960,0,0,0,0,2744660,0
[E3IRT-CSV] 10,326,6439880,3558440,0,0,0,0,2737800,0
[E3IRT-CSV] 10,327,6619650,3516080,0,0,0,0,2955760,0
[E3IRT-CSV] 10,328,12304790,6981920,0,0,0,0,5073260,0
[E3IRT-CSV] 10,329,7318410,4461570,0,0,0,0,2674690,0
[E3IRT-CSV] 10,330,6489230,3461540,0,0,0,0,2753430,0
[E3IRT-CSV] 10,331,6476500,3580420,0,0,0,0,2756550,0
[E3IRT-CSV] 10,332,6967010,3441850,0,0,0,0,3392780,0
[E3IRT-CSV] 10,333,12494400,7340950,0,0,0,0,4911510,0
[E3IRT-CSV] 10,334,7379970,4456800,0,0,0,0,2736380,0
[E3IRT-CSV] 10,335,6420500,3549200,0,0,0,0,2733740,0
[E3IRT-CSV] 10,336,6502410,3565890,0,0,0,0,2790410,0
[E3IRT-CSV] 10,337,6463310,3554930,0,0,0,0,2764570,0
[E3IRT-CSV] 10,338,6503030,3465300,0,0,0,0,2893550,0
[E3IRT-CSV] 10,339,7437360,4177060,0,0,0,0,3122550,0
[E3IRT-CSV] 10,340,6579950,3472110,0,0,0,0,2816160,0
[E3IRT-CSV] 10,341,6548130,3487460,0,0,0,0,2919430,0
[E3IRT-CSV] 10,342,6554070,3600760,0,0,0,0,2809740,0
[E3IRT-CSV] 10,343,11068870,6433160,0,0,0,0,4390240,0
[E3IRT-CSV] 10,344,6601050,3498880,0,0,0,0,2963370,0
[E3IRT-CSV] 10,345,6553350,3468170,0,0,0,0,2946470,0
[E3IRT-CSV] 10,346,7102340,4085630,0,0,0,0,2868280,0
[E3IRT-CSV] 10,347,7001400,3808800,0,0,0,0,3035080,0
[E3IRT-CSV] 10,348,12204000,6948870,0,0,0,0,4800370,0
[E3IRT-CSV] 10,349,6646770,3545240,0,0,0,0,2958440,0
[E3IRT-CSV] 10,350,6483600,3426970,0,0,0,0,2906960,0
[E3IRT-CSV] 10,351,8017350,4449080,0,0,0,0,3398660,0
[E3IRT-CSV] 10,352,6344700,3520180,0,0,0,0,2681990,0
[E3IRT-CSV] 10,353,6623500,3529000,0,0,0,0,2947470,0
[E3IRT-CSV] 10,354,7100680,4204390,0,0,0,0,2744030,0
[E3IRT-CSV] 10,355,6361480,3535320,0,0,0,0,2686190,0
[E3IRT-CSV] 10,356,13253180,7881020,0,0,0,0,5124040,0
[E3IRT-CSV] 10,357,7482740,4288780,0,0,0,0,2999950,0
[E3IRT-CSV] 10,358,6399680,3669800,0,0,0,0,2597390,0
[E3IRT-CSV] 10,359,7078150,4000700,0,0,0,0,2879680,0
[E3IRT-CSV] 10,360,6954460,4025970,0,0,0,0,2757590,0
[E3IRT-CSV] 10,361,7956850,4418830,0,0,0,0,3348760,0
[E3IRT-CSV] 10,362,7706340,4434390,0,0,0,0,3088210,0
[E3IRT-CSV] 10,363,6605530,3674040,0,0,0,0,2792250,0
[E3IRT-CSV] 10,364,6485620,3431320,0,0,0,0,2912480,0
[E3IRT-CSV] 10,365,6502940,3427380,0,0,0,0,2942740,0
[E3IRT-CSV] 10,366,6346330,3485380,0,0,0,0,2736620,0
[E3IRT-CSV] 10,367,6878110,3891080,0,0,0,0,2841180,0
[E3IRT-CSV] 10,368,6544100,3612430,0,0,0,0,2786490,0
[E3IRT-CSV] 10,369,6455560,3416230,0,0,0,0,2900020,0
[E3IRT-CSV] 10,370,6469420,3576850,0,0,0,0,2749960,0
[E3IRT-CSV] 10,371,6434160,3434680,0,0,0,0,2860740,0
[E3IRT-CSV] 10,372,6616490,3928860,0,0,0,0,2535310,0
[E3IRT-CSV] 10,373,6572330,3501880,0,0,0,0,2930450,0
[E3IRT-CSV] 10,374,6537690,3632630,0,0,0,0,2756110,0
[E3IRT-CSV] 10,375,6324110,3615730,0,0,0,0,2574930,0
[E3IRT-CSV] 10,376,6156020,3378830,0,0,0,0,2655400,0
[E3IRT-CSV] 10,377,7743210,4465430,0,0,0,0,3061520,0
[E3IRT-CSV] 10,378,12228550,6941960,0,0,0,0,5062090,0
[E3IRT-CSV] 10,379,9898030,5761740,0,0,0,0,3930520,0
[E3IRT-CSV] 10,380,6324210,3494210,0,0,0,0,2677230,0
[E3IRT-CSV] 10,381,6486410,3424730,0,0,0,0,2926260,0
[E3IRT-CSV] 10,382,6858580,3990200,0,0,0,0,2711120,0
[E3IRT-CSV] 10,383,13188240,7899600,0,0,0,0,5039070,0
[E3IRT-CSV] 10,384,11236670,6058440,0,0,0,0,4734820,0
[E3IRT-CSV] 10,385,6442950,3406470,0,0,0,0,2904340,0
[E3IRT-CSV] 10,386,6290840,3726890,0,0,0,0,2432440,0
[E3IRT-CSV] 10,387,7348550,4399120,0,0,0,0,2801170,0
[E3IRT-CSV] 10,388,13998890,7696040,0,0,0,0,5797890,0
[E3IRT-CSV] 10,389,6461430,3572220,0,0,0,0,2746790,0
[E3IRT-CSV] 10,390,6226120,3562720,0,0,0,0,2533960,0
[E3IRT-CSV] 10,391,6534390,3448050,0,0,0,0,2966050,0
[E3IRT-CSV] 10,392,9356040,5347960,0,0,0,0,3810210,0
[E3IRT-CSV] 10,393,12719220,7053720,0,0,0,0,5186030,0
[E3IRT-CSV] 10,394,13098100,7297040,0,0,0,0,5252020,0
[E3IRT-CSV] 10,395,7971400,4301920,0,0,0,0,3336120,0
[E3IRT-CSV] 10,396,10016140,5791860,0,0,0,0,4018040,0
[E3IRT-CSV] 10,397,10960270,6213660,0,0,0,0,4518700,0
[E3IRT-CSV] 10,398,6541660,3718960,0,0,0,0,2682550,0
[E3IRT-CSV] 10,399,6487340,3589950,0,0,0,0,2760020,0
[E3IRT-CSV] 10,400,6290800,3341010,0,0,0,0,2820500,0
[E3IRT-CSV] 10,401,6390250,3381600,0,0,0,0,2871450,0
[E3IRT-CSV] 10,402,6829110,3849410,0,0,0,0,2826730,0
[E3IRT-CSV] 10,403,6556150,3613250,0,0,0,0,2652770,0
[E3IRT-CSV] 10,404,7162250,4258070,0,0,0,0,2680810,0
[E3IRT-CSV] 10,405,6403910,3542880,0,0,0,0,2733790,0
[E3IRT-CSV] 10,406,6465540,3613360,0,0,0,0,2710960,0
[E3IRT-CSV] 10,407,6939550,4019460,0,0,0,0,2701280,0
[E3IRT-CSV] 10,408,6696930,3764100,0,0,0,0,2790550,0
[E3IRT-CSV] 10,409,6288620,3328960,0,0,0,0,2546230,0
[E3IRT-CSV] 10,410,6263260,3461200,0,0,0,0,2678800,0
[E3IRT-CSV] 10,411,6459110,3559360,0,0,0,0,2774550,0
[E3IRT-CSV] 10,412,7413480,4434190,0,0,0,0,2832720,0
[E3IRT-CSV] 10,413,7281060,4187520,0,0,0,0,2903620,0
[E3IRT-CSV] 10,414,11861100,6427600,0,0,0,0,5198660,0
[E3IRT-CSV] 10,415,7065620,4209170,0,0,0,0,2722700,0
[E3IRT-CSV] 10,416,6494720,3558070,0,0,0,0,2803630,0
[E3IRT-CSV] 10,417,8214210,4839400,0,0,0,0,3164750,0
[E3IRT-CSV] 10,418,9162640,4930750,0,0,0,0,4025690,0
[E3IRT-CSV] 10,419,10191750,5754010,0,0,0,0,4215430,0
[E3IRT-CSV] 10,420,6370670,3515470,0,0,0,0,2719850,0
[E3IRT-CSV] 10,421,6204600,3550940,0,0,0,0,2530410,0
[E3IRT-CSV] 10,422,6974010,4105430,0,0,0,0,2733630,0
[E3IRT-CSV] 10,423,7304950,4249440,0,0,0,0,2868070,0
[E3IRT-CSV] 10,424,7080840,4002130,0,0,0,0,2928480,0
[E3IRT-CSV] 10,425,9597630,5472460,0,0,0,0,3917680,0
[E3IRT-CSV] 10,426,7290210,4047780,0,0,0,0,3048550,0
[E3IRT-CSV] 10,427,7355760,4082110,0,0,0,0,3118640,0
[E3IRT-CSV] 10,428,7121090,4232510,0,0,0,0,2705060,0
[E3IRT-CSV] 10,429,7439990,4389970,0,0,0,0,2870650,0
[E3IRT-CSV] 10,430,7050750,4231280,0,0,0,0,2643430,0
[E3IRT-CSV] 10,431,6734700,3723880,0,0,0,0,2866250,0
[E3IRT-CSV] 10,432,8994840,4901270,0,0,0,0,3925410,0
[E3IRT-CSV] 10,433,6729380,3776270,0,0,0,0,2815690,0
[E3IRT-CSV] 10,434,6679020,3644320,0,0,0,0,2754590,0
[E3IRT-CSV] 10,435,6460290,3572040,0,0,0,0,2754520,0
[E3IRT-CSV] 10,436,6239250,3444840,0,0,0,0,2669610,0
[E3IRT-CSV] 10,437,7445650,4456200,0,0,0,0,2853420,0
[E3IRT-CSV] 10,438,6732480,3773970,0,0,0,0,2821760,0
[E3IRT-CSV] 10,439,6879520,4099310,0,0,0,0,2625820,0
[E3IRT-CSV] 10,440,8764800,5232120,0,0,0,0,3343240,0
[E3IRT-CSV] 10,441,6478190,3710770,0,0,0,0,2630530,0
[E3IRT-CSV] 10,442,7294550,4347660,0,0,0,0,2787790,0
[E3IRT-CSV] 10,443,12362540,7062150,0,0,0,0,5057410,0
[E3IRT-CSV] 10,444,9637330,5510920,0,0,0,0,3911570,0
[E3IRT-CSV] 10,445,6448180,3553420,0,0,0,0,2753950,0
[E3IRT-CSV] 10,446,6507410,3733110,0,0,0,0,2496840,0
[E3IRT-CSV] 10,447,7354610,4125480,0,0,0,0,3015670,0
[E3IRT-CSV] 10,448,12738580,7138750,0,0,0,0,5358020,0
[E3IRT-CSV] 10,449,8378580,4791990,0,0,0,0,3437850,0
[E3IRT-CSV] 10,450,6939270,4182330,0,0,0,0,2617380,0
[E3IRT-CSV] 10,451,7944600,4344880,0,0,0,0,3398820,0
[E3IRT-CSV] 10,452,7152310,4184310,0,0,0,0,2802780,0
[E3IRT-CSV] 10,453,7039610,3778620,0,0,0,0,3125510,0
[E3IRT-CSV] 10,454,6750580,3646320,0,0,0,0,2967490,0
[E3IRT-CSV] 10,455,13240520,7666580,0,0,0,0,5324640,0
[E3IRT-CSV] 10,456,11371320,6449540,0,0,0,0,4700060,0
[E3IRT-CSV] 10,457,8517910,4958870,0,0,0,0,3344920,0
[E3IRT-CSV] 10,458,6440500,3544870,0,0,0,0,2761160,0
[E3IRT-CSV] 10,459,7141720,4152620,0,0,0,0,2861240,0
[E3IRT-CSV] 10,460,7142870,3992030,0,0,0,0,3008610,0
[E3IRT-CSV] 10,461,7028210,4072870,0,0,0,0,2763580,0
[E3IRT-CSV] 10,462,7196770,4190270,0,0,0,0,2851860,0
[E3IRT-CSV] 10,463,7043950,4186350,0,0,0,0,2718420,0
[E3IRT-CSV] 10,464,7704060,4464630,0,0,0,0,2884730,0
[E3IRT-CSV] 10,465,8736850,5029690,0,0,0,0,3500500,0
[E3IRT-CSV] 10,466,6782190,3994390,0,0,0,0,2645790,0
[E3IRT-CSV] 10,467,13187070,7867640,0,0,0,0,5079350,0
[E3IRT-CSV] 10,468,12852960,6954260,0,0,0,0,5441930,0
[E3IRT-CSV] 10,469,8220750,4642260,0,0,0,0,3385300,0
[E3IRT-CSV] 10,470,6759850,3645240,0,0,0,0,2977280,0
[E3IRT-CSV] 10,471,6664070,3607830,0,0,0,0,2914540,0
[E3IRT-CSV] 10,472,8833930,5412730,0,0,0,0,3197330,0
[E3IRT-CSV] 10,473,6340980,3503170,0,0,0,0,2701060,0
[E3IRT-CSV] 10,474,6575270,3698100,0,0,0,0,2611550,0
[E3IRT-CSV] 10,475,6839410,3838480,0,0,0,0,2862520,0
[E3IRT-CSV] 10,476,8614810,5088580,0,0,0,0,3315740,0
[E3IRT-CSV] 10,477,6479450,3724560,0,0,0,0,2621220,0
[E3IRT-CSV] 10,478,6371260,3513710,0,0,0,0,2722320,0
[E3IRT-CSV] 10,479,7654010,4382310,0,0,0,0,3068330,0
[E3IRT-CSV] 10,480,6964460,4147260,0,0,0,0,2685960,0
[E3IRT-CSV] 10,481,6020910,3382680,0,0,0,0,2495770,0
[E3IRT-CSV] 10,482,8330880,4672310,0,0,0,0,3356980,0
[E3IRT-CSV] 10,483,12081050,7210980,0,0,0,0,4638600,0
[E3IRT-CSV] 10,484,7140910,4248080,0,0,0,0,2751070,0
[E3IRT-CSV] 10,485,7218730,3949860,0,0,0,0,3089750,0
[E3IRT-CSV] 10,486,7014210,4059430,0,0,0,0,2656890,0
[E3IRT-CSV] 10,487,4857890,2853930,0,0,0,0,1881130,0
[E3IRT-CSV] 10,488,7245640,4024960,0,0,0,0,3011300,0
[E3IRT-CSV] 10,489,12569370,6778470,0,0,0,0,5555220,0
[E3IRT-CSV] 10,490,7294170,4317900,0,0,0,0,2838400,0
[E3IRT-CSV] 10,491,6649450,3581790,0,0,0,0,2928290,0
[E3IRT-CSV] 10,492,6572300,3716260,0,0,0,0,2709650,0
[E3IRT-CSV] 10,493,6722210,3779730,0,0,0,0,2796890,0
[E3IRT-CSV] 10,494,6546920,3676840,0,0,0,0,2602720,0
[E3IRT-CSV] 10,495,7981730,4328140,0,0,0,0,3420950,0
[E3IRT-CSV] 10,496,7176200,4270830,0,0,0,0,2756870,0
[E3IRT-CSV] 10,497,3732070,1883570,0,0,0,0,1773750,0
[E3IRT-CSV] 10,498,6803390,3989060,0,0,0,0,2666380,0
[E3IRT-CSV] 10,499,6540900,3671250,0,0,0,0,2729840,0
[E3IRT-SUMMARY] chain_len=10 e2e_avg=7257916 publish_avg=4091522 sched_avg=2985063
