
RTEMS Shell on /dev/console. Use 'help' to list commands.
SHLL [/] # nexus0: <RTEMS Nexus device>
info: lo0: link state changed to UP
=== Exp3inter-Ours: Task Chain (n=2) RTExecutor ===
Period: 200ms, Rounds: 500
[E3OURS-CSV] chain_len,round,e2e_ns,publish_ns,gc_trigger_ns,invoke_cb_ns,getnext_ns,take_data_ns,sched_ns,dispatch_ns
[RTExecutor] Constructed (kernel-driven, no spin)
666666
CPP Msg not nullptr
CPP Msg not nullptr
CPP Msg not nullptr
CPP Msg not nullptr
C Msg not NULL
C Msg not NULL
CPP Srv not nullptr
CPP Srv not nullptr
CPP Srv not nullptr
CPP Srv not nullptr
CPP Srv not nullptr
CPP Srv not nullptr
CPP Msg not nullptr
CPP Msg not nullptr
CPP Msg not nullptr
CPP Msg not nullptr
CPP Msg not nullptr
CPP Msg not nullptr
C Msg not NULL
C Msg not NULL
CPP Srv not nullptr
CPP Srv not nullptr
CPP Srv not nullptr
CPP Srv not nullptr
CPP Srv not nullptr
CPP Srv not nullptr
CPP Msg not nullptr
CPP Msg not nullptr
CPP Msg not nullptr
CPP Msg not nullptr
CPP Msg not nullptr
CPP Msg not nullptr
[RTExecutor] Registered timer ch=0 period=200ms pri=60
[CallbackTask] Started 'SUB0' pri=80 tid=167837713
[RTExecutor] Registered subscription 'chain_1' pri=80 direct_notify=ON
[CallbackTask] Started 'TM0' pri=60 tid=167837714
[RTExecutor] Timer ch=0 period=200t target=167837714
[RTExecutor] Running — ALL callbacks kernel-driven, NO polling
[E3OURS-CSV] 2,0,12344480,8404780,0,0,0,0,3053910,0
[E3OURS-CSV] 2,1,1159570,597470,0,0,0,0,492290,0
[E3OURS-CSV] 2,2,2221420,1266850,0,0,0,0,833330,0
[E3OURS-CSV] 2,3,1604600,1135690,0,0,0,0,333170,0
[E3OURS-CSV] 2,4,1124860,582070,0,0,0,0,462700,0
[E3OURS-CSV] 2,5,1099400,565830,0,0,0,0,458950,0
[E3OURS-CSV] 2,6,1081330,542560,0,0,0,0,466310,0
[E3OURS-CSV] 2,7,1097810,564040,0,0,0,0,459530,0
[E3OURS-CSV] 2,8,1147240,536410,0,0,0,0,536790,0
[E3OURS-CSV] 2,9,1125480,571510,0,0,0,0,472370,0
[E3OURS-CSV] 2,10,1082130,561690,0,0,0,0,446310,0
[E3OURS-CSV] 2,11,1028150,520240,0,0,0,0,446690,0
[E3OURS-CSV] 2,12,1103790,564310,0,0,0,0,465490,0
[E3OURS-CSV] 2,13,1075630,543180,0,0,0,0,468310,0
[E3OURS-CSV] 2,14,1105320,547080,0,0,0,0,492870,0
[E3OURS-CSV] 2,15,1114780,563830,0,0,0,0,476240,0
[E3OURS-CSV] 2,16,1036480,520290,0,0,0,0,454270,0
[E3OURS-CSV] 2,17,1153140,608620,0,0,0,0,474240,0
[E3OURS-CSV] 2,18,2242690,1266490,0,0,0,0,824920,0
[E3OURS-CSV] 2,19,1552410,1101750,0,0,0,0,333760,0
[E3OURS-CSV] 2,20,1176990,794020,0,0,0,0,305540,0
[E3OURS-CSV] 2,21,1468660,1044640,0,0,0,0,351370,0
[E3OURS-CSV] 2,22,1089820,554940,0,0,0,0,465070,0
[E3OURS-CSV] 2,23,1100630,559050,0,0,0,0,466740,0
[E3OURS-CSV] 2,24,1082190,559700,0,0,0,0,445560,0
[E3OURS-CSV] 2,25,1112490,584040,0,0,0,0,449350,0
[E3OURS-CSV] 2,26,1975630,1129250,0,0,0,0,729900,0
[E3OURS-CSV] 2,27,1098170,574710,0,0,0,0,448340,0
[E3OURS-CSV] 2,28,2056050,1160170,0,0,0,0,768650,0
[E3OURS-CSV] 2,29,546980,314300,0,0,0,0,188720,0
[E3OURS-CSV] 2,30,1892110,1238090,0,0,0,0,494720,0
[E3OURS-CSV] 2,31,1084020,548450,0,0,0,0,463810,0
[E3OURS-CSV] 2,32,1587080,1132560,0,0,0,0,346540,0
[E3OURS-CSV] 2,33,2025980,1127550,0,0,0,0,779200,0
[E3OURS-CSV] 2,34,1929690,1074130,0,0,0,0,741700,0
[E3OURS-CSV] 2,35,1221120,791480,0,0,0,0,334660,0
[E3OURS-CSV] 2,36,1047900,532670,0,0,0,0,447480,0
[E3OURS-CSV] 2,37,995030,492970,0,0,0,0,444710,0
[E3OURS-CSV] 2,38,1021760,522090,0,0,0,0,430400,0
[E3OURS-CSV] 2,39,1096000,566070,0,0,0,0,450780,0
[E3OURS-CSV] 2,40,1082830,561590,0,0,0,0,446870,0
[E3OURS-CSV] 2,41,1062630,531520,0,0,0,0,461350,0
[E3OURS-CSV] 2,42,1005810,510770,0,0,0,0,429630,0
[E3OURS-CSV] 2,43,1005780,503160,0,0,0,0,440670,0
[E3OURS-CSV] 2,44,1098900,566810,0,0,0,0,457000,0
[E3OURS-CSV] 2,45,1081670,561000,0,0,0,0,445620,0
[E3OURS-CSV] 2,46,1252710,873910,0,0,0,0,310340,0
[E3OURS-CSV] 2,47,2217980,1263340,0,0,0,0,826010,0
[E3OURS-CSV] 2,48,1946250,1099240,0,0,0,0,735020,0
[E3OURS-CSV] 2,49,2176720,1241240,0,0,0,0,790090,0
[E3OURS-CSV] 2,50,1127940,740450,0,0,0,0,305440,0
[E3OURS-CSV] 2,51,1016690,507000,0,0,0,0,447580,0
[E3OURS-CSV] 2,52,1006520,508680,0,0,0,0,432710,0
[E3OURS-CSV] 2,53,1006190,508220,0,0,0,0,435270,0
[E3OURS-CSV] 2,54,1113670,731250,0,0,0,0,303910,0
[E3OURS-CSV] 2,55,1092870,717410,0,0,0,0,300720,0
[E3OURS-CSV] 2,56,1071690,549610,0,0,0,0,445260,0
[E3OURS-CSV] 2,57,1028370,527420,0,0,0,0,431100,0
[E3OURS-CSV] 2,58,1461420,1029750,0,0,0,0,321150,0
[E3OURS-CSV] 2,59,1157720,759250,0,0,0,0,314840,0
[E3OURS-CSV] 2,60,2074160,1185150,0,0,0,0,763540,0
[E3OURS-CSV] 2,61,1960640,1038140,0,0,0,0,821830,0
[E3OURS-CSV] 2,62,1133770,759710,0,0,0,0,315310,0
[E3OURS-CSV] 2,63,1010460,497470,0,0,0,0,447040,0
[E3OURS-CSV] 2,64,1382370,963510,0,0,0,0,339470,0
[E3OURS-CSV] 2,65,1084670,709590,0,0,0,0,302170,0
[E3OURS-CSV] 2,66,1070580,710190,0,0,0,0,292680,0
[E3OURS-CSV] 2,67,1518890,1073390,0,0,0,0,326770,0
[E3OURS-CSV] 2,68,994070,501870,0,0,0,0,427320,0
[E3OURS-CSV] 2,69,1128560,738200,0,0,0,0,311950,0
[E3OURS-CSV] 2,70,1668280,1046970,0,0,0,0,494340,0
[E3OURS-CSV] 2,71,1170470,773980,0,0,0,0,324180,0
[E3OURS-CSV] 2,72,1065350,698140,0,0,0,0,295510,0
[E3OURS-CSV] 2,73,1120810,730150,0,0,0,0,315150,0
[E3OURS-CSV] 2,74,2110400,1202460,0,0,0,0,776330,0
[E3OURS-CSV] 2,75,1940110,1093300,0,0,0,0,739780,0
[E3OURS-CSV] 2,76,1192630,778990,0,0,0,0,321960,0
[E3OURS-CSV] 2,77,1071300,696980,0,0,0,0,317600,0
[E3OURS-CSV] 2,78,1056310,691030,0,0,0,0,294810,0
[E3OURS-CSV] 2,79,1753740,1155180,0,0,0,0,464380,0
[E3OURS-CSV] 2,80,1144150,750080,0,0,0,0,313680,0
[E3OURS-CSV] 2,81,1081870,713120,0,0,0,0,295020,0
[E3OURS-CSV] 2,82,1146540,747390,0,0,0,0,320010,0
[E3OURS-CSV] 2,83,968520,511230,0,0,0,0,400880,0
[E3OURS-CSV] 2,84,1135850,742860,0,0,0,0,312640,0
[E3OURS-CSV] 2,85,1095740,719480,0,0,0,0,301950,0
[E3OURS-CSV] 2,86,1333300,875620,0,0,0,0,332700,0
[E3OURS-CSV] 2,87,1066070,701550,0,0,0,0,295370,0
[E3OURS-CSV] 2,88,1117740,728010,0,0,0,0,311380,0
[E3OURS-CSV] 2,89,1166950,758400,0,0,0,0,324880,0
[E3OURS-CSV] 2,90,1085900,716160,0,0,0,0,297200,0
[E3OURS-CSV] 2,91,1072710,705560,0,0,0,0,295280,0
[E3OURS-CSV] 2,92,1144940,749080,0,0,0,0,328140,0
[E3OURS-CSV] 2,93,1089650,706980,0,0,0,0,309030,0
[E3OURS-CSV] 2,94,2212270,1267290,0,0,0,0,812080,0
[E3OURS-CSV] 2,95,1970370,1117150,0,0,0,0,741790,0
[E3OURS-CSV] 2,96,1184620,761220,0,0,0,0,333160,0
[E3OURS-CSV] 2,97,1048010,689610,0,0,0,0,295920,0
[E3OURS-CSV] 2,98,1048550,689890,0,0,0,0,285050,0
[E3OURS-CSV] 2,99,2117030,1194530,0,0,0,0,790960,0
[E3OURS-CSV] 2,100,1896640,1051290,0,0,0,0,747130,0
[E3OURS-CSV] 2,101,1254180,791310,0,0,0,0,373620,0
[E3OURS-CSV] 2,102,1134030,743930,0,0,0,0,311310,0
[E3OURS-CSV] 2,103,1069320,697920,0,0,0,0,300690,0
[E3OURS-CSV] 2,104,1112950,727690,0,0,0,0,309770,0
[E3OURS-CSV] 2,105,1063680,690530,0,0,0,0,302070,0
[E3OURS-CSV] 2,106,1091870,702390,0,0,0,0,312840,0
[E3OURS-CSV] 2,107,1120840,734730,0,0,0,0,320170,0
[E3OURS-CSV] 2,108,1049520,682050,0,0,0,0,300060,0
[E3OURS-CSV] 2,109,646790,334350,0,0,0,0,258570,0
[E3OURS-CSV] 2,110,2117210,1204900,0,0,0,0,779910,0
[E3OURS-CSV] 2,111,1968860,1097750,0,0,0,0,760490,0
[E3OURS-CSV] 2,112,1997420,1138640,0,0,0,0,749640,0
[E3OURS-CSV] 2,113,2002740,1131450,0,0,0,0,755350,0
[E3OURS-CSV] 2,114,767630,390830,0,0,0,0,320340,0
[E3OURS-CSV] 2,115,1109320,730460,0,0,0,0,304100,0
[E3OURS-CSV] 2,116,1079970,702300,0,0,0,0,296450,0
[E3OURS-CSV] 2,117,1038250,684020,0,0,0,0,288900,0
[E3OURS-CSV] 2,118,2007100,1117440,0,0,0,0,778610,0
[E3OURS-CSV] 2,119,1728480,935000,0,0,0,0,692020,0
[E3OURS-CSV] 2,120,1857080,1021320,0,0,0,0,737730,0
[E3OURS-CSV] 2,121,2055680,1024430,0,0,0,0,937530,0
[E3OURS-CSV] 2,122,1648580,1031380,0,0,0,0,509710,0
[E3OURS-CSV] 2,123,1918350,1052070,0,0,0,0,766570,0
[E3OURS-CSV] 2,124,2002830,1125160,0,0,0,0,757310,0
[E3OURS-CSV] 2,125,1888390,1044760,0,0,0,0,743250,0
[E3OURS-CSV] 2,126,1182600,779540,0,0,0,0,317420,0
[E3OURS-CSV] 2,127,1025420,674880,0,0,0,0,284100,0
[E3OURS-CSV] 2,128,1093580,719510,0,0,0,0,298980,0
[E3OURS-CSV] 2,129,1173670,768310,0,0,0,0,322070,0
[E3OURS-CSV] 2,130,1094260,722030,0,0,0,0,300990,0
[E3OURS-CSV] 2,131,1104890,732260,0,0,0,0,296000,0
[E3OURS-CSV] 2,132,1006090,653260,0,0,0,0,288270,0
[E3OURS-CSV] 2,133,968370,640040,0,0,0,0,269630,0
[E3OURS-CSV] 2,134,1156190,747940,0,0,0,0,317950,0
[E3OURS-CSV] 2,135,1085040,711260,0,0,0,0,301190,0
[E3OURS-CSV] 2,136,1071530,702320,0,0,0,0,295110,0
[E3OURS-CSV] 2,137,1122030,730180,0,0,0,0,332170,0
[E3OURS-CSV] 2,138,1045750,679830,0,0,0,0,298880,0
[E3OURS-CSV] 2,139,1118110,731040,0,0,0,0,306170,0
[E3OURS-CSV] 2,140,1098770,714350,0,0,0,0,308440,0
[E3OURS-CSV] 2,141,1129840,752790,0,0,0,0,303580,0
[E3OURS-CSV] 2,142,995360,648750,0,0,0,0,283100,0
[E3OURS-CSV] 2,143,970870,628720,0,0,0,0,274090,0
[E3OURS-CSV] 2,144,1188960,771540,0,0,0,0,328920,0
[E3OURS-CSV] 2,145,1071340,708230,0,0,0,0,295700,0
[E3OURS-CSV] 2,146,981570,641240,0,0,0,0,285050,0
[E3OURS-CSV] 2,147,1027260,661550,0,0,0,0,303150,0
[E3OURS-CSV] 2,148,968960,641220,0,0,0,0,268960,0
[E3OURS-CSV] 2,149,1149110,741820,0,0,0,0,323660,0
[E3OURS-CSV] 2,150,2100660,1211160,0,0,0,0,759870,0
[E3OURS-CSV] 2,151,1708280,1084050,0,0,0,0,528600,0
[E3OURS-CSV] 2,152,1101980,720190,0,0,0,0,316790,0
[E3OURS-CSV] 2,153,978740,642470,0,0,0,0,277600,0
[E3OURS-CSV] 2,154,1129510,749470,0,0,0,0,302890,0
[E3OURS-CSV] 2,155,1077400,703080,0,0,0,0,299110,0
[E3OURS-CSV] 2,156,1272880,879010,0,0,0,0,327000,0
[E3OURS-CSV] 2,157,1043110,681180,0,0,0,0,296370,0
[E3OURS-CSV] 2,158,1249460,867710,0,0,0,0,327130,0
[E3OURS-CSV] 2,159,1159390,746800,0,0,0,0,328470,0
[E3OURS-CSV] 2,160,1098620,721490,0,0,0,0,303900,0
[E3OURS-CSV] 2,161,1142310,747660,0,0,0,0,313790,0
[E3OURS-CSV] 2,162,2099400,1558250,0,0,0,0,412220,0
[E3OURS-CSV] 2,163,1658610,1051440,0,0,0,0,501090,0
[E3OURS-CSV] 2,164,2093540,1183160,0,0,0,0,782260,0
[E3OURS-CSV] 2,165,2116890,1441760,0,0,0,0,541610,0
[E3OURS-CSV] 2,166,1192400,772480,0,0,0,0,338920,0
[E3OURS-CSV] 2,167,1132400,744040,0,0,0,0,329500,0
[E3OURS-CSV] 2,168,1021420,655690,0,0,0,0,295750,0
[E3OURS-CSV] 2,169,1102480,721970,0,0,0,0,303420,0
[E3OURS-CSV] 2,170,1057170,680090,0,0,0,0,307730,0
[E3OURS-CSV] 2,171,1010930,663930,0,0,0,0,288630,0
[E3OURS-CSV] 2,172,1078190,702110,0,0,0,0,294940,0
[E3OURS-CSV] 2,173,1048440,692870,0,0,0,0,293670,0
[E3OURS-CSV] 2,174,779930,514690,0,0,0,0,212760,0
[E3OURS-CSV] 2,175,1089630,717830,0,0,0,0,301820,0
[E3OURS-CSV] 2,176,1024890,674800,0,0,0,0,285100,0
[E3OURS-CSV] 2,177,1074190,697810,0,0,0,0,303550,0
[E3OURS-CSV] 2,178,1607770,1021640,0,0,0,0,516690,0
[E3OURS-CSV] 2,179,839450,546930,0,0,0,0,235900,0
[E3OURS-CSV] 2,180,1073240,713630,0,0,0,0,291220,0
[E3OURS-CSV] 2,181,1090640,708800,0,0,0,0,307410,0
[E3OURS-CSV] 2,182,1116630,723900,0,0,0,0,329890,0
[E3OURS-CSV] 2,183,1021670,664480,0,0,0,0,296100,0
[E3OURS-CSV] 2,184,1222330,815580,0,0,0,0,323460,0
[E3OURS-CSV] 2,185,2126770,1441920,0,0,0,0,544600,0
[E3OURS-CSV] 2,186,1114280,724090,0,0,0,0,307210,0
[E3OURS-CSV] 2,187,1637540,1025160,0,0,0,0,493680,0
[E3OURS-CSV] 2,188,1049250,676730,0,0,0,0,304400,0
[E3OURS-CSV] 2,189,1524810,976570,0,0,0,0,446450,0
[E3OURS-CSV] 2,190,1096950,713030,0,0,0,0,306120,0
[E3OURS-CSV] 2,191,1046040,679660,0,0,0,0,298520,0
[E3OURS-CSV] 2,192,1035510,670910,0,0,0,0,296000,0
[E3OURS-CSV] 2,193,1032100,667050,0,0,0,0,285880,0
[E3OURS-CSV] 2,194,1120080,733430,0,0,0,0,305380,0
[E3OURS-CSV] 2,195,1036810,676630,0,0,0,0,289480,0
[E3OURS-CSV] 2,196,1037580,679200,0,0,0,0,291150,0
[E3OURS-CSV] 2,197,1103680,719600,0,0,0,0,322640,0
[E3OURS-CSV] 2,198,2165320,1475310,0,0,0,0,544480,0
[E3OURS-CSV] 2,199,855910,603130,0,0,0,0,193470,0
[E3OURS-CSV] 2,200,2479310,1208840,0,0,0,0,867740,0
[E3OURS-CSV] 2,201,1086300,709110,0,0,0,0,305400,0
[E3OURS-CSV] 2,202,995060,650940,0,0,0,0,280050,0
[E3OURS-CSV] 2,203,982290,639440,0,0,0,0,278950,0
[E3OURS-CSV] 2,204,1269820,839510,0,0,0,0,320570,0
[E3OURS-CSV] 2,205,1092270,711620,0,0,0,0,303860,0
[E3OURS-CSV] 2,206,1059510,693290,0,0,0,0,297190,0
[E3OURS-CSV] 2,207,1061130,700600,0,0,0,0,298290,0
[E3OURS-CSV] 2,208,1073480,699020,0,0,0,0,294200,0
[E3OURS-CSV] 2,209,1131250,728640,0,0,0,0,321140,0
[E3OURS-CSV] 2,210,1071220,698070,0,0,0,0,297920,0
[E3OURS-CSV] 2,211,1062360,692560,0,0,0,0,303450,0
[E3OURS-CSV] 2,212,1098600,715060,0,0,0,0,317350,0
[E3OURS-CSV] 2,213,974410,632880,0,0,0,0,277240,0
[E3OURS-CSV] 2,214,1064200,699730,0,0,0,0,295970,0
[E3OURS-CSV] 2,215,1087800,705940,0,0,0,0,314640,0
[E3OURS-CSV] 2,216,966590,624520,0,0,0,0,284660,0
[E3OURS-CSV] 2,217,1060620,694440,0,0,0,0,296580,0
[E3OURS-CSV] 2,218,999870,648200,0,0,0,0,287840,0
[E3OURS-CSV] 2,219,787390,524090,0,0,0,0,207450,0
[E3OURS-CSV] 2,220,1019890,667830,0,0,0,0,289030,0
[E3OURS-CSV] 2,221,1076260,698940,0,0,0,0,301720,0
[E3OURS-CSV] 2,222,979520,643100,0,0,0,0,275320,0
[E3OURS-CSV] 2,223,981800,631920,0,0,0,0,287670,0
[E3OURS-CSV] 2,224,1104450,714790,0,0,0,0,311650,0
[E3OURS-CSV] 2,225,1044490,675490,0,0,0,0,297850,0
[E3OURS-CSV] 2,226,1123850,749980,0,0,0,0,302840,0
[E3OURS-CSV] 2,227,1078280,698480,0,0,0,0,316440,0
[E3OURS-CSV] 2,228,1048460,675660,0,0,0,0,298090,0
[E3OURS-CSV] 2,229,1168180,738960,0,0,0,0,314210,0
[E3OURS-CSV] 2,230,1054250,682950,0,0,0,0,297240,0
[E3OURS-CSV] 2,231,1040240,671640,0,0,0,0,297920,0
[E3OURS-CSV] 2,232,1086800,701740,0,0,0,0,309130,0
[E3OURS-CSV] 2,233,1021180,665440,0,0,0,0,287470,0
[E3OURS-CSV] 2,234,1100650,708730,0,0,0,0,306760,0
[E3OURS-CSV] 2,235,1064880,682820,0,0,0,0,305490,0
[E3OURS-CSV] 2,236,1004900,646260,0,0,0,0,290400,0
[E3OURS-CSV] 2,237,1004970,651470,0,0,0,0,287670,0
[E3OURS-CSV] 2,238,1009480,652370,0,0,0,0,290530,0
[E3OURS-CSV] 2,239,1057560,680290,0,0,0,0,301300,0
[E3OURS-CSV] 2,240,1044870,671840,0,0,0,0,302410,0
[E3OURS-CSV] 2,241,1002800,648610,0,0,0,0,289390,0
[E3OURS-CSV] 2,242,1033050,668160,0,0,0,0,308420,0
[E3OURS-CSV] 2,243,969960,625780,0,0,0,0,280280,0
[E3OURS-CSV] 2,244,1094010,704540,0,0,0,0,311170,0
[E3OURS-CSV] 2,245,1072460,684280,0,0,0,0,310130,0
[E3OURS-CSV] 2,246,1005400,656620,0,0,0,0,283170,0
[E3OURS-CSV] 2,247,1008190,653520,0,0,0,0,287490,0
[E3OURS-CSV] 2,248,1076250,694870,0,0,0,0,303860,0
[E3OURS-CSV] 2,249,1091580,702420,0,0,0,0,312000,0
[E3OURS-CSV] 2,250,1090860,698960,0,0,0,0,315870,0
[E3OURS-CSV] 2,251,1044300,675990,0,0,0,0,298710,0
[E3OURS-CSV] 2,252,1005970,650150,0,0,0,0,289990,0
[E3OURS-CSV] 2,253,1025440,656470,0,0,0,0,297440,0
[E3OURS-CSV] 2,254,584700,385870,0,0,0,0,153130,0
[E3OURS-CSV] 2,255,1157280,751250,0,0,0,0,301060,0
[E3OURS-CSV] 2,256,1033750,671930,0,0,0,0,290480,0
[E3OURS-CSV] 2,257,1052100,676630,0,0,0,0,315740,0
[E3OURS-CSV] 2,258,1022920,656680,0,0,0,0,294370,0
[E3OURS-CSV] 2,259,1080240,693680,0,0,0,0,307500,0
[E3OURS-CSV] 2,260,1052250,675140,0,0,0,0,302770,0
[E3OURS-CSV] 2,261,1112750,729530,0,0,0,0,308500,0
[E3OURS-CSV] 2,262,999150,641360,0,0,0,0,288920,0
[E3OURS-CSV] 2,263,1001500,641690,0,0,0,0,293560,0
[E3OURS-CSV] 2,264,1130670,716680,0,0,0,0,334020,0
[E3OURS-CSV] 2,265,1447740,854010,0,0,0,0,487700,0
[E3OURS-CSV] 2,266,1062430,697700,0,0,0,0,291700,0
[E3OURS-CSV] 2,267,982650,638650,0,0,0,0,282470,0
[E3OURS-CSV] 2,268,1016740,662270,0,0,0,0,288730,0
[E3OURS-CSV] 2,269,1089890,700470,0,0,0,0,311340,0
[E3OURS-CSV] 2,270,1072560,679080,0,0,0,0,315860,0
[E3OURS-CSV] 2,271,957250,617800,0,0,0,0,276600,0
[E3OURS-CSV] 2,272,1064600,682210,0,0,0,0,321240,0
[E3OURS-CSV] 2,273,1007310,637910,0,0,0,0,298090,0
[E3OURS-CSV] 2,274,1061250,680090,0,0,0,0,303580,0
[E3OURS-CSV] 2,275,301820,163590,0,0,0,0,112420,0
[E3OURS-CSV] 2,276,1630900,970290,0,0,0,0,581200,0
[E3OURS-CSV] 2,277,1069540,684990,0,0,0,0,315060,0
[E3OURS-CSV] 2,278,944400,601800,0,0,0,0,281410,0
[E3OURS-CSV] 2,279,632370,406920,0,0,0,0,181810,0
[E3OURS-CSV] 2,280,1131490,731150,0,0,0,0,305290,0
[E3OURS-CSV] 2,281,1015470,659520,0,0,0,0,292580,0
[E3OURS-CSV] 2,282,958290,621400,0,0,0,0,278780,0
[E3OURS-CSV] 2,283,1006390,642560,0,0,0,0,298950,0
[E3OURS-CSV] 2,284,619320,402780,0,0,0,0,172310,0
[E3OURS-CSV] 2,285,1093710,699380,0,0,0,0,318280,0
[E3OURS-CSV] 2,286,1015240,635360,0,0,0,0,299040,0
[E3OURS-CSV] 2,287,1135170,713330,0,0,0,0,340310,0
[E3OURS-CSV] 2,288,1029370,658010,0,0,0,0,296540,0
[E3OURS-CSV] 2,289,575850,375550,0,0,0,0,157930,0
[E3OURS-CSV] 2,290,1059750,676090,0,0,0,0,310950,0
[E3OURS-CSV] 2,291,1054260,676210,0,0,0,0,302930,0
[E3OURS-CSV] 2,292,1049090,671690,0,0,0,0,302440,0
[E3OURS-CSV] 2,293,1048970,672660,0,0,0,0,304520,0
[E3OURS-CSV] 2,294,492420,319040,0,0,0,0,138600,0
[E3OURS-CSV] 2,295,1047000,672780,0,0,0,0,300340,0
[E3OURS-CSV] 2,296,1011250,642030,0,0,0,0,300340,0
[E3OURS-CSV] 2,297,964100,614990,0,0,0,0,288360,0
[E3OURS-CSV] 2,298,1049790,667940,0,0,0,0,303120,0
[E3OURS-CSV] 2,299,684050,478600,0,0,0,0,164630,0
[E3OURS-CSV] 2,300,1043640,672130,0,0,0,0,298760,0
[E3OURS-CSV] 2,301,1064010,679620,0,0,0,0,307560,0
[E3OURS-CSV] 2,302,1104930,714420,0,0,0,0,329100,0
[E3OURS-CSV] 2,303,1051310,667470,0,0,0,0,309130,0
[E3OURS-CSV] 2,304,868100,554360,0,0,0,0,253330,0
[E3OURS-CSV] 2,305,1088810,698240,0,0,0,0,309700,0
[E3OURS-CSV] 2,306,1071380,683420,0,0,0,0,309110,0
[E3OURS-CSV] 2,307,970320,620010,0,0,0,0,287840,0
[E3OURS-CSV] 2,308,1002820,641590,0,0,0,0,293640,0
[E3OURS-CSV] 2,309,854400,540730,0,0,0,0,252100,0
[E3OURS-CSV] 2,310,1067100,672830,0,0,0,0,315360,0
[E3OURS-CSV] 2,311,1031260,662070,0,0,0,0,297910,0
[E3OURS-CSV] 2,312,1026460,652790,0,0,0,0,304780,0
[E3OURS-CSV] 2,313,957220,612600,0,0,0,0,283440,0
[E3OURS-CSV] 2,314,925780,579590,0,0,0,0,271670,0
[E3OURS-CSV] 2,315,1076500,689030,0,0,0,0,311500,0
[E3OURS-CSV] 2,316,1004890,648190,0,0,0,0,293200,0
[E3OURS-CSV] 2,317,1069000,685430,0,0,0,0,325770,0
[E3OURS-CSV] 2,318,1024570,644780,0,0,0,0,305110,0
[E3OURS-CSV] 2,319,685170,434670,0,0,0,0,201240,0
[E3OURS-CSV] 2,320,1065570,677280,0,0,0,0,312400,0
[E3OURS-CSV] 2,321,1028530,663710,0,0,0,0,304100,0
[E3OURS-CSV] 2,322,2271640,1162220,0,0,0,0,762700,0
[E3OURS-CSV] 2,323,1084770,689950,0,0,0,0,315380,0
[E3OURS-CSV] 2,324,774540,495620,0,0,0,0,223160,0
[E3OURS-CSV] 2,325,1082960,688380,0,0,0,0,314220,0
[E3OURS-CSV] 2,326,1240240,701260,0,0,0,0,457200,0
[E3OURS-CSV] 2,327,1461810,839880,0,0,0,0,553420,0
[E3OURS-CSV] 2,328,1071640,680680,0,0,0,0,318140,0
[E3OURS-CSV] 2,329,845620,564250,0,0,0,0,235940,0
[E3OURS-CSV] 2,330,1027890,651240,0,0,0,0,304470,0
[E3OURS-CSV] 2,331,1055160,668520,0,0,0,0,314000,0
[E3OURS-CSV] 2,332,1813740,851930,0,0,0,0,764770,0
[E3OURS-CSV] 2,333,984860,619820,0,0,0,0,294770,0
[E3OURS-CSV] 2,334,812640,514250,0,0,0,0,239890,0
[E3OURS-CSV] 2,335,1042990,563060,0,0,0,0,311700,0
[E3OURS-CSV] 2,336,1045870,566350,0,0,0,0,307020,0
[E3OURS-CSV] 2,337,1048740,557580,0,0,0,0,312820,0
[E3OURS-CSV] 2,338,1039270,560180,0,0,0,0,306970,0
[E3OURS-CSV] 2,339,876440,551450,0,0,0,0,258070,0
[E3OURS-CSV] 2,340,1219800,593230,0,0,0,0,459780,0
[E3OURS-CSV] 2,341,1208280,589530,0,0,0,0,512420,0
[E3OURS-CSV] 2,342,1037040,569170,0,0,0,0,306330,0
[E3OURS-CSV] 2,343,952190,603560,0,0,0,0,289480,0
[E3OURS-CSV] 2,344,1202200,577350,0,0,0,0,445640,0
[E3OURS-CSV] 2,345,1038170,565890,0,0,0,0,300550,0
[E3OURS-CSV] 2,346,1208210,571400,0,0,0,0,453380,0
[E3OURS-CSV] 2,347,1205850,776250,0,0,0,0,337170,0
[E3OURS-CSV] 2,348,1095200,533220,0,0,0,0,473080,0
[E3OURS-CSV] 2,349,398910,250270,0,0,0,0,119300,0
[E3OURS-CSV] 2,350,1501970,1053140,0,0,0,0,357460,0
[E3OURS-CSV] 2,351,1176540,558300,0,0,0,0,457790,0
[E3OURS-CSV] 2,352,1032000,554420,0,0,0,0,314090,0
[E3OURS-CSV] 2,353,990050,536670,0,0,0,0,294250,0
[E3OURS-CSV] 2,354,449720,287120,0,0,0,0,127440,0
[E3OURS-CSV] 2,355,292730,189800,0,0,0,0,77750,0
[E3OURS-CSV] 2,356,1186030,568920,0,0,0,0,457340,0
[E3OURS-CSV] 2,357,1224860,587260,0,0,0,0,465520,0
[E3OURS-CSV] 2,358,1025430,540310,0,0,0,0,305400,0
[E3OURS-CSV] 2,359,305860,198080,0,0,0,0,82430,0
[E3OURS-CSV] 2,360,1185300,565280,0,0,0,0,460280,0
[E3OURS-CSV] 2,361,1231570,586190,0,0,0,0,488290,0
[E3OURS-CSV] 2,362,1189200,562720,0,0,0,0,465390,0
[E3OURS-CSV] 2,363,1441800,747320,0,0,0,0,535960,0
[E3OURS-CSV] 2,364,452220,276880,0,0,0,0,142720,0
[E3OURS-CSV] 2,365,1204650,572540,0,0,0,0,467910,0
[E3OURS-CSV] 2,366,1176340,560100,0,0,0,0,463740,0
[E3OURS-CSV] 2,367,950590,523000,0,0,0,0,283160,0
[E3OURS-CSV] 2,368,1161690,553740,0,0,0,0,452200,0
[E3OURS-CSV] 2,369,473610,287600,0,0,0,0,145850,0
[E3OURS-CSV] 2,370,1193230,563670,0,0,0,0,455530,0
[E3OURS-CSV] 2,371,1159050,608320,0,0,0,0,470480,0
[E3OURS-CSV] 2,372,1146240,596360,0,0,0,0,468670,0
[E3OURS-CSV] 2,373,909320,543470,0,0,0,0,295220,0
[E3OURS-CSV] 2,374,362100,231860,0,0,0,0,100030,0
[E3OURS-CSV] 2,375,1120530,571740,0,0,0,0,474350,0
[E3OURS-CSV] 2,376,1122450,572380,0,0,0,0,463430,0
[E3OURS-CSV] 2,377,1111910,580930,0,0,0,0,474480,0
[E3OURS-CSV] 2,378,904870,534350,0,0,0,0,299130,0
[E3OURS-CSV] 2,379,408730,241110,0,0,0,0,134080,0
[E3OURS-CSV] 2,380,1212260,641010,0,0,0,0,477720,0
[E3OURS-CSV] 2,381,1096330,560770,0,0,0,0,462880,0
[E3OURS-CSV] 2,382,1326050,704810,0,0,0,0,548530,0
[E3OURS-CSV] 2,383,1052190,532880,0,0,0,0,452620,0
[E3OURS-CSV] 2,384,557520,331030,0,0,0,0,177140,0
[E3OURS-CSV] 2,385,1111670,559380,0,0,0,0,477780,0
[E3OURS-CSV] 2,386,2083140,1151930,0,0,0,0,785560,0
[E3OURS-CSV] 2,387,1087750,556200,0,0,0,0,454540,0
[E3OURS-CSV] 2,388,2009460,1122180,0,0,0,0,750890,0
[E3OURS-CSV] 2,389,360060,188440,0,0,0,0,104870,0
[E3OURS-CSV] 2,390,1995430,1209150,0,0,0,0,633180,0
[E3OURS-CSV] 2,391,1091900,581850,0,0,0,0,442120,0
[E3OURS-CSV] 2,392,1193460,627040,0,0,0,0,496350,0
[E3OURS-CSV] 2,393,1128700,586510,0,0,0,0,459870,0
[E3OURS-CSV] 2,394,270920,149790,0,0,0,0,74670,0
[E3OURS-CSV] 2,395,1566130,1108430,0,0,0,0,382620,0
[E3OURS-CSV] 2,396,1328090,858430,0,0,0,0,315080,0
[E3OURS-CSV] 2,397,1082330,564600,0,0,0,0,452000,0
[E3OURS-CSV] 2,398,2039090,1137580,0,0,0,0,763440,0
[E3OURS-CSV] 2,399,627540,375100,0,0,0,0,197690,0
[E3OURS-CSV] 2,400,2103890,1175200,0,0,0,0,782630,0
[E3OURS-CSV] 2,401,1129060,583980,0,0,0,0,460020,0
[E3OURS-CSV] 2,402,821990,484880,0,0,0,0,278230,0
[E3OURS-CSV] 2,403,1029470,519730,0,0,0,0,441120,0
[E3OURS-CSV] 2,404,362730,213190,0,0,0,0,119960,0
[E3OURS-CSV] 2,405,1085340,560910,0,0,0,0,449380,0
[E3OURS-CSV] 2,406,1104670,557610,0,0,0,0,471970,0
[E3OURS-CSV] 2,407,1138420,584710,0,0,0,0,496700,0
[E3OURS-CSV] 2,408,1014090,500500,0,0,0,0,448430,0
[E3OURS-CSV] 2,409,563640,348100,0,0,0,0,168400,0
[E3OURS-CSV] 2,410,1432790,751350,0,0,0,0,607560,0
[E3OURS-CSV] 2,411,1056140,527270,0,0,0,0,459650,0
[E3OURS-CSV] 2,412,1368800,719600,0,0,0,0,581420,0
[E3OURS-CSV] 2,413,2002880,1125660,0,0,0,0,749140,0
[E3OURS-CSV] 2,414,713780,430710,0,0,0,0,218550,0
[E3OURS-CSV] 2,415,1373540,950120,0,0,0,0,334180,0
[E3OURS-CSV] 2,416,1012200,506090,0,0,0,0,442390,0
[E3OURS-CSV] 2,417,1071130,545470,0,0,0,0,456730,0
[E3OURS-CSV] 2,418,1062560,548770,0,0,0,0,441270,0
[E3OURS-CSV] 2,419,374410,220500,0,0,0,0,122390,0
[E3OURS-CSV] 2,420,1611320,1099790,0,0,0,0,352560,0
[E3OURS-CSV] 2,421,1481220,1022210,0,0,0,0,318340,0
[E3OURS-CSV] 2,422,1117880,571830,0,0,0,0,486470,0
[E3OURS-CSV] 2,423,1344430,721420,0,0,0,0,558580,0
[E3OURS-CSV] 2,424,693940,422380,0,0,0,0,214250,0
[E3OURS-CSV] 2,425,1125160,575760,0,0,0,0,474440,0
[E3OURS-CSV] 2,426,1380510,866660,0,0,0,0,309690,0
[E3OURS-CSV] 2,427,1359330,745070,0,0,0,0,545910,0
[E3OURS-CSV] 2,428,1000190,504660,0,0,0,0,433440,0
[E3OURS-CSV] 2,429,633500,325830,0,0,0,0,259260,0
[E3OURS-CSV] 2,430,1506790,969570,0,0,0,0,325680,0
[E3OURS-CSV] 2,431,1947750,1217920,0,0,0,0,593040,0
[E3OURS-CSV] 2,432,1334890,907260,0,0,0,0,312650,0
[E3OURS-CSV] 2,433,1062620,539740,0,0,0,0,451900,0
[E3OURS-CSV] 2,434,841870,492820,0,0,0,0,283610,0
[E3OURS-CSV] 2,435,1378400,866530,0,0,0,0,326270,0
[E3OURS-CSV] 2,436,2174680,1207900,0,0,0,0,813600,0
[E3OURS-CSV] 2,437,1280530,711110,0,0,0,0,502020,0
[E3OURS-CSV] 2,438,1077300,498660,0,0,0,0,514850,0
[E3OURS-CSV] 2,439,719930,451900,0,0,0,0,201250,0
[E3OURS-CSV] 2,440,1172180,567300,0,0,0,0,528010,0
[E3OURS-CSV] 2,441,1254960,584490,0,0,0,0,592290,0
[E3OURS-CSV] 2,442,1179520,558010,0,0,0,0,547440,0
[E3OURS-CSV] 2,443,1155600,551680,0,0,0,0,530460,0
[E3OURS-CSV] 2,444,1206380,562450,0,0,0,0,561780,0
[E3OURS-CSV] 2,445,1233580,574880,0,0,0,0,576190,0
[E3OURS-CSV] 2,446,1057160,538670,0,0,0,0,450950,0
[E3OURS-CSV] 2,447,1051020,516950,0,0,0,0,472210,0
[E3OURS-CSV] 2,448,1022420,516770,0,0,0,0,437660,0
[E3OURS-CSV] 2,449,559470,334230,0,0,0,0,179430,0
[E3OURS-CSV] 2,450,1096040,568800,0,0,0,0,451680,0
[E3OURS-CSV] 2,451,1060880,547520,0,0,0,0,443860,0
[E3OURS-CSV] 2,452,1087400,566380,0,0,0,0,462910,0
[E3OURS-CSV] 2,453,1091530,556050,0,0,0,0,457150,0
[E3OURS-CSV] 2,454,462490,271000,0,0,0,0,152990,0
[E3OURS-CSV] 2,455,1109620,574310,0,0,0,0,458060,0
[E3OURS-CSV] 2,456,1040550,532390,0,0,0,0,437620,0
[E3OURS-CSV] 2,457,1039970,524190,0,0,0,0,453340,0
[E3OURS-CSV] 2,458,1075970,536270,0,0,0,0,467890,0
[E3OURS-CSV] 2,459,330500,197380,0,0,0,0,103450,0
[E3OURS-CSV] 2,460,1111170,561470,0,0,0,0,472230,0
[E3OURS-CSV] 2,461,1254370,840090,0,0,0,0,311370,0
[E3OURS-CSV] 2,462,999820,508920,0,0,0,0,432750,0
[E3OURS-CSV] 2,463,1019270,510960,0,0,0,0,443180,0
[E3OURS-CSV] 2,464,919920,485670,0,0,0,0,359320,0
[E3OURS-CSV] 2,465,1598370,1122300,0,0,0,0,346490,0
[E3OURS-CSV] 2,466,1443250,1024170,0,0,0,0,344410,0
[E3OURS-CSV] 2,467,1070280,548880,0,0,0,0,465220,0
[E3OURS-CSV] 2,468,1014420,506990,0,0,0,0,443410,0
[E3OURS-CSV] 2,469,780680,456340,0,0,0,0,257320,0
[E3OURS-CSV] 2,470,1992200,1135970,0,0,0,0,742180,0
[E3OURS-CSV] 2,471,1514450,1062680,0,0,0,0,357230,0
[E3OURS-CSV] 2,472,1008800,511450,0,0,0,0,437020,0
[E3OURS-CSV] 2,473,965630,480180,0,0,0,0,430020,0
[E3OURS-CSV] 2,474,1105750,549960,0,0,0,0,482300,0
[E3OURS-CSV] 2,475,1118460,562720,0,0,0,0,478630,0
[E3OURS-CSV] 2,476,1043030,534660,0,0,0,0,441730,0
[E3OURS-CSV] 2,477,1018030,517930,0,0,0,0,434540,0
[E3OURS-CSV] 2,478,1218700,646500,0,0,0,0,478270,0
[E3OURS-CSV] 2,479,1071690,576890,0,0,0,0,390820,0
[E3OURS-CSV] 2,480,1340500,867940,0,0,0,0,345090,0
[E3OURS-CSV] 2,481,1069850,542420,0,0,0,0,462040,0
[E3OURS-CSV] 2,482,1073080,548590,0,0,0,0,467090,0
[E3OURS-CSV] 2,483,1044480,522370,0,0,0,0,448710,0
[E3OURS-CSV] 2,484,1665610,1076850,0,0,0,0,477170,0
[E3OURS-CSV] 2,485,2139500,1237290,0,0,0,0,764090,0
[E3OURS-CSV] 2,486,1233460,653000,0,0,0,0,494610,0
[E3OURS-CSV] 2,487,990720,495950,0,0,0,0,437330,0
[E3OURS-CSV] 2,488,1009880,516490,0,0,0,0,435190,0
[E3OURS-CSV] 2,489,1056270,559750,0,0,0,0,423780,0
[E3OURS-CSV] 2,490,1319390,896510,0,0,0,0,329250,0
[E3OURS-CSV] 2,491,1094740,556750,0,0,0,0,466540,0
[E3OURS-CSV] 2,492,1026590,516350,0,0,0,0,446150,0
[E3OURS-CSV] 2,493,1028750,520530,0,0,0,0,438980,0
[E3OURS-CSV] 2,494,1173000,607780,0,0,0,0,475210,0
[E3OURS-CSV] 2,495,1104650,571070,0,0,0,0,456990,0
[E3OURS-CSV] 2,496,1068310,551220,0,0,0,0,455000,0
[E3OURS-CSV] 2,497,1128670,579590,0,0,0,0,489020,0
[E3OURS-CSV] 2,498,1113910,564770,0,0,0,0,472240,0
[E3OURS-CSV] 2,499,919440,477010,0,0,0,0,377640,0
[E3OURS-SUMMARY] chain_len=2 e2e_avg=1184307 publish_avg=708262 sched_avg=390930
