
RTEMS Shell on /dev/console. Use 'help' to list commands.
SHLL [/] # nexus0: <RTEMS Nexus device>
info: lo0: link state changed to UP
=== Exp3inter-NE: Task Chain (n=4) NoExecutor ===
Period: 200ms, Rounds: 500
[E3INE-CSV] chain_len,round,e2e_ns,publish_ns,gc_trigger_ns,invoke_cb_ns,getnext_ns,take_data_ns,sched_ns,dispatch_ns
666666
CPP Msg not nullptr
CPP Msg not nullptr
CPP Msg not nullptr
CPP Msg not nullptr
C Msg not NULL
C Msg not NULL
CPP Srv not nullptr
CPP Srv not nullptr
CPP Srv not nullptr
CPP Srv not nullptr
CPP Srv not nullptr
CPP Srv not nullptr
CPP Msg not nullptr
CPP Msg not nullptr
CPP Msg not nullptr
CPP Msg not nullptr
CPP Msg not nullptr
CPP Msg not nullptr
[33m[WARN] [0567993600.546099729] [rclcpp]: Calling set_on_new_intra_process_message_callback for subscription with IPC disabled[0m
C Msg not NULL
C Msg not NULL
CPP Srv not nullptr
CPP Srv not nullptr
CPP Srv not nullptr
CPP Srv not nullptr
CPP Srv not nullptr
CPP Srv not nullptr
CPP Msg not nullptr
CPP Msg not nullptr
CPP Msg not nullptr
CPP Msg not nullptr
CPP Msg not nullptr
CPP Msg not nullptr
CPP Msg not nullptr
CPP Msg not nullptr
[33m[WARN] [0567993600.776671349] [rclcpp]: Calling set_on_new_intra_process_message_callback for subscription with IPC disabled[0m
[33m[WARN] [0567993600.778221609] [rclcpp]: Calling set_on_new_intra_process_message_callback for subscription with IPC disabled[0m
C Msg not NULL
C Msg not NULL
CPP Srv not nullptr
CPP Srv not nullptr
CPP Srv not nullptr
CPP Srv not nullptr
CPP Srv not nullptr
CPP Srv not nullptr
CPP Msg not nullptr
CPP Msg not nullptr
CPP Msg not nullptr
CPP Msg not nullptr
CPP Msg not nullptr
CPP Msg not nullptr
CPP Msg not nullptr
CPP Msg not nullptr
[33m[WARN] [0567993600.863043159] [rclcpp]: Calling set_on_new_intra_process_message_callback for subscription with IPC disabled[0m
[33m[WARN] [0567993600.863429139] [rclcpp]: Calling set_on_new_intra_process_message_callback for subscription with IPC disabled[0m
C Msg not NULL
C Msg not NULL
CPP Srv not nullptr
CPP Srv not nullptr
CPP Srv not nullptr
CPP Srv not nullptr
CPP Srv not nullptr
CPP Srv not nullptr
CPP Msg not nullptr
CPP Msg not nullptr
CPP Msg not nullptr
CPP Msg not nullptr
CPP Msg not nullptr
CPP Msg not nullptr
[33m[WARN] [0567993600.947699639] [rclcpp]: Calling set_on_new_intra_process_message_callback for subscription with IPC disabled[0m
[33m[WARN] [0567993600.948129369] [rclcpp]: Calling set_on_new_intra_process_message_callback for subscription with IPC disabled[0m
[E3INE-CSV] 4,0,6931530,2076840,0,0,0,0,6797410,0
[E3INE-CSV] 4,1,11812000,8134620,0,0,0,0,3570140,0
[E3INE-CSV] 4,2,12071910,8017000,0,0,0,0,3956700,0
[E3INE-CSV] 4,3,12188100,8565370,0,0,0,0,3518400,0
[E3INE-CSV] 4,4,11988080,8502950,0,0,0,0,3394130,0
[E3INE-CSV] 4,5,12738820,8996250,0,0,0,0,3642040,0
[E3INE-CSV] 4,6,11483500,8099100,0,0,0,0,3294970,0
[E3INE-CSV] 4,7,12033880,8173510,0,0,0,0,3765150,0
[E3INE-CSV] 4,8,12026120,8174630,0,0,0,0,3754570,0
[E3INE-CSV] 4,9,8272410,5903980,0,0,0,0,2268840,0
[E3INE-CSV] 4,10,10846990,7412500,0,0,0,0,3339680,0
[E3INE-CSV] 4,11,13032810,8976870,0,0,0,0,3737480,0
[E3INE-CSV] 4,12,12516570,8526240,0,0,0,0,3893250,0
[E3INE-CSV] 4,13,11788990,7918170,0,0,0,0,3605330,0
[E3INE-CSV] 4,14,13079730,9106470,0,0,0,0,3877530,0
[E3INE-CSV] 4,15,10655050,7348740,0,0,0,0,3048610,0
[E3INE-CSV] 4,16,11576640,8116760,0,0,0,0,3370670,0
[E3INE-CSV] 4,17,15649460,10719930,0,0,0,0,4753690,0
[E3INE-CSV] 4,18,13821720,9819160,0,0,0,0,3900940,0
[E3INE-CSV] 4,19,9298450,6677760,0,0,0,0,2538210,0
[E3INE-CSV] 4,20,11696710,8700370,0,0,0,0,2842340,0
[E3INE-CSV] 4,21,7906480,6061440,0,0,0,0,1711370,0
[E3INE-CSV] 4,22,12317210,8752830,0,0,0,0,3466310,0
[E3INE-CSV] 4,23,12015310,8100650,0,0,0,0,3824200,0
[E3INE-CSV] 4,24,12076210,8289990,0,0,0,0,3697560,0
[E3INE-CSV] 4,25,12347040,8517340,0,0,0,0,3738600,0
[E3INE-CSV] 4,26,11953510,8329260,0,0,0,0,3534990,0
[E3INE-CSV] 4,27,12987190,9171310,0,0,0,0,3718620,0
[E3INE-CSV] 4,28,12709690,8615030,0,0,0,0,3999310,0
[E3INE-CSV] 4,29,11818930,8192860,0,0,0,0,3535660,0
[E3INE-CSV] 4,30,11265860,7672440,0,0,0,0,3497210,0
[E3INE-CSV] 4,31,13029540,8571770,0,0,0,0,4349810,0
[E3INE-CSV] 4,32,11853530,8075780,0,0,0,0,3684620,0
[E3INE-CSV] 4,33,11835710,8077540,0,0,0,0,3659470,0
[E3INE-CSV] 4,34,11817630,8258730,0,0,0,0,3464050,0
[E3INE-CSV] 4,35,11733940,8201870,0,0,0,0,3438370,0
[E3INE-CSV] 4,36,11872520,8140470,0,0,0,0,3450110,0
[E3INE-CSV] 4,37,12025660,8054200,0,0,0,0,3874400,0
[E3INE-CSV] 4,38,11750590,8188150,0,0,0,0,3468260,0
[E3INE-CSV] 4,39,11955330,8330600,0,0,0,0,3535060,0
[E3INE-CSV] 4,40,11942170,8020480,0,0,0,0,3645960,0
[E3INE-CSV] 4,41,11622270,7542790,0,0,0,0,3846790,0
[E3INE-CSV] 4,42,12069390,8047310,0,0,0,0,3925530,0
[E3INE-CSV] 4,43,12976970,9055700,0,0,0,0,3825480,0
[E3INE-CSV] 4,44,11761990,8155120,0,0,0,0,3520790,0
[E3INE-CSV] 4,45,6440390,4321040,0,0,0,0,2069570,0
[E3INE-CSV] 4,46,13407240,10271430,0,0,0,0,2962290,0
[E3INE-CSV] 4,47,11514000,8492360,0,0,0,0,2873860,0
[E3INE-CSV] 4,48,12118010,8235800,0,0,0,0,3787860,0
[E3INE-CSV] 4,49,11773800,8185070,0,0,0,0,3494780,0
[E3INE-CSV] 4,50,7000320,5236010,0,0,0,0,1665270,0
[E3INE-CSV] 4,51,11884410,8307090,0,0,0,0,3487010,0
[E3INE-CSV] 4,52,7342460,5502200,0,0,0,0,1731690,0
[E3INE-CSV] 4,53,12061700,8524550,0,0,0,0,3431980,0
[E3INE-CSV] 4,54,12070360,8601280,0,0,0,0,3366630,0
[E3INE-CSV] 4,55,12397050,8452240,0,0,0,0,3817280,0
[E3INE-CSV] 4,56,11763690,7918030,0,0,0,0,3746670,0
[E3INE-CSV] 4,57,12606830,8455720,0,0,0,0,4036660,0
[E3INE-CSV] 4,58,12532860,8634910,0,0,0,0,3632390,0
[E3INE-CSV] 4,59,13127890,8792270,0,0,0,0,4235640,0
[E3INE-CSV] 4,60,13682580,9180630,0,0,0,0,4350630,0
[E3INE-CSV] 4,61,12869050,9026360,0,0,0,0,3746880,0
[E3INE-CSV] 4,62,12436030,8745430,0,0,0,0,3590300,0
[E3INE-CSV] 4,63,11985470,8063200,0,0,0,0,3643710,0
[E3INE-CSV] 4,64,11991150,8122120,0,0,0,0,3768840,0
[E3INE-CSV] 4,65,11650170,8100890,0,0,0,0,3458050,0
[E3INE-CSV] 4,66,12475720,8466650,0,0,0,0,3902170,0
[E3INE-CSV] 4,67,11731270,8052600,0,0,0,0,3582970,0
[E3INE-CSV] 4,68,11902440,8287570,0,0,0,0,3503050,0
[E3INE-CSV] 4,69,11817300,7861010,0,0,0,0,3863920,0
[E3INE-CSV] 4,70,11909570,8247160,0,0,0,0,3569040,0
[E3INE-CSV] 4,71,13582460,10121820,0,0,0,0,3313790,0
[E3INE-CSV] 4,72,11619630,7985680,0,0,0,0,3532930,0
[E3INE-CSV] 4,73,11801650,8075420,0,0,0,0,3630460,0
[E3INE-CSV] 4,74,12632860,9094570,0,0,0,0,3436990,0
[E3INE-CSV] 4,75,11617230,7966120,0,0,0,0,3382440,0
[E3INE-CSV] 4,76,11896500,8147220,0,0,0,0,3458930,0
[E3INE-CSV] 4,77,12437080,8764040,0,0,0,0,3574110,0
[E3INE-CSV] 4,78,12980330,9115010,0,0,0,0,3757410,0
[E3INE-CSV] 4,79,11923850,8440870,0,0,0,0,3393330,0
[E3INE-CSV] 4,80,12787900,8456040,0,0,0,0,4239350,0
[E3INE-CSV] 4,81,12176670,8414520,0,0,0,0,3692100,0
[E3INE-CSV] 4,82,15090860,10931180,0,0,0,0,4010470,0
[E3INE-CSV] 4,83,19187060,12528650,0,0,0,0,6527880,0
[E3INE-CSV] 4,84,11687320,8127000,0,0,0,0,3470970,0
[E3INE-CSV] 4,85,11947470,8003050,0,0,0,0,3847680,0
[E3INE-CSV] 4,86,11790910,8185860,0,0,0,0,3502600,0
[E3INE-CSV] 4,87,12649170,8681330,0,0,0,0,3872030,0
[E3INE-CSV] 4,88,11753820,8125940,0,0,0,0,3532810,0
[E3INE-CSV] 4,89,11678980,8102110,0,0,0,0,3473600,0
[E3INE-CSV] 4,90,8177420,5975830,0,0,0,0,2106440,0
[E3INE-CSV] 4,91,11947960,8366480,0,0,0,0,3474120,0
[E3INE-CSV] 4,92,13527920,9840980,0,0,0,0,3523750,0
[E3INE-CSV] 4,93,12613530,8565120,0,0,0,0,3933600,0
[E3INE-CSV] 4,94,11724990,8189130,0,0,0,0,3442770,0
[E3INE-CSV] 4,95,11614910,7998900,0,0,0,0,3506610,0
[E3INE-CSV] 4,96,13903860,9531580,0,0,0,0,4220820,0
[E3INE-CSV] 4,97,5968400,3986210,0,0,0,0,1722690,0
[E3INE-CSV] 4,98,10084890,6252740,0,0,0,0,3708080,0
[E3INE-CSV] 4,99,8452170,6266520,0,0,0,0,2096110,0
[E3INE-CSV] 4,100,12061690,8055010,0,0,0,0,3912680,0
[E3INE-CSV] 4,101,12450430,8656800,0,0,0,0,3698900,0
[E3INE-CSV] 4,102,12025680,8260460,0,0,0,0,3662460,0
[E3INE-CSV] 4,103,12903710,9027870,0,0,0,0,3752940,0
[E3INE-CSV] 4,104,11733850,7834410,0,0,0,0,3780830,0
[E3INE-CSV] 4,105,11995820,8032180,0,0,0,0,3856210,0
[E3INE-CSV] 4,106,15341380,10870240,0,0,0,0,4325090,0
[E3INE-CSV] 4,107,8721920,6155360,0,0,0,0,2460650,0
[E3INE-CSV] 4,108,11962240,8179950,0,0,0,0,3665520,0
[E3INE-CSV] 4,109,12014000,8278820,0,0,0,0,3633410,0
[E3INE-CSV] 4,110,7987250,6111930,0,0,0,0,1770570,0
[E3INE-CSV] 4,111,14461510,9948330,0,0,0,0,4294240,0
[E3INE-CSV] 4,112,11879200,7969840,0,0,0,0,3793860,0
[E3INE-CSV] 4,113,13157840,8991650,0,0,0,0,4056090,0
[E3INE-CSV] 4,114,13252150,9064360,0,0,0,0,4048330,0
[E3INE-CSV] 4,115,11663690,8188820,0,0,0,0,3386900,0
[E3INE-CSV] 4,116,11130440,7640530,0,0,0,0,3372840,0
[E3INE-CSV] 4,117,11439860,7649480,0,0,0,0,3671850,0
[E3INE-CSV] 4,118,12093390,8147330,0,0,0,0,3845910,0
[E3INE-CSV] 4,119,15780710,11152550,0,0,0,0,4475340,0
[E3INE-CSV] 4,120,12441000,8380420,0,0,0,0,3951870,0
[E3INE-CSV] 4,121,12072280,8044000,0,0,0,0,3903480,0
[E3INE-CSV] 4,122,11690810,7773810,0,0,0,0,3632030,0
[E3INE-CSV] 4,123,12118880,8081220,0,0,0,0,3771760,0
[E3INE-CSV] 4,124,11639130,8116040,0,0,0,0,3434170,0
[E3INE-CSV] 4,125,12823470,9174770,0,0,0,0,3376720,0
[E3INE-CSV] 4,126,11731500,8213930,0,0,0,0,3406150,0
[E3INE-CSV] 4,127,12654270,8727670,0,0,0,0,3811900,0
[E3INE-CSV] 4,128,15117350,10991290,0,0,0,0,3974440,0
[E3INE-CSV] 4,129,10590050,6943860,0,0,0,0,3604410,0
[E3INE-CSV] 4,130,11861740,8249570,0,0,0,0,3510550,0
[E3INE-CSV] 4,131,11812750,8245100,0,0,0,0,3480520,0
[E3INE-CSV] 4,132,7706400,5942230,0,0,0,0,1642140,0
[E3INE-CSV] 4,133,12522980,8635220,0,0,0,0,3786100,0
[E3INE-CSV] 4,134,12037950,8413000,0,0,0,0,3536870,0
[E3INE-CSV] 4,135,9459730,6334430,0,0,0,0,3034910,0
[E3INE-CSV] 4,136,10810650,7625740,0,0,0,0,3083810,0
[E3INE-CSV] 4,137,13370980,9122360,0,0,0,0,4136470,0
[E3INE-CSV] 4,138,8911810,6154010,0,0,0,0,2675620,0
[E3INE-CSV] 4,139,12053200,8056480,0,0,0,0,3904080,0
[E3INE-CSV] 4,140,11757730,7949410,0,0,0,0,3719840,0
[E3INE-CSV] 4,141,11877850,8254110,0,0,0,0,3532720,0
[E3INE-CSV] 4,142,11929090,8112190,0,0,0,0,3720160,0
[E3INE-CSV] 4,143,11891390,8098490,0,0,0,0,3699550,0
[E3INE-CSV] 4,144,11737060,8184890,0,0,0,0,3461200,0
[E3INE-CSV] 4,145,11991530,8445580,0,0,0,0,3457140,0
[E3INE-CSV] 4,146,12193310,8117060,0,0,0,0,3981360,0
[E3INE-CSV] 4,147,12317700,8529510,0,0,0,0,3689120,0
[E3INE-CSV] 4,148,12213060,8307850,0,0,0,0,3785290,0
[E3INE-CSV] 4,149,11911640,8337100,0,0,0,0,3479420,0
[E3INE-CSV] 4,150,12413070,8190640,0,0,0,0,4127080,0
[E3INE-CSV] 4,151,11960390,8155990,0,0,0,0,3701970,0
[E3INE-CSV] 4,152,12106940,8354740,0,0,0,0,3642890,0
[E3INE-CSV] 4,153,12860550,8695380,0,0,0,0,4021840,0
[E3INE-CSV] 4,154,11915750,7975920,0,0,0,0,3845620,0
[E3INE-CSV] 4,155,12004760,8200660,0,0,0,0,3702350,0
[E3INE-CSV] 4,156,12154800,8127860,0,0,0,0,3925910,0
[E3INE-CSV] 4,157,14001560,10131610,0,0,0,0,3718360,0
[E3INE-CSV] 4,158,14853210,10842400,0,0,0,0,3903930,0
[E3INE-CSV] 4,159,13186720,9028780,0,0,0,0,4059330,0
[E3INE-CSV] 4,160,12745250,8837750,0,0,0,0,3765700,0
[E3INE-CSV] 4,161,14932040,10970330,0,0,0,0,3864400,0
[E3INE-CSV] 4,162,13339820,9272410,0,0,0,0,3969870,0
[E3INE-CSV] 4,163,10749430,7580280,0,0,0,0,3077700,0
[E3INE-CSV] 4,164,12536770,8382700,0,0,0,0,4014690,0
[E3INE-CSV] 4,165,12981970,8225300,0,0,0,0,4663890,0
[E3INE-CSV] 4,166,11710000,8232340,0,0,0,0,3377710,0
[E3INE-CSV] 4,167,10579370,8162070,0,0,0,0,2275900,0
[E3INE-CSV] 4,168,14072030,10141650,0,0,0,0,3791600,0
[E3INE-CSV] 4,169,12098110,8118330,0,0,0,0,3885280,0
[E3INE-CSV] 4,170,11867090,8307820,0,0,0,0,3465730,0
[E3INE-CSV] 4,171,12463300,8550620,0,0,0,0,3814280,0
[E3INE-CSV] 4,172,12443760,8394790,0,0,0,0,3950500,0
[E3INE-CSV] 4,173,12035880,8197490,0,0,0,0,3744340,0
[E3INE-CSV] 4,174,12029630,8434930,0,0,0,0,3504020,0
[E3INE-CSV] 4,175,12760810,8938670,0,0,0,0,3729010,0
[E3INE-CSV] 4,176,11687610,7560830,0,0,0,0,3897070,0
[E3INE-CSV] 4,177,12427160,8764350,0,0,0,0,3557340,0
[E3INE-CSV] 4,178,12668790,8795950,0,0,0,0,3778210,0
[E3INE-CSV] 4,179,12047480,8273120,0,0,0,0,3514160,0
[E3INE-CSV] 4,180,12343560,8310870,0,0,0,0,3938590,0
[E3INE-CSV] 4,181,11717200,7846810,0,0,0,0,3614470,0
[E3INE-CSV] 4,182,12689390,8175200,0,0,0,0,4394510,0
[E3INE-CSV] 4,183,12109470,8079460,0,0,0,0,3929010,0
[E3INE-CSV] 4,184,11936540,8209280,0,0,0,0,3637120,0
[E3INE-CSV] 4,185,12195420,8408880,0,0,0,0,3691590,0
[E3INE-CSV] 4,186,12097010,8427020,0,0,0,0,3571920,0
[E3INE-CSV] 4,187,13488640,8746960,0,0,0,0,4643610,0
[E3INE-CSV] 4,188,12102130,8029830,0,0,0,0,3975440,0
[E3INE-CSV] 4,189,11723100,8189950,0,0,0,0,3437780,0
[E3INE-CSV] 4,190,14196220,9680490,0,0,0,0,4408130,0
[E3INE-CSV] 4,191,11883910,8282720,0,0,0,0,3511020,0
[E3INE-CSV] 4,192,12404310,8347750,0,0,0,0,3958090,0
[E3INE-CSV] 4,193,11949240,8325760,0,0,0,0,3527620,0
[E3INE-CSV] 4,194,10043800,6963030,0,0,0,0,2992110,0
[E3INE-CSV] 4,195,12825850,8367010,0,0,0,0,4362480,0
[E3INE-CSV] 4,196,11831800,8191110,0,0,0,0,3548570,0
[E3INE-CSV] 4,197,12987090,8813530,0,0,0,0,4072200,0
[E3INE-CSV] 4,198,10695850,7525230,0,0,0,0,3078430,0
[E3INE-CSV] 4,199,11575010,8087790,0,0,0,0,3401800,0
[E3INE-CSV] 4,200,11869600,8248140,0,0,0,0,3529120,0
[E3INE-CSV] 4,201,11970300,8326410,0,0,0,0,3549490,0
[E3INE-CSV] 4,202,12896090,8840930,0,0,0,0,3957980,0
[E3INE-CSV] 4,203,7220660,5316070,0,0,0,0,1813860,0
[E3INE-CSV] 4,204,12822580,9170330,0,0,0,0,3557850,0
[E3INE-CSV] 4,205,11435040,8033240,0,0,0,0,3312380,0
[E3INE-CSV] 4,206,11615330,8120550,0,0,0,0,3406980,0
[E3INE-CSV] 4,207,12453770,8751120,0,0,0,0,3595880,0
[E3INE-CSV] 4,208,12048570,8076580,0,0,0,0,3874100,0
[E3INE-CSV] 4,209,12235680,8516640,0,0,0,0,3630170,0
[E3INE-CSV] 4,210,13124760,8859880,0,0,0,0,4166970,0
[E3INE-CSV] 4,211,12675940,8484480,0,0,0,0,4095150,0
[E3INE-CSV] 4,212,13122090,8941730,0,0,0,0,4078030,0
[E3INE-CSV] 4,213,12043300,8255300,0,0,0,0,3694400,0
[E3INE-CSV] 4,214,11895990,8292150,0,0,0,0,3511570,0
[E3INE-CSV] 4,215,11904760,8298510,0,0,0,0,3518040,0
[E3INE-CSV] 4,216,11128820,7894390,0,0,0,0,3144440,0
[E3INE-CSV] 4,217,12974760,8774050,0,0,0,0,4104450,0
[E3INE-CSV] 4,218,12558680,8467720,0,0,0,0,3995630,0
[E3INE-CSV] 4,219,12029460,8395380,0,0,0,0,3545710,0
[E3INE-CSV] 4,220,11988360,7814830,0,0,0,0,4081610,0
[E3INE-CSV] 4,221,12520510,8583480,0,0,0,0,3844150,0
[E3INE-CSV] 4,222,12419410,8790460,0,0,0,0,3531650,0
[E3INE-CSV] 4,223,12158460,8258260,0,0,0,0,3807240,0
[E3INE-CSV] 4,224,12464330,8361340,0,0,0,0,4007950,0
[E3INE-CSV] 4,225,11944960,8386930,0,0,0,0,3470480,0
[E3INE-CSV] 4,226,11921150,8156200,0,0,0,0,3668830,0
[E3INE-CSV] 4,227,12457500,8757840,0,0,0,0,3601670,0
[E3INE-CSV] 4,228,12199210,8256330,0,0,0,0,3850030,0
[E3INE-CSV] 4,229,12614120,8633980,0,0,0,0,3887610,0
[E3INE-CSV] 4,230,12108100,8184550,0,0,0,0,3634110,0
[E3INE-CSV] 4,231,12697290,8946340,0,0,0,0,3654560,0
[E3INE-CSV] 4,232,12275710,8182830,0,0,0,0,3855550,0
[E3INE-CSV] 4,233,12193720,8294770,0,0,0,0,3807260,0
[E3INE-CSV] 4,234,11999600,8423140,0,0,0,0,3484760,0
[E3INE-CSV] 4,235,12109600,8114520,0,0,0,0,3902070,0
[E3INE-CSV] 4,236,11936790,7988010,0,0,0,0,3660740,0
[E3INE-CSV] 4,237,10873500,7475390,0,0,0,0,3302890,0
[E3INE-CSV] 4,238,11993330,8332620,0,0,0,0,3568970,0
[E3INE-CSV] 4,239,11924340,8126110,0,0,0,0,3703060,0
[E3INE-CSV] 4,240,11923610,8327210,0,0,0,0,3504470,0
[E3INE-CSV] 4,241,12510560,8823370,0,0,0,0,3590020,0
[E3INE-CSV] 4,242,11927600,8170470,0,0,0,0,3656920,0
[E3INE-CSV] 4,243,12064910,8257080,0,0,0,0,3529540,0
[E3INE-CSV] 4,244,11959080,8329610,0,0,0,0,3538400,0
[E3INE-CSV] 4,245,11839660,8268030,0,0,0,0,3481810,0
[E3INE-CSV] 4,246,12152910,8077320,0,0,0,0,3979590,0
[E3INE-CSV] 4,247,12039640,8072820,0,0,0,0,3864060,0
[E3INE-CSV] 4,248,11895230,8311970,0,0,0,0,3480520,0
[E3INE-CSV] 4,249,12122330,8360120,0,0,0,0,3671050,0
[E3INE-CSV] 4,250,12008620,8484520,0,0,0,0,3435540,0
[E3INE-CSV] 4,251,12675820,8488090,0,0,0,0,4092070,0
[E3INE-CSV] 4,252,11630900,8108510,0,0,0,0,3424970,0
[E3INE-CSV] 4,253,12063030,8098670,0,0,0,0,3683670,0
[E3INE-CSV] 4,254,11825190,8239590,0,0,0,0,3497030,0
[E3INE-CSV] 4,255,11973560,7991180,0,0,0,0,3490360,0
[E3INE-CSV] 4,256,12181700,8161540,0,0,0,0,3925590,0
[E3INE-CSV] 4,257,12641610,8905470,0,0,0,0,3635780,0
[E3INE-CSV] 4,258,12522820,8532910,0,0,0,0,3891790,0
[E3INE-CSV] 4,259,12007950,8039920,0,0,0,0,3866930,0
[E3INE-CSV] 4,260,12911650,8976500,0,0,0,0,3543900,0
[E3INE-CSV] 4,261,12039400,8058840,0,0,0,0,3879000,0
[E3INE-CSV] 4,262,12044130,8257990,0,0,0,0,3679960,0
[E3INE-CSV] 4,263,12133240,8108690,0,0,0,0,3925390,0
[E3INE-CSV] 4,264,11957490,8168280,0,0,0,0,3691970,0
[E3INE-CSV] 4,265,6576440,4589910,0,0,0,0,1902290,0
[E3INE-CSV] 4,266,10234030,7346880,0,0,0,0,2789450,0
[E3INE-CSV] 4,267,11990420,7958150,0,0,0,0,3758440,0
[E3INE-CSV] 4,268,12107770,8430400,0,0,0,0,3581430,0
[E3INE-CSV] 4,269,12535580,8476600,0,0,0,0,3963270,0
[E3INE-CSV] 4,270,7146420,5228490,0,0,0,0,1831210,0
[E3INE-CSV] 4,271,12091570,8013960,0,0,0,0,3979460,0
[E3INE-CSV] 4,272,11838950,7898840,0,0,0,0,3841490,0
[E3INE-CSV] 4,273,11873180,8241900,0,0,0,0,3540580,0
[E3INE-CSV] 4,274,12133400,8093250,0,0,0,0,3936620,0
[E3INE-CSV] 4,275,11959860,7989990,0,0,0,0,3872970,0
[E3INE-CSV] 4,276,12777080,9146030,0,0,0,0,3534210,0
[E3INE-CSV] 4,277,12022130,7975480,0,0,0,0,3949830,0
[E3INE-CSV] 4,278,12162600,8477640,0,0,0,0,3591770,0
[E3INE-CSV] 4,279,12222770,8107210,0,0,0,0,3824000,0
[E3INE-CSV] 4,280,11990020,7763420,0,0,0,0,3808850,0
[E3INE-CSV] 4,281,12732810,8135960,0,0,0,0,4500290,0
[E3INE-CSV] 4,282,13222580,9846280,0,0,0,0,3227900,0
[E3INE-CSV] 4,283,11867850,7694140,0,0,0,0,3955870,0
[E3INE-CSV] 4,284,11956640,7988250,0,0,0,0,3686530,0
[E3INE-CSV] 4,285,12907730,8496530,0,0,0,0,4318610,0
[E3INE-CSV] 4,286,10102160,6977080,0,0,0,0,3031360,0
[E3INE-CSV] 4,287,12541140,8840750,0,0,0,0,3593810,0
[E3INE-CSV] 4,288,11875130,8099520,0,0,0,0,3678580,0
[E3INE-CSV] 4,289,12056430,8333060,0,0,0,0,3630300,0
[E3INE-CSV] 4,290,7616400,5830220,0,0,0,0,1679420,0
[E3INE-CSV] 4,291,12574660,8807530,0,0,0,0,3659000,0
[E3INE-CSV] 4,292,12021620,8256200,0,0,0,0,3669540,0
[E3INE-CSV] 4,293,12522150,8502260,0,0,0,0,3928380,0
[E3INE-CSV] 4,294,12127530,8081080,0,0,0,0,3952220,0
[E3INE-CSV] 4,295,13419640,8887690,0,0,0,0,4438740,0
[E3INE-CSV] 4,296,10977210,7424560,0,0,0,0,3456340,0
[E3INE-CSV] 4,297,12632450,8706660,0,0,0,0,3827320,0
[E3INE-CSV] 4,298,12916750,8795730,0,0,0,0,4017380,0
[E3INE-CSV] 4,299,12073470,8039450,0,0,0,0,3939560,0
[E3INE-CSV] 4,300,12002810,8059610,0,0,0,0,3847420,0
[E3INE-CSV] 4,301,11908800,8094260,0,0,0,0,3544410,0
[E3INE-CSV] 4,302,10356360,7318130,0,0,0,0,2938470,0
[E3INE-CSV] 4,303,11943760,8298000,0,0,0,0,3553700,0
[E3INE-CSV] 4,304,12001960,8381870,0,0,0,0,3524990,0
[E3INE-CSV] 4,305,10185300,7030510,0,0,0,0,3015500,0
[E3INE-CSV] 4,306,11527130,7731360,0,0,0,0,3702150,0
[E3INE-CSV] 4,307,11856200,8111080,0,0,0,0,3647030,0
[E3INE-CSV] 4,308,11938530,8014340,0,0,0,0,3828930,0
[E3INE-CSV] 4,309,16329040,11212200,0,0,0,0,4968870,0
[E3INE-CSV] 4,310,11788680,7756750,0,0,0,0,3740160,0
[E3INE-CSV] 4,311,15539700,11728960,0,0,0,0,3659070,0
[E3INE-CSV] 4,312,12793940,8656570,0,0,0,0,4031380,0
[E3INE-CSV] 4,313,11843730,8271240,0,0,0,0,3466710,0
[E3INE-CSV] 4,314,11670330,7877580,0,0,0,0,3531460,0
[E3INE-CSV] 4,315,11835340,8080750,0,0,0,0,3661380,0
[E3INE-CSV] 4,316,11782790,8058900,0,0,0,0,3446790,0
[E3INE-CSV] 4,317,12395430,8678670,0,0,0,0,3617930,0
[E3INE-CSV] 4,318,12179480,8722060,0,0,0,0,3358480,0
[E3INE-CSV] 4,319,12073170,8120980,0,0,0,0,3860190,0
[E3INE-CSV] 4,320,11935930,8410450,0,0,0,0,3428730,0
[E3INE-CSV] 4,321,13632580,8740460,0,0,0,0,4798140,0
[E3INE-CSV] 4,322,13068130,8802710,0,0,0,0,4137530,0
[E3INE-CSV] 4,323,11922330,8338690,0,0,0,0,3491010,0
[E3INE-CSV] 4,324,11879930,8301400,0,0,0,0,3487490,0
[E3INE-CSV] 4,325,11638520,8061720,0,0,0,0,3490770,0
[E3INE-CSV] 4,326,11916080,8079950,0,0,0,0,3731380,0
[E3INE-CSV] 4,327,11841710,8111370,0,0,0,0,3632130,0
[E3INE-CSV] 4,328,11799690,8286620,0,0,0,0,3421280,0
[E3INE-CSV] 4,329,12751440,8898100,0,0,0,0,3755440,0
[E3INE-CSV] 4,330,11924840,8386820,0,0,0,0,3446170,0
[E3INE-CSV] 4,331,11240160,7547550,0,0,0,0,3589050,0
[E3INE-CSV] 4,332,13063870,8932690,0,0,0,0,4032360,0
[E3INE-CSV] 4,333,12016980,8105810,0,0,0,0,3818960,0
[E3INE-CSV] 4,334,2124120,1414240,0,0,0,0,688150,0
[E3INE-CSV] 4,335,11772100,8164330,0,0,0,0,3516010,0
[E3INE-CSV] 4,336,11757130,8023480,0,0,0,0,3636440,0
[E3INE-CSV] 4,337,12273780,8460590,0,0,0,0,3715070,0
[E3INE-CSV] 4,338,11952900,7999660,0,0,0,0,3856980,0
[E3INE-CSV] 4,339,12156280,8284370,0,0,0,0,3783070,0
[E3INE-CSV] 4,340,11837300,8299640,0,0,0,0,3448210,0
[E3INE-CSV] 4,341,11595360,8179590,0,0,0,0,3321110,0
[E3INE-CSV] 4,342,12149490,8159830,0,0,0,0,3890400,0
[E3INE-CSV] 4,343,11947340,8346070,0,0,0,0,3511340,0
[E3INE-CSV] 4,344,11655820,8029140,0,0,0,0,3537970,0
[E3INE-CSV] 4,345,12132820,8084710,0,0,0,0,3944460,0
[E3INE-CSV] 4,346,11712760,8025740,0,0,0,0,3414750,0
[E3INE-CSV] 4,347,12690530,8641960,0,0,0,0,3944760,0
[E3INE-CSV] 4,348,12120450,8339230,0,0,0,0,3687120,0
[E3INE-CSV] 4,349,9775130,6572020,0,0,0,0,3108980,0
[E3INE-CSV] 4,350,12105080,8384730,0,0,0,0,3609670,0
[E3INE-CSV] 4,351,12369730,8134870,0,0,0,0,4140820,0
[E3INE-CSV] 4,352,12461270,8575840,0,0,0,0,3787820,0
[E3INE-CSV] 4,353,12482790,9125410,0,0,0,0,3257520,0
[E3INE-CSV] 4,354,11582390,8034060,0,0,0,0,3460010,0
[E3INE-CSV] 4,355,12195960,8514730,0,0,0,0,3589700,0
[E3INE-CSV] 4,356,12136890,8262190,0,0,0,0,3781780,0
[E3INE-CSV] 4,357,12081000,8074700,0,0,0,0,3908680,0
[E3INE-CSV] 4,358,12475040,8552650,0,0,0,0,3831160,0
[E3INE-CSV] 4,359,11737440,8155190,0,0,0,0,3495840,0
[E3INE-CSV] 4,360,14118400,10619140,0,0,0,0,3364680,0
[E3INE-CSV] 4,361,11888960,8147680,0,0,0,0,3645880,0
[E3INE-CSV] 4,362,11978680,8402650,0,0,0,0,3477780,0
[E3INE-CSV] 4,363,11908850,8340500,0,0,0,0,3479320,0
[E3INE-CSV] 4,364,11578060,8028830,0,0,0,0,3463120,0
[E3INE-CSV] 4,365,16539150,12200700,0,0,0,0,4181020,0
[E3INE-CSV] 4,366,11942940,7997470,0,0,0,0,3850160,0
[E3INE-CSV] 4,367,13269870,9481620,0,0,0,0,3691650,0
[E3INE-CSV] 4,368,11901260,8053450,0,0,0,0,3749870,0
[E3INE-CSV] 4,369,11782190,8204880,0,0,0,0,3488000,0
[E3INE-CSV] 4,370,11651170,8112340,0,0,0,0,3451110,0
[E3INE-CSV] 4,371,14972030,11090850,0,0,0,0,3737620,0
[E3INE-CSV] 4,372,13940120,10082760,0,0,0,0,3706150,0
[E3INE-CSV] 4,373,11728000,8102810,0,0,0,0,3530300,0
[E3INE-CSV] 4,374,11826840,8130220,0,0,0,0,3604590,0
[E3INE-CSV] 4,375,12655620,8618180,0,0,0,0,3944000,0
[E3INE-CSV] 4,376,11942710,8290790,0,0,0,0,3560250,0
[E3INE-CSV] 4,377,12409820,8536840,0,0,0,0,3763940,0
[E3INE-CSV] 4,378,12569840,8470770,0,0,0,0,4008350,0
[E3INE-CSV] 4,379,9452520,6579160,0,0,0,0,2653760,0
[E3INE-CSV] 4,380,12092690,8236340,0,0,0,0,3762720,0
[E3INE-CSV] 4,381,12395550,8196860,0,0,0,0,4102710,0
[E3INE-CSV] 4,382,7823640,5950630,0,0,0,0,1783630,0
[E3INE-CSV] 4,383,11894470,8189930,0,0,0,0,3610060,0
[E3INE-CSV] 4,384,11621000,8032240,0,0,0,0,3501210,0
[E3INE-CSV] 4,385,11637680,8128430,0,0,0,0,3423070,0
[E3INE-CSV] 4,386,11943700,8054160,0,0,0,0,3792400,0
[E3INE-CSV] 4,387,12026010,8270960,0,0,0,0,3655940,0
[E3INE-CSV] 4,388,11799710,8064740,0,0,0,0,3476300,0
[E3INE-CSV] 4,389,11729060,8155140,0,0,0,0,3489390,0
[E3INE-CSV] 4,390,11630030,8649050,0,0,0,0,2888910,0
[E3INE-CSV] 4,391,11745110,8251520,0,0,0,0,3405090,0
[E3INE-CSV] 4,392,11870020,7961470,0,0,0,0,3801900,0
[E3INE-CSV] 4,393,11949890,8001560,0,0,0,0,3851250,0
[E3INE-CSV] 4,394,11392910,8417480,0,0,0,0,2887720,0
[E3INE-CSV] 4,395,8405950,5890690,0,0,0,0,2434440,0
[E3INE-CSV] 4,396,9349590,6079770,0,0,0,0,3200810,0
[E3INE-CSV] 4,397,15021890,10861710,0,0,0,0,4012380,0
[E3INE-CSV] 4,398,11776420,8236830,0,0,0,0,3444680,0
[E3INE-CSV] 4,399,11788700,8263390,0,0,0,0,3437850,0
[E3INE-CSV] 4,400,11803450,8082650,0,0,0,0,3609290,0
[E3INE-CSV] 4,401,12085540,8111420,0,0,0,0,3883430,0
[E3INE-CSV] 4,402,11903890,8151000,0,0,0,0,3656850,0
[E3INE-CSV] 4,403,12317080,8127350,0,0,0,0,4094750,0
[E3INE-CSV] 4,404,12335990,8099240,0,0,0,0,3955160,0
[E3INE-CSV] 4,405,11759410,8244100,0,0,0,0,3427270,0
[E3INE-CSV] 4,406,11735230,8204860,0,0,0,0,3436130,0
[E3INE-CSV] 4,407,12347250,8623290,0,0,0,0,3626050,0
[E3INE-CSV] 4,408,11968180,8013390,0,0,0,0,3853440,0
[E3INE-CSV] 4,409,12476500,7942440,0,0,0,0,4243370,0
[E3INE-CSV] 4,410,12267170,8500650,0,0,0,0,3655240,0
[E3INE-CSV] 4,411,12822760,8897920,0,0,0,0,3815160,0
[E3INE-CSV] 4,412,12082490,8446700,0,0,0,0,3537870,0
[E3INE-CSV] 4,413,10149660,7621900,0,0,0,0,2433110,0
[E3INE-CSV] 4,414,11873700,8169380,0,0,0,0,3598250,0
[E3INE-CSV] 4,415,11824040,8246520,0,0,0,0,3486710,0
[E3INE-CSV] 4,416,11886530,8176710,0,0,0,0,3617740,0
[E3INE-CSV] 4,417,12267370,8067290,0,0,0,0,4101740,0
[E3INE-CSV] 4,418,13534590,9100450,0,0,0,0,4333080,0
[E3INE-CSV] 4,419,12525490,8034440,0,0,0,0,4044230,0
[E3INE-CSV] 4,420,12379380,8139480,0,0,0,0,4146950,0
[E3INE-CSV] 4,421,14880570,10688530,0,0,0,0,4050280,0
[E3INE-CSV] 4,422,11711880,7847750,0,0,0,0,3761220,0
[E3INE-CSV] 4,423,12848810,9188820,0,0,0,0,3563930,0
[E3INE-CSV] 4,424,11532930,7988660,0,0,0,0,3459470,0
[E3INE-CSV] 4,425,11793670,8183090,0,0,0,0,3519500,0
[E3INE-CSV] 4,426,11807690,8047080,0,0,0,0,3654290,0
[E3INE-CSV] 4,427,12905190,9054070,0,0,0,0,3752930,0
[E3INE-CSV] 4,428,11751590,8245540,0,0,0,0,3416550,0
[E3INE-CSV] 4,429,11837480,8151790,0,0,0,0,3592800,0
[E3INE-CSV] 4,430,12855400,8774300,0,0,0,0,3990460,0
[E3INE-CSV] 4,431,12161480,8327550,0,0,0,0,3740530,0
[E3INE-CSV] 4,432,12064020,8633560,0,0,0,0,3331410,0
[E3INE-CSV] 4,433,11963470,8331310,0,0,0,0,3540450,0
[E3INE-CSV] 4,434,11995320,8100670,0,0,0,0,3799150,0
[E3INE-CSV] 4,435,12050470,8097050,0,0,0,0,3857810,0
[E3INE-CSV] 4,436,11753020,8242840,0,0,0,0,3418190,0
[E3INE-CSV] 4,437,8491040,6188630,0,0,0,0,2191690,0
[E3INE-CSV] 4,438,11914500,8034500,0,0,0,0,3784190,0
[E3INE-CSV] 4,439,12633740,8577300,0,0,0,0,3962640,0
[E3INE-CSV] 4,440,11688870,8156140,0,0,0,0,3440590,0
[E3INE-CSV] 4,441,11881220,7952640,0,0,0,0,3830070,0
[E3INE-CSV] 4,442,15718840,10953200,0,0,0,0,4620360,0
[E3INE-CSV] 4,443,12590480,8593540,0,0,0,0,3902810,0
[E3INE-CSV] 4,444,12929360,8441630,0,0,0,0,4393890,0
[E3INE-CSV] 4,445,12385700,8000740,0,0,0,0,4291150,0
[E3INE-CSV] 4,446,11348320,7644460,0,0,0,0,3609600,0
[E3INE-CSV] 4,447,10577290,6876280,0,0,0,0,3613810,0
[E3INE-CSV] 4,448,7767990,5982130,0,0,0,0,1690690,0
[E3INE-CSV] 4,449,14055710,10310730,0,0,0,0,3596330,0
[E3INE-CSV] 4,450,13787690,9878500,0,0,0,0,3766720,0
[E3INE-CSV] 4,451,12587800,8850550,0,0,0,0,3635240,0
[E3INE-CSV] 4,452,2758070,1928520,0,0,0,0,759770,0
[E3INE-CSV] 4,453,12060350,8149230,0,0,0,0,3807100,0
[E3INE-CSV] 4,454,11729150,8152690,0,0,0,0,3490970,0
[E3INE-CSV] 4,455,12213410,8317330,0,0,0,0,3801460,0
[E3INE-CSV] 4,456,11784820,8056510,0,0,0,0,3462010,0
[E3INE-CSV] 4,457,11978680,8003870,0,0,0,0,3870240,0
[E3INE-CSV] 4,458,12662050,8390560,0,0,0,0,4174940,0
[E3INE-CSV] 4,459,12448540,8687360,0,0,0,0,3667300,0
[E3INE-CSV] 4,460,16878850,11228710,0,0,0,0,5506030,0
[E3INE-CSV] 4,461,11935770,8201580,0,0,0,0,3461790,0
[E3INE-CSV] 4,462,12290190,8064450,0,0,0,0,4130700,0
[E3INE-CSV] 4,463,13854940,10231150,0,0,0,0,3484670,0
[E3INE-CSV] 4,464,11656200,8156780,0,0,0,0,3406170,0
[E3INE-CSV] 4,465,11871470,8178560,0,0,0,0,3605750,0
[E3INE-CSV] 4,466,12161730,8454790,0,0,0,0,3615420,0
[E3INE-CSV] 4,467,17633960,12198490,0,0,0,0,5253720,0
[E3INE-CSV] 4,468,12077510,8332280,0,0,0,0,3649440,0
[E3INE-CSV] 4,469,13049760,8915810,0,0,0,0,4039990,0
[E3INE-CSV] 4,470,11872140,7995980,0,0,0,0,3612530,0
[E3INE-CSV] 4,471,15853210,10982160,0,0,0,0,4730450,0
[E3INE-CSV] 4,472,11900910,8199240,0,0,0,0,3602080,0
[E3INE-CSV] 4,473,11829650,8105970,0,0,0,0,3630210,0
[E3INE-CSV] 4,474,15278230,11481400,0,0,0,0,3651030,0
[E3INE-CSV] 4,475,12078760,8301280,0,0,0,0,3684410,0
[E3INE-CSV] 4,476,13609560,9543350,0,0,0,0,3703520,0
[E3INE-CSV] 4,477,12374270,8730360,0,0,0,0,3544270,0
[E3INE-CSV] 4,478,8933200,6107460,0,0,0,0,2539030,0
[E3INE-CSV] 4,479,10725480,7862150,0,0,0,0,2757000,0
[E3INE-CSV] 4,480,11885380,8193740,0,0,0,0,3600370,0
[E3INE-CSV] 4,481,12311620,8056430,0,0,0,0,4149650,0
[E3INE-CSV] 4,482,13999920,10174700,0,0,0,0,3669050,0
[E3INE-CSV] 4,483,14725180,10501690,0,0,0,0,4066550,0
[E3INE-CSV] 4,484,11849000,8148820,0,0,0,0,3605950,0
[E3INE-CSV] 4,485,11805940,8235920,0,0,0,0,3479800,0
[E3INE-CSV] 4,486,12367660,8159660,0,0,0,0,4114280,0
[E3INE-CSV] 4,487,12030080,8099090,0,0,0,0,3833220,0
[E3INE-CSV] 4,488,9230260,6853570,0,0,0,0,2236820,0
[E3INE-CSV] 4,489,11919380,8350790,0,0,0,0,3479950,0
[E3INE-CSV] 4,490,11942670,8298470,0,0,0,0,3550750,0
[E3INE-CSV] 4,491,11691130,8029940,0,0,0,0,3564820,0
[E3INE-CSV] 4,492,12647820,8505090,0,0,0,0,4040650,0
[E3INE-CSV] 4,493,11983670,8076560,0,0,0,0,3800690,0
[E3INE-CSV] 4,494,13049670,8755860,0,0,0,0,4183000,0
[E3INE-CSV] 4,495,11975780,8409750,0,0,0,0,3474500,0
[E3INE-CSV] 4,496,6813420,4887870,0,0,0,0,1841780,0
[E3INE-CSV] 4,497,12478600,8761250,0,0,0,0,3602870,0
[E3INE-CSV] 4,498,12699030,8888170,0,0,0,0,3708450,0
[E3INE-CSV] 4,499,11849930,8099750,0,0,0,0,3657060,0
[E3INE-SUMMARY] chain_len=4 e2e_avg=12011027 publish_avg=8275597 sched_avg=3621818

*** FATAL ***
fatal source: 0 (INTERNAL_ERROR_CORE)
fatal code: 5 (INTERNAL_ERROR_THREAD_EXITTED)
RTEMS version: 6.1.0.not-released
RTEMS tools: 13.3.0 20240521 (RTEMS 6, RSB no-repo, Newlib 1b3dcfd)
executing thread ID: 0x0a010001
executing thread name: UI1 
