
RTEMS Shell on /dev/console. Use 'help' to list commands.
SHLL [/] # nexus0: <RTEMS Nexus device>
info: lo0: link state changed to UP
=== Exp3inter-MT: Task Chain (n=4) MultiThreadedExecutor ===
Period: 200ms, Rounds: 500
[E3IMT-CSV] chain_len,round,e2e_ns,publish_ns,gc_trigger_ns,invoke_cb_ns,getnext_ns,take_data_ns,sched_ns,dispatch_ns
666666
CPP Msg not nullptr
CPP Msg not nullptr
CPP Msg not nullptr
CPP Msg not nullptr
C Msg not NULL
C Msg not NULL
CPP Srv not nullptr
CPP Srv not nullptr
CPP Srv not nullptr
CPP Srv not nullptr
CPP Srv not nullptr
CPP Srv not nullptr
CPP Msg not nullptr
CPP Msg not nullptr
CPP Msg not nullptr
CPP Msg not nullptr
CPP Msg not nullptr
CPP Msg not nullptr
C Msg not NULL
C Msg not NULL
CPP Srv not nullptr
CPP Srv not nullptr
CPP Srv not nullptr
CPP Srv not nullptr
CPP Srv not nullptr
CPP Srv not nullptr
CPP Msg not nullptr
CPP Msg not nullptr
CPP Msg not nullptr
CPP Msg not nullptr
CPP Msg not nullptr
CPP Msg not nullptr
CPP Msg not nullptr
CPP Msg not nullptr
C Msg not NULL
C Msg not NULL
CPP Srv not nullptr
CPP Srv not nullptr
CPP Srv not nullptr
CPP Srv not nullptr
CPP Srv not nullptr
CPP Srv not nullptr
CPP Msg not nullptr
CPP Msg not nullptr
CPP Msg not nullptr
CPP Msg not nullptr
CPP Msg not nullptr
CPP Msg not nullptr
CPP Msg not nullptr
CPP Msg not nullptr
C Msg not NULL
C Msg not NULL
CPP Srv not nullptr
CPP Srv not nullptr
CPP Srv not nullptr
CPP Srv not nullptr
CPP Srv not nullptr
CPP Srv not nullptr
CPP Msg not nullptr
CPP Msg not nullptr
CPP Msg not nullptr
CPP Msg not nullptr
CPP Msg not nullptr
CPP Msg not nullptr
[E3IMT-CSV] 4,0,16307010,1557280,0,0,155440,0,14386980,5924906247
[E3IMT-CSV] 4,1,9240050,2703040,0,0,191350,0,6473420,6438918907
[E3IMT-CSV] 4,2,17744610,5264170,0,0,363560,0,12382280,7063476377
[E3IMT-CSV] 4,3,8318840,3428580,0,0,123130,0,4610080,7640341727
[E3IMT-CSV] 4,4,17720710,4961260,0,0,609570,0,12650010,8268726787
[E3IMT-CSV] 4,5,17750400,7419900,0,0,235820,0,10170260,8877338467
[E3IMT-CSV] 4,6,28381840,7421570,0,0,822510,0,20671620,9480896297
[E3IMT-CSV] 4,7,12415040,4299560,0,0,123050,0,7977070,10067455587
[E3IMT-CSV] 4,8,18137620,4800790,0,0,430500,0,13145520,10654447417
[E3IMT-CSV] 4,9,20417650,6046940,0,0,360180,0,14092330,11266842907
[E3IMT-CSV] 4,10,18630670,5522940,0,0,576380,0,12839130,11864417277
[E3IMT-CSV] 4,11,18109360,5864330,0,0,350530,0,12141980,12462974997
[E3IMT-CSV] 4,12,18607150,5392190,0,0,407310,0,12951200,13064583547
[E3IMT-CSV] 4,13,5269740,1514570,0,0,129900,0,3721720,13623733747
[E3IMT-CSV] 4,14,19058020,5335240,0,0,515210,0,12270810,14267509287
[E3IMT-CSV] 4,15,18700330,5801590,0,0,528550,0,12785240,14864053607
[E3IMT-CSV] 4,16,17992500,5235680,0,0,370280,0,12486950,15463728757
[E3IMT-CSV] 4,17,19651760,5768280,0,0,564740,0,13763750,16074072697
[E3IMT-CSV] 4,18,6687560,1856820,0,0,144410,0,4786250,16628808427
[E3IMT-CSV] 4,19,14554830,4654530,0,0,262820,0,9777600,17260186247
[E3IMT-CSV] 4,20,18386330,5677930,0,0,381550,0,12600540,17865331537
[E3IMT-CSV] 4,21,8225210,3504120,0,0,124880,0,4469890,18439901767
[E3IMT-CSV] 4,22,8965790,3542730,0,0,116330,0,5326170,19044240807
[E3IMT-CSV] 4,23,10428220,3292450,0,0,205260,0,6980690,19642255687
[E3IMT-CSV] 4,24,18419280,5527790,0,0,365310,0,12781420,20265122127
[E3IMT-CSV] 4,25,17409900,5076290,0,0,328560,0,12227640,20863065977
[E3IMT-CSV] 4,26,19875100,7223870,0,0,441870,0,12485020,21482707287
[E3IMT-CSV] 4,27,11199960,3284780,0,0,116680,0,7578910,22063978437
[E3IMT-CSV] 4,28,8680430,2195550,0,0,126690,0,6419720,22636828917
[E3IMT-CSV] 4,29,25556600,8975810,0,0,470310,0,16140330,23292732957
[E3IMT-CSV] 4,30,8236070,3599850,0,0,115710,0,4541810,23842112587
[E3IMT-CSV] 4,31,19266120,5649320,0,0,411370,0,13343960,24465861977
[E3IMT-CSV] 4,32,7797040,3499030,0,0,119400,0,4205380,25040213757
[E3IMT-CSV] 4,33,16562670,4427650,0,0,387630,0,12060640,25653471857
[E3IMT-CSV] 4,34,18482390,5499270,0,0,390770,0,12875000,26264904947
[E3IMT-CSV] 4,35,18039990,5458190,0,0,386740,0,12481480,26862554037
[E3IMT-CSV] 4,36,18429850,5430440,0,0,615910,0,12720810,27463713077
[E3IMT-CSV] 4,37,18749470,5758950,0,0,533270,0,12811360,28063985027
[E3IMT-CSV] 4,38,16641800,4485700,0,0,371160,0,12071860,28652568497
[E3IMT-CSV] 4,39,18301430,5678820,0,0,360480,0,12515100,29263755037
[E3IMT-CSV] 4,40,18498950,5432600,0,0,393990,0,12796760,29864071757
[E3IMT-CSV] 4,41,18612890,5540160,0,0,415210,0,12963740,30467256517
[E3IMT-CSV] 4,42,20593950,5989720,0,0,349810,0,14491460,31066946287
[E3IMT-CSV] 4,43,6995530,1882080,0,0,191710,0,5074310,31626400987
[E3IMT-CSV] 4,44,22208540,7472340,0,0,389590,0,14322260,32285771637
[E3IMT-CSV] 4,45,22396240,6667740,0,0,458350,0,15612270,32873050157
[E3IMT-CSV] 4,46,18800950,5580940,0,0,530800,0,12943970,33464657757
[E3IMT-CSV] 4,47,11447720,4229760,0,0,120800,0,7068360,34068607327
[E3IMT-CSV] 4,48,17727230,4313810,0,0,623950,0,13331350,34657224147
[E3IMT-CSV] 4,49,18336370,5448760,0,0,418120,0,12610530,35264032077
[E3IMT-CSV] 4,50,18361040,5467220,0,0,577830,0,12630660,35863622877
[E3IMT-CSV] 4,51,18628010,5440340,0,0,389730,0,12904950,36464572497
[E3IMT-CSV] 4,52,8711910,2920800,0,0,196640,0,5392270,37050353477
[E3IMT-CSV] 4,53,9754200,3033440,0,0,206320,0,6643420,37643964377
[E3IMT-CSV] 4,54,8431730,3569880,0,0,115810,0,4752200,38244744147
[E3IMT-CSV] 4,55,18032810,5376060,0,0,359930,0,12545720,38863546307
[E3IMT-CSV] 4,56,24258480,6577470,0,0,574220,0,17562970,39482380117
[E3IMT-CSV] 4,57,18125750,5408490,0,0,585710,0,12609900,40063547817
[E3IMT-CSV] 4,58,18080070,4514480,0,0,403310,0,13475950,40658961157
[E3IMT-CSV] 4,59,17696330,5265930,0,0,336290,0,12317270,41267313337
[E3IMT-CSV] 4,60,18177660,5455830,0,0,394490,0,12619070,41863965477
[E3IMT-CSV] 4,61,17211010,5209980,0,0,482470,0,11895300,42461602757
[E3IMT-CSV] 4,62,18418320,5410560,0,0,533730,0,12742280,43063698727
[E3IMT-CSV] 4,63,6444700,1667180,0,0,278460,0,4740530,43626160937
[E3IMT-CSV] 4,64,7998760,3707660,0,0,120140,0,4194270,44241261617
[E3IMT-CSV] 4,65,18360300,5466620,0,0,590700,0,12623510,44863572777
[E3IMT-CSV] 4,66,18953430,5558170,0,0,392380,0,13282230,45465549287
[E3IMT-CSV] 4,67,18103850,5403190,0,0,418970,0,12591160,46063680467
[E3IMT-CSV] 4,68,6276940,2142590,0,0,131770,0,4061650,46632268997
[E3IMT-CSV] 4,69,17127520,5269110,0,0,322970,0,11751030,47264276397
[E3IMT-CSV] 4,70,20314820,5900040,0,0,591220,0,14302860,47867259747
[E3IMT-CSV] 4,71,18632550,5427930,0,0,381540,0,12933310,48464419777
[E3IMT-CSV] 4,72,18224700,5380030,0,0,379010,0,12738280,49063965657
[E3IMT-CSV] 4,73,6971540,2161170,0,0,145990,0,4758920,49632916767
[E3IMT-CSV] 4,74,18541770,5409000,0,0,458600,0,12871530,50268642077
[E3IMT-CSV] 4,75,7802670,3238380,0,0,177200,0,4475310,50842816727
[E3IMT-CSV] 4,76,18669170,5613860,0,0,386680,0,12787800,51464291557
[E3IMT-CSV] 4,77,18291050,5409700,0,0,524650,0,12623520,52062977147
[E3IMT-CSV] 4,78,12407410,3181870,0,0,409490,0,9174100,52638822427
[E3IMT-CSV] 4,79,18543540,5820380,0,0,371930,0,12611970,53264909777
[E3IMT-CSV] 4,80,18333050,6367980,0,0,343490,0,11853900,53865447697
[E3IMT-CSV] 4,81,18741100,5406200,0,0,389030,0,13065940,54464209717
[E3IMT-CSV] 4,82,20240910,6177570,0,0,411460,0,13930190,55078546657
[E3IMT-CSV] 4,83,11240010,2867850,0,0,233200,0,8321280,55639052037
[E3IMT-CSV] 4,84,18150390,5406610,0,0,362530,0,12625250,56270573177
[E3IMT-CSV] 4,85,7938070,3387540,0,0,120790,0,4457540,56843239377
[E3IMT-CSV] 4,86,17306080,5177620,0,0,467220,0,11851620,57461240167
[E3IMT-CSV] 4,87,18355500,5581230,0,0,538050,0,12671910,58062968067
[E3IMT-CSV] 4,88,7609970,2322060,0,0,229810,0,5228290,58632519927
[E3IMT-CSV] 4,89,13145990,5488220,0,0,423210,0,7544730,59251754627
[E3IMT-CSV] 4,90,17241480,4977990,0,0,345380,0,12158010,59861885737
[E3IMT-CSV] 4,91,24290560,7484010,0,0,971020,0,16525780,60471411597
[E3IMT-CSV] 4,92,18458410,5195280,0,0,393460,0,12897360,61067026487
[E3IMT-CSV] 4,93,7212930,2061820,0,0,223890,0,5097050,61631704627
[E3IMT-CSV] 4,94,26726060,6921250,0,0,759240,0,19667820,62279573237
[E3IMT-CSV] 4,95,18430940,5240140,0,0,390090,0,12829650,62866729577
[E3IMT-CSV] 4,96,17224430,5155570,0,0,460090,0,11812680,63461050897
[E3IMT-CSV] 4,97,8963430,3405390,0,0,118080,0,5470850,64049830897
[E3IMT-CSV] 4,98,5439110,1565710,0,0,123070,0,3835270,64624933897
[E3IMT-CSV] 4,99,9464210,3619480,0,0,116860,0,5742770,65250679737
[E3IMT-CSV] 4,100,29382670,9817490,0,0,801360,0,19438510,65886890417
[E3IMT-CSV] 4,101,19461490,5800450,0,0,492480,0,13505560,66468311747
[E3IMT-CSV] 4,102,18389180,5554350,0,0,593010,0,12732190,67063308337
[E3IMT-CSV] 4,103,9598480,3043210,0,0,173790,0,6345100,67641114477
[E3IMT-CSV] 4,104,7426460,2046540,0,0,162230,0,5328360,68247624997
[E3IMT-CSV] 4,105,18087780,5444340,0,0,373360,0,12531160,68867107377
[E3IMT-CSV] 4,106,18396240,5811640,0,0,368940,0,12442790,69464874497
[E3IMT-CSV] 4,107,9394390,3365090,0,0,123430,0,5931940,70052682297
[E3IMT-CSV] 4,108,8291680,2628100,0,0,163070,0,5594310,70639564637
[E3IMT-CSV] 4,109,17218570,5881320,0,0,519610,0,11229920,71262726807
[E3IMT-CSV] 4,110,18173060,5360000,0,0,369510,0,12547660,71863147087
[E3IMT-CSV] 4,111,18116960,5251240,0,0,363770,0,12755200,72463316987
[E3IMT-CSV] 4,112,18132250,5370440,0,0,370600,0,12653940,73063763117
[E3IMT-CSV] 4,113,9532220,2484370,0,0,278230,0,7007870,73630911627
[E3IMT-CSV] 4,114,14593810,4781290,0,0,298030,0,9710450,74256006897
[E3IMT-CSV] 4,115,17382940,5364460,0,0,422560,0,11911650,74862555797
[E3IMT-CSV] 4,116,17417740,5048220,0,0,411820,0,12264690,75462498957
[E3IMT-CSV] 4,117,18067330,5556850,0,0,350060,0,12398060,76064021837
[E3IMT-CSV] 4,118,11452890,2831750,0,0,293170,0,8577040,76635356817
[E3IMT-CSV] 4,119,17378540,5302020,0,0,447400,0,11967810,77262667527
[E3IMT-CSV] 4,120,18008720,5319630,0,0,424270,0,12581470,77863496847
[E3IMT-CSV] 4,121,18628210,5626080,0,0,366140,0,12906210,78463834897
[E3IMT-CSV] 4,122,18650100,5720270,0,0,379190,0,12573590,79064463217
[E3IMT-CSV] 4,123,8884210,2324420,0,0,244720,0,6521610,79629244177
[E3IMT-CSV] 4,124,18047030,5341380,0,0,353760,0,12592460,80267398347
[E3IMT-CSV] 4,125,18360120,5418400,0,0,439220,0,12668630,80863270437
[E3IMT-CSV] 4,126,18476310,5711850,0,0,519510,0,12504070,81463162807
[E3IMT-CSV] 4,127,18246660,5594690,0,0,370640,0,12459320,82064292967
[E3IMT-CSV] 4,128,10623240,2712750,0,0,365280,0,7871280,82632665877
[E3IMT-CSV] 4,129,18698580,5305890,0,0,381040,0,13129110,83268344237
[E3IMT-CSV] 4,130,18025240,5665850,0,0,361590,0,12250180,83863555937
[E3IMT-CSV] 4,131,18416020,5526930,0,0,423010,0,12783560,84463285877
[E3IMT-CSV] 4,132,18251440,5379180,0,0,378880,0,12763590,85063870227
[E3IMT-CSV] 4,133,8185990,2075920,0,0,241600,0,6074970,85627332897
[E3IMT-CSV] 4,134,18120930,5103490,0,0,349210,0,12903760,86267824957
[E3IMT-CSV] 4,135,18445650,5595890,0,0,378530,0,12739990,86864228607
[E3IMT-CSV] 4,136,18815960,5541290,0,0,540110,0,13177790,87463994647
[E3IMT-CSV] 4,137,18399310,5469820,0,0,369770,0,12639870,88063486317
[E3IMT-CSV] 4,138,10372410,2673100,0,0,285570,0,7663320,88632425787
[E3IMT-CSV] 4,139,15500620,6018820,0,0,185620,0,9328250,89264728467
[E3IMT-CSV] 4,140,18249500,5777310,0,0,367200,0,12357660,89863869307
[E3IMT-CSV] 4,141,16855710,4905060,0,0,478360,0,11695920,90467990447
[E3IMT-CSV] 4,142,18568290,5341090,0,0,366110,0,12953160,91064280337
[E3IMT-CSV] 4,143,11031350,2962810,0,0,284730,0,8028260,91633389097
[E3IMT-CSV] 4,144,17582110,5295860,0,0,322130,0,12173390,92266318017
[E3IMT-CSV] 4,145,18184840,5408030,0,0,367190,0,12501050,92863097927
[E3IMT-CSV] 4,146,18526870,5252860,0,0,395490,0,13011330,93464009187
[E3IMT-CSV] 4,147,17920600,5492700,0,0,368730,0,12317630,94063458647
[E3IMT-CSV] 4,148,10072830,3536610,0,0,194710,0,6442480,94642726667
[E3IMT-CSV] 4,149,18314950,5694880,0,0,366470,0,12512840,95264141467
[E3IMT-CSV] 4,150,17979780,5694120,0,0,320960,0,12167160,95863613607
[E3IMT-CSV] 4,151,17496850,5046440,0,0,312250,0,11848640,96465315597
[E3IMT-CSV] 4,152,17179180,5341510,0,0,320510,0,11733640,97061698957
[E3IMT-CSV] 4,153,9872010,3665030,0,0,153640,0,6102470,97651157647
[E3IMT-CSV] 4,154,18405000,5480790,0,0,391190,0,12812070,98267643457
[E3IMT-CSV] 4,155,28720130,7235820,0,0,534900,0,21195320,98882479137
[E3IMT-CSV] 4,156,19676230,4523400,0,0,2703210,0,14779290,99472204027
[E3IMT-CSV] 4,157,18160310,5346990,0,0,361470,0,12548340,100062985867
[E3IMT-CSV] 4,158,10275450,3380740,0,0,125140,0,6568750,100654353037
[E3IMT-CSV] 4,159,9279220,3470380,0,0,117460,0,5702210,101251748757
[E3IMT-CSV] 4,160,19665630,5568170,0,0,425090,0,13982630,101869056417
[E3IMT-CSV] 4,161,14838210,5574760,0,0,121410,0,9157420,102461453367
[E3IMT-CSV] 4,162,18078460,5163140,0,0,364780,0,12805930,103066513407
[E3IMT-CSV] 4,163,10238250,3258460,0,0,118870,0,6717550,103645156657
[E3IMT-CSV] 4,164,22069740,7095640,0,0,404040,0,14837290,104272424857
[E3IMT-CSV] 4,165,18498310,5691270,0,0,395090,0,12704260,104863223707
[E3IMT-CSV] 4,166,18575150,5192720,0,0,575710,0,13027970,105466382637
[E3IMT-CSV] 4,167,9481740,3571600,0,0,116650,0,5811640,106053132137
[E3IMT-CSV] 4,168,11863660,3759630,0,0,203830,0,8010440,106655905037
[E3IMT-CSV] 4,169,15880500,4956060,0,0,310040,0,10814190,107262181347
[E3IMT-CSV] 4,170,17237160,5044280,0,0,346000,0,12086070,107861561707
[E3IMT-CSV] 4,171,19123220,6180690,0,0,581000,0,12665020,108465159047
[E3IMT-CSV] 4,172,17840280,5044430,0,0,359700,0,12687480,109066176227
[E3IMT-CSV] 4,173,17365870,6099690,0,0,243020,0,10726920,109673126857
[E3IMT-CSV] 4,174,18229160,5533150,0,0,348040,0,12584050,110263477367
[E3IMT-CSV] 4,175,18166520,5076350,0,0,358730,0,12976830,110866882297
[E3IMT-CSV] 4,176,17019160,4920070,0,0,471290,0,11739510,111462986927
[E3IMT-CSV] 4,177,19152470,6365910,0,0,191580,0,12391690,112082707137
[E3IMT-CSV] 4,178,8799790,3171370,0,0,116600,0,5280620,112643797277
[E3IMT-CSV] 4,179,18164380,5348750,0,0,376010,0,12695500,113267131317
[E3IMT-CSV] 4,180,18307280,5289980,0,0,375190,0,12905510,113866711077
[E3IMT-CSV] 4,181,18579730,5546930,0,0,501510,0,12926790,114465470497
[E3IMT-CSV] 4,182,27520950,5862240,0,0,1012690,0,21395420,115084939767
[E3IMT-CSV] 4,183,16217170,4630140,0,0,323180,0,11476940,115663364617
[E3IMT-CSV] 4,184,23967690,6331480,0,0,859120,0,17271190,116273045657
[E3IMT-CSV] 4,185,18306080,5122960,0,0,552350,0,12813880,116865833727
[E3IMT-CSV] 4,186,18034160,5027520,0,0,367800,0,12642870,117465459977
[E3IMT-CSV] 4,187,18348120,5128630,0,0,613550,0,12859140,118065958157
[E3IMT-CSV] 4,188,17800080,5283990,0,0,373520,0,12391050,118666139047
[E3IMT-CSV] 4,189,17448590,5273180,0,0,473480,0,12056960,119269210487
[E3IMT-CSV] 4,190,17599320,5246580,0,0,350890,0,12237420,119865839287
[E3IMT-CSV] 4,191,17514230,5098660,0,0,346520,0,12050980,120465446317
[E3IMT-CSV] 4,192,9815050,4217650,0,0,177300,0,5489820,121050855727
[E3IMT-CSV] 4,193,15822750,5003770,0,0,438660,0,10716890,121661625907
[E3IMT-CSV] 4,194,18315430,5465400,0,0,382220,0,12728100,122267324827
[E3IMT-CSV] 4,195,18181370,6509460,0,0,281640,0,11263210,122879605437
[E3IMT-CSV] 4,196,18584050,5578730,0,0,401590,0,12907250,123465516347
[E3IMT-CSV] 4,197,15633350,4850430,0,0,284780,0,10677860,124061715407
[E3IMT-CSV] 4,198,14768670,4469830,0,0,257810,0,10204700,124660443407
[E3IMT-CSV] 4,199,18242010,5456040,0,0,398400,0,12669460,125267207947
[E3IMT-CSV] 4,200,14892530,4247030,0,0,290120,0,10545000,125853598177
[E3IMT-CSV] 4,201,10091600,3538420,0,0,115180,0,6460620,126452730987
[E3IMT-CSV] 4,202,18308770,5177100,0,0,431670,0,12760090,127066184317
[E3IMT-CSV] 4,203,12954360,3933480,0,0,253940,0,8983360,127644828867
[E3IMT-CSV] 4,204,24200350,6558290,0,0,590500,0,17520340,128274146957
[E3IMT-CSV] 4,205,18150350,5247650,0,0,380740,0,12797350,128866441497
[E3IMT-CSV] 4,206,18390180,5136420,0,0,627410,0,12877170,129465944147
[E3IMT-CSV] 4,207,17885970,6446120,0,0,280500,0,11019270,130078743567
[E3IMT-CSV] 4,208,15287150,4732960,0,0,299670,0,10192950,130661260897
[E3IMT-CSV] 4,209,19949400,5828520,0,0,412670,0,14002460,131271539277
[E3IMT-CSV] 4,210,18284510,5157400,0,0,393630,0,12741350,131865764527
[E3IMT-CSV] 4,211,18225330,4921550,0,0,535610,0,12935170,132465506637
[E3IMT-CSV] 4,212,17971840,5107660,0,0,413180,0,12747220,133066240007
[E3IMT-CSV] 4,213,14603880,4425320,0,0,394330,0,10084210,133659881687
[E3IMT-CSV] 4,214,18327950,5494510,0,0,374290,0,12720700,134266922577
[E3IMT-CSV] 4,215,7826410,3240410,0,0,117400,0,4325280,134843731447
[E3IMT-CSV] 4,216,16314080,5209120,0,0,581340,0,10995330,135464720397
[E3IMT-CSV] 4,217,17987250,5093260,0,0,364620,0,12515200,136065188047
[E3IMT-CSV] 4,218,14953030,4567660,0,0,286670,0,10240260,136661014997
[E3IMT-CSV] 4,219,18507960,5279170,0,0,365230,0,12824650,137266404697
[E3IMT-CSV] 4,220,18407590,5148860,0,0,380570,0,12856880,137865936257
[E3IMT-CSV] 4,221,18222870,5195710,0,0,388740,0,12920720,138466191897
[E3IMT-CSV] 4,222,17362130,5114510,0,0,369460,0,12134480,139068603267
[E3IMT-CSV] 4,223,16656940,4712280,0,0,316540,0,11580050,139663790057
[E3IMT-CSV] 4,224,18045280,5145130,0,0,414540,0,12790490,140266275437
[E3IMT-CSV] 4,225,18442310,5147160,0,0,362420,0,12900960,140866221277
[E3IMT-CSV] 4,226,18351620,5542660,0,0,549710,0,12710060,141465080337
[E3IMT-CSV] 4,227,21547760,5353670,0,0,475720,0,15830750,142069979387
[E3IMT-CSV] 4,228,6815440,3386150,0,0,125160,0,3334110,142639100057
[E3IMT-CSV] 4,229,18089810,5300360,0,0,372720,0,12674160,143266739807
[E3IMT-CSV] 4,230,20189240,5482110,0,0,446480,0,14597250,143869133457
[E3IMT-CSV] 4,231,18786600,5284850,0,0,389970,0,13121110,144466574907
[E3IMT-CSV] 4,232,18223640,5149600,0,0,378420,0,12965950,145066574577
[E3IMT-CSV] 4,233,17868600,4808530,0,0,326770,0,12690730,145664951697
[E3IMT-CSV] 4,234,18236460,5305900,0,0,353940,0,12819720,146266422987
[E3IMT-CSV] 4,235,18934940,5040200,0,0,363010,0,13520710,146867508777
[E3IMT-CSV] 4,236,18396380,5105290,0,0,384560,0,13186120,147466319677
[E3IMT-CSV] 4,237,18050830,4963250,0,0,339530,0,12703230,148065456367
[E3IMT-CSV] 4,238,19086360,5166830,0,0,534610,0,13548380,148665913327
[E3IMT-CSV] 4,239,18830810,5546090,0,0,340620,0,13174430,149268553907
[E3IMT-CSV] 4,240,17288780,4749320,0,0,316780,0,12160670,149863861307
[E3IMT-CSV] 4,241,18770580,5234800,0,0,411340,0,13132200,150466306267
[E3IMT-CSV] 4,242,18149170,5143560,0,0,355040,0,12895910,151066325797
[E3IMT-CSV] 4,243,16295740,4834720,0,0,505800,0,11354270,151662075827
[E3IMT-CSV] 4,244,18472100,5539820,0,0,355030,0,12817670,152267813377
[E3IMT-CSV] 4,245,15110650,4650550,0,0,531590,0,10353830,152860210627
[E3IMT-CSV] 4,246,18483200,5127010,0,0,490720,0,12961380,153465721867
[E3IMT-CSV] 4,247,15298540,4167040,0,0,359850,0,10572930,154059836027
[E3IMT-CSV] 4,248,19722650,5168690,0,0,391340,0,14184740,154667900817
[E3IMT-CSV] 4,249,18568630,5336810,0,0,636360,0,13122860,155267787607
[E3IMT-CSV] 4,250,16277430,4909300,0,0,291270,0,11263730,155865754837
[E3IMT-CSV] 4,251,18312380,5033100,0,0,374460,0,12905570,156465500317
[E3IMT-CSV] 4,252,14307040,4523640,0,0,246890,0,9678420,157060412607
[E3IMT-CSV] 4,253,18648170,5118390,0,0,391530,0,13151220,157666073457
[E3IMT-CSV] 4,254,17298240,5842420,0,0,401350,0,11067260,158265308607
[E3IMT-CSV] 4,255,16141580,4712930,0,0,282000,0,11046310,158860909957
[E3IMT-CSV] 4,256,18528730,5191010,0,0,393910,0,12962770,159466340707
[E3IMT-CSV] 4,257,17819290,4784410,0,0,576100,0,12926670,160066051207
[E3IMT-CSV] 4,258,16345280,4667280,0,0,306260,0,11576500,160662758287
[E3IMT-CSV] 4,259,15477110,4425630,0,0,255350,0,10948120,161261912527
[E3IMT-CSV] 4,260,19198970,5178570,0,0,850210,0,13637700,161869271397
[E3IMT-CSV] 4,261,17995700,5114190,0,0,421980,0,12768360,162465871347
[E3IMT-CSV] 4,262,18504780,4776290,0,0,594480,0,13328140,163066997157
[E3IMT-CSV] 4,263,17291960,4957450,0,0,331960,0,12229640,163664395727
[E3IMT-CSV] 4,264,18950820,5207680,0,0,373730,0,13633450,164268464307
[E3IMT-CSV] 4,265,18380380,5114540,0,0,371760,0,12876600,164865809717
[E3IMT-CSV] 4,266,17484780,4934020,0,0,422750,0,12443340,165464761707
[E3IMT-CSV] 4,267,18258500,4888450,0,0,356390,0,13072420,166066846397
[E3IMT-CSV] 4,268,18174660,5324610,0,0,350230,0,12735450,166666611297
[E3IMT-CSV] 4,269,18423250,5682180,0,0,449610,0,12626550,167267808887
[E3IMT-CSV] 4,270,18126050,5039840,0,0,421810,0,12970920,167866446317
[E3IMT-CSV] 4,271,17798310,4683010,0,0,255030,0,12728190,168466433607
[E3IMT-CSV] 4,272,19530620,6420980,0,0,323330,0,12583620,169070110837
[E3IMT-CSV] 4,273,13388890,4195840,0,0,233900,0,9091360,169655064637
[E3IMT-CSV] 4,274,5275750,1591410,0,0,119900,0,3645140,170226244357
[E3IMT-CSV] 4,275,16146990,6543300,0,0,261170,0,9473890,170863432267
[E3IMT-CSV] 4,276,15690350,4892810,0,0,347850,0,10690810,171461362327
[E3IMT-CSV] 4,277,18250490,5036320,0,0,368140,0,12814260,172065722117
[E3IMT-CSV] 4,278,12519950,3879320,0,0,256960,0,8604320,172637677037
[E3IMT-CSV] 4,279,18402050,5421050,0,0,635890,0,12869370,173267400097
[E3IMT-CSV] 4,280,18679840,5256220,0,0,453490,0,13312970,173867324227
[E3IMT-CSV] 4,281,18787030,5494410,0,0,534880,0,13182620,174465972757
[E3IMT-CSV] 4,282,18671240,5273160,0,0,445060,0,13288770,175067279387
[E3IMT-CSV] 4,283,19426060,6512870,0,0,642490,0,12809470,175668344727
[E3IMT-CSV] 4,284,19361700,5463840,0,0,510010,0,13622790,176270621437
[E3IMT-CSV] 4,285,7572130,3336230,0,0,120610,0,3867560,176839511997
[E3IMT-CSV] 4,286,7578020,3273960,0,0,131490,0,4219790,177438968357
[E3IMT-CSV] 4,287,18283130,5135110,0,0,380810,0,13041570,178069386417
[E3IMT-CSV] 4,288,16871770,4892290,0,0,327220,0,11615250,178662022467
[E3IMT-CSV] 4,289,18915870,5461240,0,0,375900,0,13073270,179266813767
[E3IMT-CSV] 4,290,24100330,6205160,0,0,480330,0,17769470,179876914777
[E3IMT-CSV] 4,291,18504700,5219500,0,0,542200,0,12919150,180465611857
[E3IMT-CSV] 4,292,18655820,5107900,0,0,551570,0,13052060,181065851527
[E3IMT-CSV] 4,293,18611460,5630440,0,0,387740,0,12879090,181664926297
[E3IMT-CSV] 4,294,19074600,5896290,0,0,359310,0,13059990,182268434507
[E3IMT-CSV] 4,295,18769100,5401460,0,0,554980,0,13252800,182866058937
[E3IMT-CSV] 4,296,18710880,5605980,0,0,397920,0,12997650,183464864167
[E3IMT-CSV] 4,297,18652210,5194320,0,0,391320,0,13078640,184065827337
[E3IMT-CSV] 4,298,18660170,5809910,0,0,550090,0,12747450,184665190907
[E3IMT-CSV] 4,299,11991250,3849560,0,0,123380,0,8042590,185253622277
[E3IMT-CSV] 4,300,14811470,4608350,0,0,268830,0,9826750,185857351127
[E3IMT-CSV] 4,301,8496400,3330230,0,0,121130,0,5070900,186443969637
[E3IMT-CSV] 4,302,18528940,5289820,0,0,378030,0,12876220,187065756587
[E3IMT-CSV] 4,303,16729230,4664120,0,0,332370,0,11955250,187663197807
[E3IMT-CSV] 4,304,18554080,5250870,0,0,376130,0,12938660,188266098167
[E3IMT-CSV] 4,305,18809810,5528170,0,0,492980,0,13164640,188867246717
[E3IMT-CSV] 4,306,18597490,5692150,0,0,399580,0,12804560,189464642157
[E3IMT-CSV] 4,307,7061130,3255710,0,0,121640,0,3444800,190037820157
[E3IMT-CSV] 4,308,8383740,3036460,0,0,116830,0,5263950,190643093917
[E3IMT-CSV] 4,309,12222000,4951990,0,0,120960,0,7169660,191249523977
[E3IMT-CSV] 4,310,25519450,7850850,0,0,854640,0,17265600,191876228347
[E3IMT-CSV] 4,311,17997820,5467890,0,0,633440,0,12426010,192464018527
[E3IMT-CSV] 4,312,18745190,5756120,0,0,385940,0,12880130,193065089157
[E3IMT-CSV] 4,313,18683500,5216320,0,0,377770,0,13060040,193665990577
[E3IMT-CSV] 4,314,18572570,5596610,0,0,366270,0,12862330,194266957037
[E3IMT-CSV] 4,315,18441580,5188850,0,0,381600,0,12869220,194865825477
[E3IMT-CSV] 4,316,13270630,3772460,0,0,297190,0,9394050,195461148247
[E3IMT-CSV] 4,317,18147730,5190840,0,0,362640,0,12844030,196065602247
[E3IMT-CSV] 4,318,16471650,4664940,0,0,315700,0,11624000,196663486637
[E3IMT-CSV] 4,319,17774150,5312870,0,0,418650,0,12348980,197265705547
[E3IMT-CSV] 4,320,18676650,5295060,0,0,385900,0,12985300,197865670017
[E3IMT-CSV] 4,321,18657850,5799410,0,0,547490,0,12750890,198464978207
[E3IMT-CSV] 4,322,7816170,3506810,0,0,117740,0,4213360,199041203247
[E3IMT-CSV] 4,323,18899840,5325140,0,0,378370,0,13133310,199666462817
[E3IMT-CSV] 4,324,8034630,3628050,0,0,121950,0,4307570,200241426067
[E3IMT-CSV] 4,325,18621540,5355980,0,0,374350,0,13153740,200866886777
[E3IMT-CSV] 4,326,18858700,5097550,0,0,386740,0,13387360,201466053977
[E3IMT-CSV] 4,327,18870900,5107870,0,0,379370,0,13193570,202066905667
[E3IMT-CSV] 4,328,12862590,3400320,0,0,292210,0,9110630,202655048977
[E3IMT-CSV] 4,329,18434040,5527550,0,0,376450,0,12783860,203266564727
[E3IMT-CSV] 4,330,22951150,6344530,0,0,755740,0,16489510,203874992987
[E3IMT-CSV] 4,331,18644610,5275210,0,0,380120,0,12993070,204465771237
[E3IMT-CSV] 4,332,18197850,5227310,0,0,386530,0,12861900,205065365587
[E3IMT-CSV] 4,333,5733410,2181040,0,0,116910,0,3287900,205636924497
[E3IMT-CSV] 4,334,7540930,3720760,0,0,115590,0,3711800,206240084057
[E3IMT-CSV] 4,335,7966400,3327820,0,0,121190,0,4279740,206840391347
[E3IMT-CSV] 4,336,18661530,5537610,0,0,554330,0,12732980,207465025267
[E3IMT-CSV] 4,337,7353560,3273490,0,0,119410,0,3715180,208038623047
[E3IMT-CSV] 4,338,18492330,5446680,0,0,457580,0,12941560,208665196197
[E3IMT-CSV] 4,339,8274390,3542250,0,0,121190,0,4635250,209242931637
[E3IMT-CSV] 4,340,25714150,6905820,0,0,658290,0,18687560,209881097927
[E3IMT-CSV] 4,341,18648850,5062520,0,0,367930,0,13084790,210465739337
[E3IMT-CSV] 4,342,20567530,5670990,0,0,353960,0,14477660,211068313367
[E3IMT-CSV] 4,343,8391660,3283840,0,0,123750,0,4721440,211641533417
[E3IMT-CSV] 4,344,15615110,4962800,0,0,308490,0,10540250,212262954687
[E3IMT-CSV] 4,345,18532460,5211060,0,0,383980,0,12946790,212865398457
[E3IMT-CSV] 4,346,18356940,5399020,0,0,539700,0,12845030,213464878727
[E3IMT-CSV] 4,347,7687150,3466970,0,0,165480,0,4127670,214041150347
[E3IMT-CSV] 4,348,17196010,4835350,0,0,346170,0,12078100,214668402657
[E3IMT-CSV] 4,349,17479550,5041190,0,0,327160,0,12323760,215268637047
[E3IMT-CSV] 4,350,8029150,3496940,0,0,115630,0,4435480,215842528077
[E3IMT-CSV] 4,351,18199020,5089690,0,0,361190,0,12730370,216464983977
[E3IMT-CSV] 4,352,12342380,3656960,0,0,124860,0,8326400,217053289437
[E3IMT-CSV] 4,353,18359430,5167530,0,0,427800,0,12809330,217665083767
[E3IMT-CSV] 4,354,18861840,5317830,0,0,380520,0,13162760,218266412267
[E3IMT-CSV] 4,355,18912800,5347650,0,0,375100,0,13170530,218866643377
[E3IMT-CSV] 4,356,18809360,5552580,0,0,397670,0,13144000,219465842927
[E3IMT-CSV] 4,357,18295190,5164950,0,0,385990,0,13013040,220065791777
[E3IMT-CSV] 4,358,18452170,5590370,0,0,450390,0,12757770,220664318007
[E3IMT-CSV] 4,359,18143940,5356390,0,0,385190,0,12582290,221265800167
[E3IMT-CSV] 4,360,18111560,5388240,0,0,351140,0,12615140,221865667827
[E3IMT-CSV] 4,361,23212280,6375110,0,0,470710,0,16721470,222474994717
[E3IMT-CSV] 4,362,20874260,6794940,0,0,668650,0,13955150,223065696017
[E3IMT-CSV] 4,363,20148060,5090520,0,0,780670,0,14699880,223669840017
[E3IMT-CSV] 4,364,8659100,2582260,0,0,195630,0,5911490,224252847927
[E3IMT-CSV] 4,365,21313020,5811740,0,0,571510,0,15379980,224870229207
[E3IMT-CSV] 4,366,18669160,5700420,0,0,391950,0,12866030,225464235967
[E3IMT-CSV] 4,367,18447130,5314720,0,0,542390,0,12762540,226065076357
[E3IMT-CSV] 4,368,8417900,3170330,0,0,116260,0,5157010,226642823447
[E3IMT-CSV] 4,369,18220610,5323380,0,0,359980,0,12779140,227266015247
[E3IMT-CSV] 4,370,16504680,4938780,0,0,311510,0,11188110,227860819157
[E3IMT-CSV] 4,371,8396950,3048520,0,0,115390,0,5262110,228442791907
[E3IMT-CSV] 4,372,18057140,5198290,0,0,385830,0,12748430,229065278507
[E3IMT-CSV] 4,373,18086390,5181940,0,0,595560,0,12797710,229664842337
[E3IMT-CSV] 4,374,7975390,3655480,0,0,125840,0,3913910,230240411877
[E3IMT-CSV] 4,375,18098420,5046230,0,0,365630,0,12679770,230864583037
[E3IMT-CSV] 4,376,18709640,5770670,0,0,392080,0,12834810,231464725867
[E3IMT-CSV] 4,377,18128760,5091530,0,0,388770,0,12930240,232065405257
[E3IMT-CSV] 4,378,18595200,5552930,0,0,403110,0,12938610,232664370407
[E3IMT-CSV] 4,379,18539560,5316240,0,0,383450,0,13102820,233267134137
[E3IMT-CSV] 4,380,19505190,5569060,0,0,506580,0,13537110,233867072427
[E3IMT-CSV] 4,381,18694090,5109170,0,0,404440,0,13178380,234465641557
[E3IMT-CSV] 4,382,19167400,5062230,0,0,382970,0,13723650,235067944587
[E3IMT-CSV] 4,383,18480130,5613950,0,0,440270,0,12762020,235664093857
[E3IMT-CSV] 4,384,7583720,3403660,0,0,121420,0,3801090,236238883797
[E3IMT-CSV] 4,385,18870030,5554140,0,0,543390,0,13210450,236865606707
[E3IMT-CSV] 4,386,18749950,5897910,0,0,390130,0,12741220,237464661187
[E3IMT-CSV] 4,387,8298290,3296170,0,0,117370,0,4910490,238042304317
[E3IMT-CSV] 4,388,18641040,5621190,0,0,401350,0,12917060,238664356677
[E3IMT-CSV] 4,389,8302410,3522470,0,0,115890,0,4683640,239242888327
[E3IMT-CSV] 4,390,18649530,5109870,0,0,554520,0,13135670,239865454227
[E3IMT-CSV] 4,391,18770430,5794310,0,0,383640,0,12866860,240464725967
[E3IMT-CSV] 4,392,18629590,5440570,0,0,386440,0,13082440,241065565567
[E3IMT-CSV] 4,393,18635870,5151780,0,0,382280,0,13073470,241665703207
[E3IMT-CSV] 4,394,7691820,3457200,0,0,120660,0,4132710,242241320167
[E3IMT-CSV] 4,395,18003970,5243050,0,0,403130,0,12646710,242865219887
[E3IMT-CSV] 4,396,18571310,5687870,0,0,391110,0,12784350,243464032817
[E3IMT-CSV] 4,397,7944890,3216550,0,0,126980,0,4637240,244040911747
[E3IMT-CSV] 4,398,18365640,5533410,0,0,378250,0,12730410,244664134107
[E3IMT-CSV] 4,399,8628770,3503230,0,0,165250,0,5029390,245243858237
[E3IMT-CSV] 4,400,18051370,5204530,0,0,416170,0,12732630,245865144127
[E3IMT-CSV] 4,401,18482740,5642230,0,0,467080,0,12734180,246463977637
[E3IMT-CSV] 4,402,19921300,5317360,0,0,491190,0,14210000,247066813917
[E3IMT-CSV] 4,403,18247990,5504610,0,0,390320,0,12640260,247663738327
[E3IMT-CSV] 4,404,17857050,5082490,0,0,699080,0,12655550,248266232217
[E3IMT-CSV] 4,405,18511020,5392400,0,0,492360,0,13010000,248869751207
[E3IMT-CSV] 4,406,18315350,5612000,0,0,475790,0,12606460,249463600777
[E3IMT-CSV] 4,407,10613430,3563750,0,0,117230,0,6614400,250047916567
[E3IMT-CSV] 4,408,18464650,5635070,0,0,585520,0,12719920,250664237507
[E3IMT-CSV] 4,409,18439160,5208590,0,0,367670,0,13111410,251266584217
[E3IMT-CSV] 4,410,17885730,5047650,0,0,446280,0,12455680,251864036247
[E3IMT-CSV] 4,411,18303970,5552800,0,0,393860,0,12653970,252463757117
[E3IMT-CSV] 4,412,20745870,6184630,0,0,501810,0,14180780,253068144027
[E3IMT-CSV] 4,413,18217630,5086940,0,0,555710,0,12758420,253664423367
[E3IMT-CSV] 4,414,18628200,5331540,0,0,377100,0,13184730,254268007977
[E3IMT-CSV] 4,415,18514370,5218370,0,0,394120,0,12933330,254865046507
[E3IMT-CSV] 4,416,18480310,5789290,0,0,523550,0,12584630,255464276357
[E3IMT-CSV] 4,417,18293570,5162280,0,0,370660,0,12742520,256064550997
[E3IMT-CSV] 4,418,18445380,5188510,0,0,396980,0,12857850,256664912727
[E3IMT-CSV] 4,419,20238620,5728760,0,0,699810,0,14395710,257268239417
[E3IMT-CSV] 4,420,18500590,5177230,0,0,387670,0,12936410,257865171627
[E3IMT-CSV] 4,421,18460380,5610470,0,0,458010,0,12749020,258464049667
[E3IMT-CSV] 4,422,18450700,5161750,0,0,405690,0,13174780,259065576697
[E3IMT-CSV] 4,423,17918420,5044720,0,0,539500,0,12480250,259664020707
[E3IMT-CSV] 4,424,7367690,3552240,0,0,117390,0,3717210,260240498147
[E3IMT-CSV] 4,425,18217840,5433010,0,0,378620,0,12667730,260865395167
[E3IMT-CSV] 4,426,18700460,5128920,0,0,533330,0,13193630,261465348537
[E3IMT-CSV] 4,427,18451050,5188620,0,0,362570,0,12892620,262065042877
[E3IMT-CSV] 4,428,18461620,5249530,0,0,373160,0,13084190,262665662757
[E3IMT-CSV] 4,429,19119260,5618660,0,0,385610,0,13369760,263268335297
[E3IMT-CSV] 4,430,17960620,5361660,0,0,416230,0,12486890,263865105447
[E3IMT-CSV] 4,431,18384370,5170960,0,0,358340,0,12832240,264464838807
[E3IMT-CSV] 4,432,18164480,5367730,0,0,355540,0,12683680,265065517727
[E3IMT-CSV] 4,433,18142500,4979260,0,0,387240,0,12748130,265664307157
[E3IMT-CSV] 4,434,21279070,5708810,0,0,356480,0,15180080,266268439547
[E3IMT-CSV] 4,435,21777810,6307250,0,0,431030,0,15336540,266872332627
[E3IMT-CSV] 4,436,18727850,5256330,0,0,392700,0,13061170,267465521167
[E3IMT-CSV] 4,437,18594390,5190600,0,0,567320,0,12986750,268064869267
[E3IMT-CSV] 4,438,18695370,6359130,0,0,354130,0,12236570,268666400197
[E3IMT-CSV] 4,439,17982820,5136570,0,0,643700,0,12729850,269265810427
[E3IMT-CSV] 4,440,7753190,3424910,0,0,122400,0,4234250,269840735387
[E3IMT-CSV] 4,441,25862590,7154120,0,0,868820,0,18313080,270475053927
[E3IMT-CSV] 4,442,18849440,5584020,0,0,550790,0,13152200,271065456877
[E3IMT-CSV] 4,443,7934850,3385140,0,0,121080,0,4453400,271639189357
[E3IMT-CSV] 4,444,25410270,8687750,0,0,596120,0,16274440,272290795487
[E3IMT-CSV] 4,445,18224180,5310970,0,0,384080,0,12793320,272864849077
[E3IMT-CSV] 4,446,18806400,5201550,0,0,395670,0,13193440,273465672387
[E3IMT-CSV] 4,447,18441920,5160620,0,0,374030,0,12894200,274064759047
[E3IMT-CSV] 4,448,7902860,3210530,0,0,117140,0,4333990,274639489647
[E3IMT-CSV] 4,449,7364260,3685500,0,0,120060,0,3582370,275238952237
[E3IMT-CSV] 4,450,18033710,5208670,0,0,676560,0,12708590,275865791907
[E3IMT-CSV] 4,451,18162950,5110580,0,0,369420,0,12930240,276465090537
[E3IMT-CSV] 4,452,18645680,5222160,0,0,382830,0,13056690,277065134577
[E3IMT-CSV] 4,453,18797300,5785280,0,0,402310,0,12905190,277664088707
[E3IMT-CSV] 4,454,17892290,5194360,0,0,350660,0,12582120,278265424687
[E3IMT-CSV] 4,455,18912200,5678860,0,0,531370,0,13126520,278865161137
[E3IMT-CSV] 4,456,18733450,5821680,0,0,384250,0,12803530,279464317817
[E3IMT-CSV] 4,457,7191960,3222640,0,0,118530,0,3600290,280037298937
[E3IMT-CSV] 4,458,7944330,3423930,0,0,117700,0,4440010,280639086547
[E3IMT-CSV] 4,459,7691550,3531490,0,0,121190,0,4051000,281239914307
[E3IMT-CSV] 4,460,18777960,5907860,0,0,533170,0,12764690,281864430797
[E3IMT-CSV] 4,461,18659280,5672250,0,0,384910,0,12885100,282463868597
[E3IMT-CSV] 4,462,18976840,5356500,0,0,384890,0,13217680,283065825657
[E3IMT-CSV] 4,463,7859570,3136920,0,0,117190,0,4378970,283639320287
[E3IMT-CSV] 4,464,18542340,5481020,0,0,379580,0,12939280,284266019447
[E3IMT-CSV] 4,465,18836430,5353650,0,0,616870,0,13105160,284865298087
[E3IMT-CSV] 4,466,17918850,5338010,0,0,409890,0,12468150,285464913727
[E3IMT-CSV] 4,467,7740570,2125850,0,0,194070,0,5564480,286048703407
[E3IMT-CSV] 4,468,21365660,6335690,0,0,776500,0,14643700,286670917147
[E3IMT-CSV] 4,469,17933630,5097930,0,0,664490,0,12724410,287265870207
[E3IMT-CSV] 4,470,7526620,3284250,0,0,162740,0,3884920,287838105377
[E3IMT-CSV] 4,471,17619830,5204560,0,0,505700,0,12164620,288467792527
[E3IMT-CSV] 4,472,18314340,5168500,0,0,377190,0,12767480,289064226677
[E3IMT-CSV] 4,473,18562080,5409970,0,0,383400,0,12789060,289663912747
[E3IMT-CSV] 4,474,18097690,5321040,0,0,377580,0,12665100,290266330477
[E3IMT-CSV] 4,475,17965940,5139060,0,0,358050,0,12705470,290864651357
[E3IMT-CSV] 4,476,18258290,5061660,0,0,361270,0,13071950,291465335767
[E3IMT-CSV] 4,477,19884290,5347070,0,0,439650,0,14389200,292069556437
[E3IMT-CSV] 4,478,8187460,3366820,0,0,120320,0,4731390,292639775307
[E3IMT-CSV] 4,479,18478540,5505200,0,0,364850,0,12846580,293265765667
[E3IMT-CSV] 4,480,18648470,5312880,0,0,394860,0,12965770,293865006057
[E3IMT-CSV] 4,481,7759140,3407890,0,0,118200,0,4267680,294438529737
[E3IMT-CSV] 4,482,18790190,5283560,0,0,539050,0,13130250,295065141297
[E3IMT-CSV] 4,483,7825850,3448650,0,0,117410,0,4294270,295638686457
[E3IMT-CSV] 4,484,8360380,3532900,0,0,118340,0,4726670,296242117157
[E3IMT-CSV] 4,485,18151890,5002760,0,0,373070,0,12760770,296864206557
[E3IMT-CSV] 4,486,8155030,3497430,0,0,121160,0,4559020,297439916997
[E3IMT-CSV] 4,487,8307470,3493260,0,0,170330,0,4726910,298040365077
[E3IMT-CSV] 4,488,16113540,5315270,0,0,298230,0,10694830,298661009427
[E3IMT-CSV] 4,489,20258990,6060910,0,0,410800,0,14064330,299269559847
[E3IMT-CSV] 4,490,18733430,5201310,0,0,397900,0,13156380,299865144847
[E3IMT-CSV] 4,491,18955440,5871430,0,0,387840,0,12977130,300464352807
[E3IMT-CSV] 4,492,8093720,3442100,0,0,115110,0,4556240,301041646697
[E3IMT-CSV] 4,493,18350730,5684630,0,0,720120,0,12550270,301667587747
[E3IMT-CSV] 4,494,19291560,5683500,0,0,417010,0,13487000,302268815387
[E3IMT-CSV] 4,495,18259780,5099010,0,0,360510,0,12719260,302864352387
[E3IMT-CSV] 4,496,18390090,5598010,0,0,474120,0,12689630,303463123327
[E3IMT-CSV] 4,497,18413120,5157170,0,0,346730,0,13143670,304067107867
[E3IMT-CSV] 4,498,12023060,3709590,0,0,119780,0,8224130,304651184837
[E3IMT-CSV] 4,499,8169540,3662630,0,0,120340,0,4406070,305242125077
[E3IMT-SUMMARY] chain_len=4 e2e_avg=16457625 publish_avg=4952508 gc_trigger_avg=0 invoke_cb_avg=0 getnext_avg=375403 take_data_avg=0 sched_avg=11306384 dispatch_avg=155561046328

*** FATAL ***
fatal source: 9 (RTEMS_FATAL_SOURCE_EXCEPTION)

R0   = 0x01596b88 R8  = 0x00000000
R1   = 0x00000000 R9  = 0x00000000
R2   = 0x00000010 R10 = 0x00000000
R3   = 0x01596c88 R11 = 0x00000000
R4   = 0x00c00c88 R12 = 0x01596c88
R5   = 0x0030e0e9 SP  = 0x01596b78
R6   = 0x00000000 LR  = 0x00000000
R7   = 0x01596b78 PC  = 0x0030e170
CPSR = 0x600d0173 VEC = 0x00000001
FPEXC = 0x40000000
FPSCR = 0x20000010
D00 = 0x0000000000000000
D01 = 0x0000000000000001
D02 = 0x0000000000000000
D03 = 0x0000000000000000
D04 = 0x0000000000000000
D05 = 0x0000000000000000
D06 = 0x00abe0dc00abe0dc
D07 = 0x000186a00061a800
D08 = 0x0000000000000000
D09 = 0x0000000000000000
D10 = 0x0000000000000000
D11 = 0x0000000000000000
D12 = 0x0000000000000000
D13 = 0x0000000000000000
D14 = 0x0000000000000000
D15 = 0x0000000000000000
D16 = 0x0000000000000000
D17 = 0x0000000000000000
D18 = 0x0000000000000000
D19 = 0x0000000000000000
D20 = 0x00abe33400abe320
D21 = 0x00abe36400abe348
D22 = 0x00abe27c00abe26c
D23 = 0x00abe29c00abe28c
D24 = 0x00abe23c00abe22c
D25 = 0x00abe25c00abe24c
D26 = 0x00abe1c800abe1a0
D27 = 0x00abe20800abe1ec
D28 = 0x00abe14800abe118
D29 = 0x00abe18000abe164
D30 = 0x00abe60000abe600
D31 = 0x00abe10c00abe100
RTEMS version: 6.1.0.not-released
RTEMS tools: 13.3.0 20240521 (RTEMS 6, RSB no-repo, Newlib 1b3dcfd)
executing thread ID: 0x0a010001
executing thread name: UI1 
