
RTEMS Shell on /dev/console. Use 'help' to list commands.
SHLL [/] # nexus0: <RTEMS Nexus device>
info: lo0: link state changed to UP
=== Exp3inter-RT: Task Chain (n=5) RTExecutor ===
Period: 200ms, Rounds: 500
[E3IRT-CSV] chain_len,round,e2e_ns,publish_ns,gc_trigger_ns,invoke_cb_ns,getnext_ns,take_data_ns,sched_ns,dispatch_ns
[RTExecutor] Constructed (kernel-driven, no spin)
666666
CPP Msg not nullptr
CPP Msg not nullptr
CPP Msg not nullptr
CPP Msg not nullptr
C Msg not NULL
C Msg not NULL
CPP Srv not nullptr
CPP Srv not nullptr
CPP Srv not nullptr
CPP Srv not nullptr
CPP Srv not nullptr
CPP Srv not nullptr
CPP Msg not nullptr
CPP Msg not nullptr
CPP Msg not nullptr
CPP Msg not nullptr
CPP Msg not nullptr
CPP Msg not nullptr
C Msg not NULL
C Msg not NULL
CPP Srv not nullptr
CPP Srv not nullptr
CPP Srv not nullptr
CPP Srv not nullptr
CPP Srv not nullptr
CPP Srv not nullptr
CPP Msg not nullptr
CPP Msg not nullptr
CPP Msg not nullptr
CPP Msg not nullptr
CPP Msg not nullptr
CPP Msg not nullptr
CPP Msg not nullptr
CPP Msg not nullptr
C Msg not NULL
C Msg not NULL
CPP Srv not nullptr
CPP Srv not nullptr
CPP Srv not nullptr
CPP Srv not nullptr
CPP Srv not nullptr
CPP Srv not nullptr
CPP Msg not nullptr
CPP Msg not nullptr
CPP Msg not nullptr
CPP Msg not nullptr
CPP Msg not nullptr
CPP Msg not nullptr
CPP Msg not nullptr
CPP Msg not nullptr
C Msg not NULL
C Msg not NULL
CPP Srv not nullptr
CPP Srv not nullptr
CPP Srv not nullptr
CPP Srv not nullptr
CPP Srv not nullptr
CPP Srv not nullptr
CPP Msg not nullptr
CPP Msg not nullptr
CPP Msg not nullptr
CPP Msg not nullptr
CPP Msg not nullptr
CPP Msg not nullptr
CPP Msg not nullptr
CPP Msg not nullptr
C Msg not NULL
C Msg not NULL
CPP Srv not nullptr
CPP Srv not nullptr
CPP Srv not nullptr
CPP Srv not nullptr
CPP Srv not nullptr
CPP Srv not nullptr
CPP Msg not nullptr
CPP Msg not nullptr
CPP Msg not nullptr
CPP Msg not nullptr
CPP Msg not nullptr
CPP Msg not nullptr
[RTExecutor] Registered timer ch=0 period=200ms pri=60
[CallbackTask] Started 'SUB0' pri=80 tid=167837713
[RTExecutor] Registered subscription 'chain_1' pri=80 direct_notify=ON
[CallbackTask] Started 'SUB1' pri=80 tid=167837714
[RTExecutor] Registered subscription 'chain_2' pri=80 direct_notify=ON
[CallbackTask] Started 'SUB2' pri=80 tid=167837715
[RTExecutor] Registered subscription 'chain_3' pri=80 direct_notify=ON
[CallbackTask] Started 'SUB3' pri=80 tid=167837716
[RTExecutor] Registered subscription 'chain_4' pri=80 direct_notify=ON
[CallbackTask] Started 'TM0' pri=60 tid=167837717
[RTExecutor] Timer ch=0 period=200t target=167837717
[RTExecutor] Running — ALL callbacks kernel-driven, NO polling
[E3IRT-CSV] 5,0,15077370,7198320,0,0,0,0,6720990,0
[E3IRT-CSV] 5,1,3417620,1975050,0,0,0,0,1327570,0
[E3IRT-CSV] 5,2,3398630,1962630,0,0,0,0,1334300,0
[E3IRT-CSV] 5,3,3186410,1859400,0,0,0,0,1222700,0
[E3IRT-CSV] 5,4,3101160,1787400,0,0,0,0,1220200,0
[E3IRT-CSV] 5,5,3337430,1734570,0,0,0,0,1342690,0
[E3IRT-CSV] 5,6,3210590,1868650,0,0,0,0,1236340,0
[E3IRT-CSV] 5,7,3265450,1902970,0,0,0,0,1258670,0
[E3IRT-CSV] 5,8,3187710,1850380,0,0,0,0,1235780,0
[E3IRT-CSV] 5,9,3206860,1861460,0,0,0,0,1242780,0
[E3IRT-CSV] 5,10,3216920,1871560,0,0,0,0,1246840,0
[E3IRT-CSV] 5,11,6805870,3607670,0,0,0,0,3008230,0
[E3IRT-CSV] 5,12,3223960,1866160,0,0,0,0,1242470,0
[E3IRT-CSV] 5,13,6244190,3800200,0,0,0,0,2320070,0
[E3IRT-CSV] 5,14,3150490,1800850,0,0,0,0,1258290,0
[E3IRT-CSV] 5,15,3095030,1771850,0,0,0,0,1229240,0
[E3IRT-CSV] 5,16,4262710,2358360,0,0,0,0,1810330,0
[E3IRT-CSV] 5,17,3322640,1788100,0,0,0,0,1439630,0
[E3IRT-CSV] 5,18,3069930,1761040,0,0,0,0,1216930,0
[E3IRT-CSV] 5,19,3055660,1746180,0,0,0,0,1218850,0
[E3IRT-CSV] 5,20,3118670,1788020,0,0,0,0,1231920,0
[E3IRT-CSV] 5,21,4765560,2757690,0,0,0,0,1838820,0
[E3IRT-CSV] 5,22,3170650,1829810,0,0,0,0,1240520,0
[E3IRT-CSV] 5,23,3181390,1849950,0,0,0,0,1229200,0
[E3IRT-CSV] 5,24,3001540,1728560,0,0,0,0,1183580,0
[E3IRT-CSV] 5,25,3053680,1748190,0,0,0,0,1209620,0
[E3IRT-CSV] 5,26,3279800,1863280,0,0,0,0,1317530,0
[E3IRT-CSV] 5,27,3241760,1747600,0,0,0,0,1382010,0
[E3IRT-CSV] 5,28,3210930,1851900,0,0,0,0,1260720,0
[E3IRT-CSV] 5,29,3424090,1965600,0,0,0,0,1348400,0
[E3IRT-CSV] 5,30,3184140,1824010,0,0,0,0,1265170,0
[E3IRT-CSV] 5,31,1633250,920660,0,0,0,0,652100,0
[E3IRT-CSV] 5,32,3311830,1912440,0,0,0,0,1286880,0
[E3IRT-CSV] 5,33,3064400,1759860,0,0,0,0,1214230,0
[E3IRT-CSV] 5,34,3129140,1792720,0,0,0,0,1242670,0
[E3IRT-CSV] 5,35,2992830,1726370,0,0,0,0,1179540,0
[E3IRT-CSV] 5,36,2990230,1752970,0,0,0,0,1130220,0
[E3IRT-CSV] 5,37,3237080,1737600,0,0,0,0,1389980,0
[E3IRT-CSV] 5,38,3247020,1897880,0,0,0,0,1230560,0
[E3IRT-CSV] 5,39,3274940,1749900,0,0,0,0,1409660,0
[E3IRT-CSV] 5,40,3840780,2253390,0,0,0,0,1482220,0
[E3IRT-CSV] 5,41,3231160,1726580,0,0,0,0,1402320,0
[E3IRT-CSV] 5,42,3164920,1835830,0,0,0,0,1226190,0
[E3IRT-CSV] 5,43,3209720,1718950,0,0,0,0,1395160,0
[E3IRT-CSV] 5,44,3183440,1838410,0,0,0,0,1238070,0
[E3IRT-CSV] 5,45,3756560,2185130,0,0,0,0,1475780,0
[E3IRT-CSV] 5,46,4108260,2622530,0,0,0,0,1346250,0
[E3IRT-CSV] 5,47,3486320,2105070,0,0,0,0,1275990,0
[E3IRT-CSV] 5,48,3160710,1802380,0,0,0,0,1260980,0
[E3IRT-CSV] 5,49,3053210,1763130,0,0,0,0,1196640,0
[E3IRT-CSV] 5,50,6270670,3687780,0,0,0,0,2400950,0
[E3IRT-CSV] 5,51,3392490,1715650,0,0,0,0,1579170,0
[E3IRT-CSV] 5,52,5942900,2982380,0,0,0,0,2815240,0
[E3IRT-CSV] 5,53,5595190,3024860,0,0,0,0,2434820,0
[E3IRT-CSV] 5,54,3157700,1831620,0,0,0,0,1226050,0
[E3IRT-CSV] 5,55,3763060,2193550,0,0,0,0,1461370,0
[E3IRT-CSV] 5,56,1413350,826630,0,0,0,0,533770,0
[E3IRT-CSV] 5,57,3817140,2234620,0,0,0,0,1472700,0
[E3IRT-CSV] 5,58,4577050,2623810,0,0,0,0,1789340,0
[E3IRT-CSV] 5,59,1054750,613130,0,0,0,0,395200,0
[E3IRT-CSV] 5,60,3279610,1905010,0,0,0,0,1256110,0
[E3IRT-CSV] 5,61,676640,358570,0,0,0,0,285850,0
[E3IRT-CSV] 5,62,3336550,1909750,0,0,0,0,1317810,0
[E3IRT-CSV] 5,63,3170350,1714710,0,0,0,0,1211720,0
[E3IRT-CSV] 5,64,3243140,1888870,0,0,0,0,1251790,0
[E3IRT-CSV] 5,65,3816430,2482070,0,0,0,0,1216600,0
[E3IRT-CSV] 5,66,1042830,602660,0,0,0,0,391940,0
[E3IRT-CSV] 5,67,4836120,3061450,0,0,0,0,1637810,0
[E3IRT-CSV] 5,68,3256690,1889860,0,0,0,0,1255660,0
[E3IRT-CSV] 5,69,3106320,1801460,0,0,0,0,1213260,0
[E3IRT-CSV] 5,70,3188180,1715780,0,0,0,0,1373370,0
[E3IRT-CSV] 5,71,611710,360960,0,0,0,0,226990,0
[E3IRT-CSV] 5,72,5719710,3214150,0,0,0,0,2329470,0
[E3IRT-CSV] 5,73,3178360,1844520,0,0,0,0,1223820,0
[E3IRT-CSV] 5,74,6222030,3427250,0,0,0,0,2389500,0
[E3IRT-CSV] 5,75,3263770,1897600,0,0,0,0,1254770,0
[E3IRT-CSV] 5,76,2114740,1060400,0,0,0,0,986910,0
[E3IRT-CSV] 5,77,4019600,2315440,0,0,0,0,1542700,0
[E3IRT-CSV] 5,78,3208820,1872450,0,0,0,0,1235240,0
[E3IRT-CSV] 5,79,6231710,3438470,0,0,0,0,2616980,0
[E3IRT-CSV] 5,80,3259220,1888840,0,0,0,0,1258130,0
[E3IRT-CSV] 5,81,653190,348820,0,0,0,0,274680,0
[E3IRT-CSV] 5,82,3175730,1851770,0,0,0,0,1212710,0
[E3IRT-CSV] 5,83,5690400,3088940,0,0,0,0,2434170,0
[E3IRT-CSV] 5,84,3083090,1783320,0,0,0,0,1208070,0
[E3IRT-CSV] 5,85,3798920,2067330,0,0,0,0,1631640,0
[E3IRT-CSV] 5,86,828730,435480,0,0,0,0,304900,0
[E3IRT-CSV] 5,87,3250670,1888920,0,0,0,0,1259020,0
[E3IRT-CSV] 5,88,3230940,1884390,0,0,0,0,1242560,0
[E3IRT-CSV] 5,89,3089500,1792710,0,0,0,0,1205700,0
[E3IRT-CSV] 5,90,3141050,1638080,0,0,0,0,1399770,0
[E3IRT-CSV] 5,91,1611960,823640,0,0,0,0,724200,0
[E3IRT-CSV] 5,92,3860650,2307280,0,0,0,0,1268970,0
[E3IRT-CSV] 5,93,3186410,1869050,0,0,0,0,1220620,0
[E3IRT-CSV] 5,94,6151130,3619410,0,0,0,0,2367230,0
[E3IRT-CSV] 5,95,5098570,2928390,0,0,0,0,2028410,0
[E3IRT-CSV] 5,96,2124460,1295280,0,0,0,0,741420,0
[E3IRT-CSV] 5,97,3340190,1955240,0,0,0,0,1267090,0
[E3IRT-CSV] 5,98,3223770,1877240,0,0,0,0,1240190,0
[E3IRT-CSV] 5,99,3063550,1767830,0,0,0,0,1202330,0
[E3IRT-CSV] 5,100,3125070,1652630,0,0,0,0,1378510,0
[E3IRT-CSV] 5,101,1144980,678380,0,0,0,0,424440,0
[E3IRT-CSV] 5,102,3190260,1863010,0,0,0,0,1223710,0
[E3IRT-CSV] 5,103,3032040,1759950,0,0,0,0,1180230,0
[E3IRT-CSV] 5,104,3056850,1746470,0,0,0,0,1222650,0
[E3IRT-CSV] 5,105,3243560,1880020,0,0,0,0,1247850,0
[E3IRT-CSV] 5,106,1607390,985300,0,0,0,0,552720,0
[E3IRT-CSV] 5,107,6733910,4027490,0,0,0,0,2540220,0
[E3IRT-CSV] 5,108,6588500,3473440,0,0,0,0,2935510,0
[E3IRT-CSV] 5,109,3281930,1898570,0,0,0,0,1276220,0
[E3IRT-CSV] 5,110,3190520,1852650,0,0,0,0,1241720,0
[E3IRT-CSV] 5,111,1320790,695930,0,0,0,0,566070,0
[E3IRT-CSV] 5,112,3136740,1828000,0,0,0,0,1202050,0
[E3IRT-CSV] 5,113,3189620,1824230,0,0,0,0,1266600,0
[E3IRT-CSV] 5,114,3078150,1630360,0,0,0,0,1214590,0
[E3IRT-CSV] 5,115,3210970,1865130,0,0,0,0,1236570,0
[E3IRT-CSV] 5,116,1082410,630080,0,0,0,0,407580,0
[E3IRT-CSV] 5,117,3085870,1779640,0,0,0,0,1206110,0
[E3IRT-CSV] 5,118,3815080,2387490,0,0,0,0,1314970,0
[E3IRT-CSV] 5,119,3539170,2192050,0,0,0,0,1250040,0
[E3IRT-CSV] 5,120,3178630,1831670,0,0,0,0,1245460,0
[E3IRT-CSV] 5,121,1150970,621400,0,0,0,0,485260,0
[E3IRT-CSV] 5,122,3543580,2132240,0,0,0,0,1303920,0
[E3IRT-CSV] 5,123,6552090,3942260,0,0,0,0,2411050,0
[E3IRT-CSV] 5,124,6123900,3592210,0,0,0,0,2378860,0
[E3IRT-CSV] 5,125,3188900,1860520,0,0,0,0,1222150,0
[E3IRT-CSV] 5,126,819630,481630,0,0,0,0,299820,0
[E3IRT-CSV] 5,127,3247910,1884010,0,0,0,0,1253370,0
[E3IRT-CSV] 5,128,3101100,1776940,0,0,0,0,1220870,0
[E3IRT-CSV] 5,129,6737140,4125040,0,0,0,0,2411030,0
[E3IRT-CSV] 5,130,6200460,3405500,0,0,0,0,2621720,0
[E3IRT-CSV] 5,131,3072070,1731840,0,0,0,0,1209820,0
[E3IRT-CSV] 5,132,3543770,2115100,0,0,0,0,1317120,0
[E3IRT-CSV] 5,133,3509810,2096940,0,0,0,0,1303620,0
[E3IRT-CSV] 5,134,3156140,1827440,0,0,0,0,1226710,0
[E3IRT-CSV] 5,135,3160340,1840000,0,0,0,0,1221340,0
[E3IRT-CSV] 5,136,652780,339220,0,0,0,0,281780,0
[E3IRT-CSV] 5,137,3497160,2086750,0,0,0,0,1303290,0
[E3IRT-CSV] 5,138,3715790,2312630,0,0,0,0,1303470,0
[E3IRT-CSV] 5,139,6452910,3640370,0,0,0,0,2401180,0
[E3IRT-CSV] 5,140,3239080,1882430,0,0,0,0,1246140,0
[E3IRT-CSV] 5,141,634250,334160,0,0,0,0,271510,0
[E3IRT-CSV] 5,142,4346750,2844730,0,0,0,0,1344230,0
[E3IRT-CSV] 5,143,6520700,3950700,0,0,0,0,2391240,0
[E3IRT-CSV] 5,144,3397470,2048250,0,0,0,0,1242680,0
[E3IRT-CSV] 5,145,3176920,1827910,0,0,0,0,1247530,0
[E3IRT-CSV] 5,146,4096720,2131380,0,0,0,0,1800600,0
[E3IRT-CSV] 5,147,6098200,3298390,0,0,0,0,2623540,0
[E3IRT-CSV] 5,148,4081870,2638140,0,0,0,0,1318750,0
[E3IRT-CSV] 5,149,6119500,3776930,0,0,0,0,2135500,0
[E3IRT-CSV] 5,150,3769600,2303990,0,0,0,0,1362310,0
[E3IRT-CSV] 5,151,3721430,1995190,0,0,0,0,1590760,0
[E3IRT-CSV] 5,152,3547220,2103780,0,0,0,0,1341500,0
[E3IRT-CSV] 5,153,3650020,2166800,0,0,0,0,1381000,0
[E3IRT-CSV] 5,154,3173990,1829030,0,0,0,0,1245410,0
[E3IRT-CSV] 5,155,4936390,2640910,0,0,0,0,2180900,0
[E3IRT-CSV] 5,156,3821080,2114510,0,0,0,0,1567410,0
[E3IRT-CSV] 5,157,4130620,2662360,0,0,0,0,1302220,0
[E3IRT-CSV] 5,158,4144700,2636780,0,0,0,0,1357150,0
[E3IRT-CSV] 5,159,3499750,2065270,0,0,0,0,1317360,0
[E3IRT-CSV] 5,160,3142770,1807600,0,0,0,0,1241850,0
[E3IRT-CSV] 5,161,2427390,1327150,0,0,0,0,1017630,0
[E3IRT-CSV] 5,162,6133170,3540470,0,0,0,0,2073700,0
[E3IRT-CSV] 5,163,3113280,1805300,0,0,0,0,1207750,0
[E3IRT-CSV] 5,164,3154980,1837850,0,0,0,0,1213440,0
[E3IRT-CSV] 5,165,3970560,2390910,0,0,0,0,1482560,0
[E3IRT-CSV] 5,166,3055140,1816510,0,0,0,0,1139220,0
[E3IRT-CSV] 5,167,3869610,2160840,0,0,0,0,1598440,0
[E3IRT-CSV] 5,168,3178300,1836160,0,0,0,0,1241040,0
[E3IRT-CSV] 5,169,3424950,2066400,0,0,0,0,1253900,0
[E3IRT-CSV] 5,170,3439050,2061750,0,0,0,0,1274590,0
[E3IRT-CSV] 5,171,6562610,4004290,0,0,0,0,2367380,0
[E3IRT-CSV] 5,172,6507430,3293540,0,0,0,0,3052030,0
[E3IRT-CSV] 5,173,3377980,2043350,0,0,0,0,1237000,0
[E3IRT-CSV] 5,174,3128200,1797330,0,0,0,0,1233550,0
[E3IRT-CSV] 5,175,3106390,1783040,0,0,0,0,1227660,0
[E3IRT-CSV] 5,176,1876270,1240390,0,0,0,0,554470,0
[E3IRT-CSV] 5,177,3388790,2025250,0,0,0,0,1248470,0
[E3IRT-CSV] 5,178,3422380,2045570,0,0,0,0,1268370,0
[E3IRT-CSV] 5,179,4758030,2539980,0,0,0,0,1861760,0
[E3IRT-CSV] 5,180,3365640,2023940,0,0,0,0,1237000,0
[E3IRT-CSV] 5,181,3782580,1986240,0,0,0,0,1700020,0
[E3IRT-CSV] 5,182,4314550,2596650,0,0,0,0,1361380,0
[E3IRT-CSV] 5,183,4483190,2476220,0,0,0,0,1671410,0
[E3IRT-CSV] 5,184,3307220,1977880,0,0,0,0,1235840,0
[E3IRT-CSV] 5,185,3079200,1761610,0,0,0,0,1227720,0
[E3IRT-CSV] 5,186,6531630,3717950,0,0,0,0,2448010,0
[E3IRT-CSV] 5,187,6578080,3404130,0,0,0,0,2822510,0
[E3IRT-CSV] 5,188,3367130,2025510,0,0,0,0,1239200,0
[E3IRT-CSV] 5,189,3115480,1802840,0,0,0,0,1216060,0
[E3IRT-CSV] 5,190,3115710,1814600,0,0,0,0,1203760,0
[E3IRT-CSV] 5,191,3022480,1735950,0,0,0,0,1186970,0
[E3IRT-CSV] 5,192,4475420,2428750,0,0,0,0,1681870,0
[E3IRT-CSV] 5,193,3796710,2227720,0,0,0,0,1240800,0
[E3IRT-CSV] 5,194,3118700,1782900,0,0,0,0,1239170,0
[E3IRT-CSV] 5,195,3004270,1728150,0,0,0,0,1190360,0
[E3IRT-CSV] 5,196,3353790,1975290,0,0,0,0,1278120,0
[E3IRT-CSV] 5,197,4010260,2331760,0,0,0,0,1327090,0
[E3IRT-CSV] 5,198,3978050,2332870,0,0,0,0,1300480,0
[E3IRT-CSV] 5,199,3340130,1688680,0,0,0,0,1404700,0
[E3IRT-CSV] 5,200,3307850,1996960,0,0,0,0,1211750,0
[E3IRT-CSV] 5,201,3102190,1779270,0,0,0,0,1221800,0
[E3IRT-CSV] 5,202,6684410,3574950,0,0,0,0,2489510,0
[E3IRT-CSV] 5,203,4620540,2704710,0,0,0,0,1574820,0
[E3IRT-CSV] 5,204,3571070,1917710,0,0,0,0,1558470,0
[E3IRT-CSV] 5,205,3060450,1762170,0,0,0,0,1205740,0
[E3IRT-CSV] 5,206,4949570,2822500,0,0,0,0,1774650,0
[E3IRT-CSV] 5,207,4198220,2536270,0,0,0,0,1318350,0
[E3IRT-CSV] 5,208,4008480,2381940,0,0,0,0,1281750,0
[E3IRT-CSV] 5,209,3074460,1770470,0,0,0,0,1210790,0
[E3IRT-CSV] 5,210,3390830,2035310,0,0,0,0,1248800,0
[E3IRT-CSV] 5,211,3766790,1937850,0,0,0,0,1727630,0
[E3IRT-CSV] 5,212,3545670,2123640,0,0,0,0,1309850,0
[E3IRT-CSV] 5,213,4537670,2700980,0,0,0,0,1493680,0
[E3IRT-CSV] 5,214,6526700,3725230,0,0,0,0,2445460,0
[E3IRT-CSV] 5,215,3290830,1964800,0,0,0,0,1225270,0
[E3IRT-CSV] 5,216,3249520,1778250,0,0,0,0,1375430,0
[E3IRT-CSV] 5,217,6671930,3876730,0,0,0,0,2418680,0
[E3IRT-CSV] 5,218,3309240,1984810,0,0,0,0,1223630,0
[E3IRT-CSV] 5,219,6017240,3390190,0,0,0,0,2061380,0
[E3IRT-CSV] 5,220,5956320,3041380,0,0,0,0,2579460,0
[E3IRT-CSV] 5,221,3057120,1727990,0,0,0,0,1235450,0
[E3IRT-CSV] 5,222,6399830,3682510,0,0,0,0,2351820,0
[E3IRT-CSV] 5,223,3564080,2003310,0,0,0,0,1317650,0
[E3IRT-CSV] 5,224,3117460,1794990,0,0,0,0,1205860,0
[E3IRT-CSV] 5,225,3279320,1933220,0,0,0,0,1248370,0
[E3IRT-CSV] 5,226,3231230,1915990,0,0,0,0,1220940,0
[E3IRT-CSV] 5,227,3344180,1786460,0,0,0,0,1452380,0
[E3IRT-CSV] 5,228,3057320,1733620,0,0,0,0,1221380,0
[E3IRT-CSV] 5,229,6439490,3686330,0,0,0,0,2399230,0
[E3IRT-CSV] 5,230,3306960,1878290,0,0,0,0,1230560,0
[E3IRT-CSV] 5,231,2998270,1724470,0,0,0,0,1186990,0
[E3IRT-CSV] 5,232,3275100,1856970,0,0,0,0,1225470,0
[E3IRT-CSV] 5,233,2956020,1678700,0,0,0,0,1186180,0
[E3IRT-CSV] 5,234,6358840,3296880,0,0,0,0,2865820,0
[E3IRT-CSV] 5,235,3347260,1755490,0,0,0,0,1389710,0
[E3IRT-CSV] 5,236,3024880,1742930,0,0,0,0,1189320,0
[E3IRT-CSV] 5,237,3277280,1839830,0,0,0,0,1237280,0
[E3IRT-CSV] 5,238,2985080,1702820,0,0,0,0,1185310,0
[E3IRT-CSV] 5,239,3662970,1834500,0,0,0,0,1623350,0
[E3IRT-CSV] 5,240,2977230,1684040,0,0,0,0,1205360,0
[E3IRT-CSV] 5,241,3216470,1802780,0,0,0,0,1218090,0
[E3IRT-CSV] 5,242,3469520,1952750,0,0,0,0,1310460,0
[E3IRT-CSV] 5,243,3309170,1869990,0,0,0,0,1244950,0
[E3IRT-CSV] 5,244,6211930,3675050,0,0,0,0,2372520,0
[E3IRT-CSV] 5,245,3304360,1866600,0,0,0,0,1219930,0
[E3IRT-CSV] 5,246,2999170,1622190,0,0,0,0,1192850,0
[E3IRT-CSV] 5,247,3300470,1721880,0,0,0,0,1236670,0
[E3IRT-CSV] 5,248,4422990,2499920,0,0,0,0,1555200,0
[E3IRT-CSV] 5,249,3172880,1766500,0,0,0,0,1202200,0
[E3IRT-CSV] 5,250,3562510,1920140,0,0,0,0,1425190,0
[E3IRT-CSV] 5,251,3647860,2272360,0,0,0,0,1229810,0
[E3IRT-CSV] 5,252,3353900,1782430,0,0,0,0,1460370,0
[E3IRT-CSV] 5,253,3780490,2326510,0,0,0,0,1189210,0
[E3IRT-CSV] 5,254,3712180,2303440,0,0,0,0,1258590,0
[E3IRT-CSV] 5,255,6505330,3326030,0,0,0,0,2992130,0
[E3IRT-CSV] 5,256,6132590,3606570,0,0,0,0,2377640,0
[E3IRT-CSV] 5,257,6642710,3919800,0,0,0,0,2531660,0
[E3IRT-CSV] 5,258,4072030,2590110,0,0,0,0,1340290,0
[E3IRT-CSV] 5,259,3565990,1778020,0,0,0,0,1691150,0
[E3IRT-CSV] 5,260,6341650,3486110,0,0,0,0,2693770,0
[E3IRT-CSV] 5,261,5803110,3323710,0,0,0,0,2328900,0
[E3IRT-CSV] 5,262,6121210,3571620,0,0,0,0,2384900,0
[E3IRT-CSV] 5,263,4090690,2575060,0,0,0,0,1393250,0
[E3IRT-CSV] 5,264,3172120,1820870,0,0,0,0,1247560,0
[E3IRT-CSV] 5,265,3614930,1779770,0,0,0,0,1634450,0
[E3IRT-CSV] 5,266,2999090,1617730,0,0,0,0,1184610,0
[E3IRT-CSV] 5,267,3298870,1770150,0,0,0,0,1417870,0
[E3IRT-CSV] 5,268,3230270,1814970,0,0,0,0,1218970,0
[E3IRT-CSV] 5,269,3584070,1755420,0,0,0,0,1620940,0
[E3IRT-CSV] 5,270,3218210,1798130,0,0,0,0,1226050,0
[E3IRT-CSV] 5,271,3158870,1763750,0,0,0,0,1190360,0
[E3IRT-CSV] 5,272,3376200,1945150,0,0,0,0,1326520,0
[E3IRT-CSV] 5,273,6511230,3675970,0,0,0,0,2650600,0
[E3IRT-CSV] 5,274,4757180,2836430,0,0,0,0,1758660,0
[E3IRT-CSV] 5,275,3330110,1767300,0,0,0,0,1469200,0
[E3IRT-CSV] 5,276,5607630,3283880,0,0,0,0,2177790,0
[E3IRT-CSV] 5,277,3254490,1751310,0,0,0,0,1393670,0
[E3IRT-CSV] 5,278,3230650,1862700,0,0,0,0,1265000,0
[E3IRT-CSV] 5,279,3113830,1800040,0,0,0,0,1219650,0
[E3IRT-CSV] 5,280,3119570,1808460,0,0,0,0,1216560,0
[E3IRT-CSV] 5,281,3254750,1871060,0,0,0,0,1283420,0
[E3IRT-CSV] 5,282,3266800,1745560,0,0,0,0,1410300,0
[E3IRT-CSV] 5,283,6336450,3741490,0,0,0,0,2416700,0
[E3IRT-CSV] 5,284,6314160,3334630,0,0,0,0,2827710,0
[E3IRT-CSV] 5,285,6063770,3315850,0,0,0,0,2595030,0
[E3IRT-CSV] 5,286,3326460,1943700,0,0,0,0,1268450,0
[E3IRT-CSV] 5,287,3481640,1870470,0,0,0,0,1498340,0
[E3IRT-CSV] 5,288,3198780,1702090,0,0,0,0,1398840,0
[E3IRT-CSV] 5,289,2846230,1565990,0,0,0,0,1194290,0
[E3IRT-CSV] 5,290,3637680,2153900,0,0,0,0,1382110,0
[E3IRT-CSV] 5,291,3208650,1855100,0,0,0,0,1259720,0
[E3IRT-CSV] 5,292,3278770,1740870,0,0,0,0,1428490,0
[E3IRT-CSV] 5,293,3295970,1920340,0,0,0,0,1267150,0
[E3IRT-CSV] 5,294,3200830,1720690,0,0,0,0,1377800,0
[E3IRT-CSV] 5,295,3184950,1713240,0,0,0,0,1369870,0
[E3IRT-CSV] 5,296,3267680,1883200,0,0,0,0,1273570,0
[E3IRT-CSV] 5,297,3283260,1746110,0,0,0,0,1425590,0
[E3IRT-CSV] 5,298,3221010,1740090,0,0,0,0,1378800,0
[E3IRT-CSV] 5,299,3163090,1675520,0,0,0,0,1387440,0
[E3IRT-CSV] 5,300,6262780,3460850,0,0,0,0,2390510,0
[E3IRT-CSV] 5,301,3358420,1833750,0,0,0,0,1420230,0
[E3IRT-CSV] 5,302,3508680,1858930,0,0,0,0,1539450,0
[E3IRT-CSV] 5,303,3331260,1909420,0,0,0,0,1314140,0
[E3IRT-CSV] 5,304,3266130,1899600,0,0,0,0,1254520,0
[E3IRT-CSV] 5,305,3657780,1689080,0,0,0,0,1864270,0
[E3IRT-CSV] 5,306,3241780,1720990,0,0,0,0,1422250,0
[E3IRT-CSV] 5,307,3275080,1893420,0,0,0,0,1277060,0
[E3IRT-CSV] 5,308,3216720,1731250,0,0,0,0,1378500,0
[E3IRT-CSV] 5,309,3255360,1874720,0,0,0,0,1275460,0
[E3IRT-CSV] 5,310,6316510,3401800,0,0,0,0,2738140,0
[E3IRT-CSV] 5,311,3238440,1724010,0,0,0,0,1412160,0
[E3IRT-CSV] 5,312,3233650,1857250,0,0,0,0,1271510,0
[E3IRT-CSV] 5,313,6248880,3226760,0,0,0,0,2612760,0
[E3IRT-CSV] 5,314,3307160,1945270,0,0,0,0,1249820,0
[E3IRT-CSV] 5,315,3882700,2473580,0,0,0,0,1258120,0
[E3IRT-CSV] 5,316,5540810,3281020,0,0,0,0,1862210,0
[E3IRT-CSV] 5,317,6508890,3795280,0,0,0,0,2537800,0
[E3IRT-CSV] 5,318,5131340,3022310,0,0,0,0,1962770,0
[E3IRT-CSV] 5,319,3148290,1657660,0,0,0,0,1393220,0
[E3IRT-CSV] 5,320,3139020,1637910,0,0,0,0,1258440,0
[E3IRT-CSV] 5,321,3084450,1785930,0,0,0,0,1205780,0
[E3IRT-CSV] 5,322,3288220,1892310,0,0,0,0,1286460,0
[E3IRT-CSV] 5,323,3215830,1727710,0,0,0,0,1380350,0
[E3IRT-CSV] 5,324,3199610,1702780,0,0,0,0,1393340,0
[E3IRT-CSV] 5,325,3202480,1706090,0,0,0,0,1393300,0
[E3IRT-CSV] 5,326,3949560,2484400,0,0,0,0,1296300,0
[E3IRT-CSV] 5,327,3269660,1866200,0,0,0,0,1292730,0
[E3IRT-CSV] 5,328,3260020,1875650,0,0,0,0,1281530,0
[E3IRT-CSV] 5,329,3108590,1803370,0,0,0,0,1218440,0
[E3IRT-CSV] 5,330,2981680,1729590,0,0,0,0,1162920,0
[E3IRT-CSV] 5,331,3179090,1848760,0,0,0,0,1229030,0
[E3IRT-CSV] 5,332,3474390,1838110,0,0,0,0,1523770,0
[E3IRT-CSV] 5,333,3309090,1891830,0,0,0,0,1308070,0
[E3IRT-CSV] 5,334,3281070,1888450,0,0,0,0,1278530,0
[E3IRT-CSV] 5,335,3281420,1891420,0,0,0,0,1282020,0
[E3IRT-CSV] 5,336,6067450,3640680,0,0,0,0,2261980,0
[E3IRT-CSV] 5,337,6357430,3278470,0,0,0,0,2896580,0
[E3IRT-CSV] 5,338,3320820,1924790,0,0,0,0,1280460,0
[E3IRT-CSV] 5,339,3729230,1731740,0,0,0,0,1878100,0
[E3IRT-CSV] 5,340,6299140,3213300,0,0,0,0,2915630,0
[E3IRT-CSV] 5,341,3294420,1883770,0,0,0,0,1299690,0
[E3IRT-CSV] 5,342,6066080,3295220,0,0,0,0,2589810,0
[E3IRT-CSV] 5,343,4199600,2650060,0,0,0,0,1281110,0
[E3IRT-CSV] 5,344,3043640,1766470,0,0,0,0,1184530,0
[E3IRT-CSV] 5,345,3048970,1751750,0,0,0,0,1206180,0
[E3IRT-CSV] 5,346,3145160,1661360,0,0,0,0,1389790,0
[E3IRT-CSV] 5,347,3365590,1802120,0,0,0,0,1470810,0
[E3IRT-CSV] 5,348,3905120,2470020,0,0,0,0,1270080,0
[E3IRT-CSV] 5,349,6218630,3406350,0,0,0,0,2404400,0
[E3IRT-CSV] 5,350,3291050,1912540,0,0,0,0,1284480,0
[E3IRT-CSV] 5,351,3183800,1696230,0,0,0,0,1391930,0
[E3IRT-CSV] 5,352,4157740,2824650,0,0,0,0,1162270,0
[E3IRT-CSV] 5,353,4628950,2649490,0,0,0,0,1813830,0
[E3IRT-CSV] 5,354,3308800,1901250,0,0,0,0,1298880,0
[E3IRT-CSV] 5,355,3356160,1925790,0,0,0,0,1324190,0
[E3IRT-CSV] 5,356,3175080,1698500,0,0,0,0,1384210,0
[E3IRT-CSV] 5,357,3307140,1913200,0,0,0,0,1287520,0
[E3IRT-CSV] 5,358,3212010,1723290,0,0,0,0,1389290,0
[E3IRT-CSV] 5,359,3107270,1649580,0,0,0,0,1212370,0
[E3IRT-CSV] 5,360,3209890,1721370,0,0,0,0,1383250,0
[E3IRT-CSV] 5,361,3543500,2127140,0,0,0,0,1320820,0
[E3IRT-CSV] 5,362,6551400,3850100,0,0,0,0,2523230,0
[E3IRT-CSV] 5,363,3176950,1695060,0,0,0,0,1379960,0
[E3IRT-CSV] 5,364,2764150,1543700,0,0,0,0,1137760,0
[E3IRT-CSV] 5,365,2998010,1726770,0,0,0,0,1183340,0
[E3IRT-CSV] 5,366,3595430,1878730,0,0,0,0,1604090,0
[E3IRT-CSV] 5,367,3411990,1748730,0,0,0,0,1556190,0
[E3IRT-CSV] 5,368,3214920,1720870,0,0,0,0,1395760,0
[E3IRT-CSV] 5,369,3581740,1687740,0,0,0,0,1801430,0
[E3IRT-CSV] 5,370,3132590,1634250,0,0,0,0,1405870,0
[E3IRT-CSV] 5,371,3144540,1690950,0,0,0,0,1354000,0
[E3IRT-CSV] 5,372,3250370,1887360,0,0,0,0,1254500,0
[E3IRT-CSV] 5,373,3165510,1685770,0,0,0,0,1373410,0
[E3IRT-CSV] 5,374,3022440,1739130,0,0,0,0,1194660,0
[E3IRT-CSV] 5,375,3144520,1692890,0,0,0,0,1357530,0
[E3IRT-CSV] 5,376,3146590,1679660,0,0,0,0,1364010,0
[E3IRT-CSV] 5,377,3369010,1965340,0,0,0,0,1299380,0
[E3IRT-CSV] 5,378,5385240,3021780,0,0,0,0,2214990,0
[E3IRT-CSV] 5,379,3286950,1781360,0,0,0,0,1401940,0
[E3IRT-CSV] 5,380,3337530,1794470,0,0,0,0,1432510,0
[E3IRT-CSV] 5,381,3096800,1649560,0,0,0,0,1353330,0
[E3IRT-CSV] 5,382,3400250,2024410,0,0,0,0,1252850,0
[E3IRT-CSV] 5,383,3243950,1856980,0,0,0,0,1285330,0
[E3IRT-CSV] 5,384,3278590,1878810,0,0,0,0,1286360,0
[E3IRT-CSV] 5,385,3010880,1600080,0,0,0,0,1320340,0
[E3IRT-CSV] 5,386,3244540,1882720,0,0,0,0,1260160,0
[E3IRT-CSV] 5,387,3281560,1758720,0,0,0,0,1416420,0
[E3IRT-CSV] 5,388,3264650,1874430,0,0,0,0,1278810,0
[E3IRT-CSV] 5,389,3316050,1892380,0,0,0,0,1311860,0
[E3IRT-CSV] 5,390,3157350,1688810,0,0,0,0,1365050,0
[E3IRT-CSV] 5,391,1594270,840550,0,0,0,0,695370,0
[E3IRT-CSV] 5,392,4317500,2593660,0,0,0,0,1580310,0
[E3IRT-CSV] 5,393,3257000,1727710,0,0,0,0,1423200,0
[E3IRT-CSV] 5,394,3198840,1851400,0,0,0,0,1245320,0
[E3IRT-CSV] 5,395,3106700,1662840,0,0,0,0,1350800,0
[E3IRT-CSV] 5,396,3180350,1825340,0,0,0,0,1259190,0
[E3IRT-CSV] 5,397,3252760,1736400,0,0,0,0,1268210,0
[E3IRT-CSV] 5,398,3150130,1814960,0,0,0,0,1235110,0
[E3IRT-CSV] 5,399,2963730,1564160,0,0,0,0,1316160,0
[E3IRT-CSV] 5,400,2909520,1684200,0,0,0,0,1144590,0
[E3IRT-CSV] 5,401,6166350,3403730,0,0,0,0,2589560,0
[E3IRT-CSV] 5,402,3174940,1832590,0,0,0,0,1238760,0
[E3IRT-CSV] 5,403,3265940,1712330,0,0,0,0,1297280,0
[E3IRT-CSV] 5,404,3047100,1616700,0,0,0,0,1345500,0
[E3IRT-CSV] 5,405,3143410,1658320,0,0,0,0,1386700,0
[E3IRT-CSV] 5,406,3289810,1756560,0,0,0,0,1421710,0
[E3IRT-CSV] 5,407,3347040,1782450,0,0,0,0,1463580,0
[E3IRT-CSV] 5,408,3503340,2120200,0,0,0,0,1281850,0
[E3IRT-CSV] 5,409,3254490,1894870,0,0,0,0,1254920,0
[E3IRT-CSV] 5,410,3244210,1874520,0,0,0,0,1267630,0
[E3IRT-CSV] 5,411,3239000,1722340,0,0,0,0,1276060,0
[E3IRT-CSV] 5,412,3187030,1841260,0,0,0,0,1242010,0
[E3IRT-CSV] 5,413,3298490,1757210,0,0,0,0,1435860,0
[E3IRT-CSV] 5,414,3162570,1832050,0,0,0,0,1226890,0
[E3IRT-CSV] 5,415,3173960,1842730,0,0,0,0,1227850,0
[E3IRT-CSV] 5,416,3637240,1822050,0,0,0,0,1696170,0
[E3IRT-CSV] 5,417,687270,379030,0,0,0,0,270070,0
[E3IRT-CSV] 5,418,3355240,1775200,0,0,0,0,1471120,0
[E3IRT-CSV] 5,419,3277870,1729860,0,0,0,0,1439340,0
[E3IRT-CSV] 5,420,1037590,614360,0,0,0,0,384090,0
[E3IRT-CSV] 5,421,3232380,1888780,0,0,0,0,1235640,0
[E3IRT-CSV] 5,422,3418600,1839450,0,0,0,0,1472770,0
[E3IRT-CSV] 5,423,3190750,1851070,0,0,0,0,1236030,0
[E3IRT-CSV] 5,424,3193830,1722620,0,0,0,0,1219690,0
[E3IRT-CSV] 5,425,3822310,2378610,0,0,0,0,1289500,0
[E3IRT-CSV] 5,426,3244580,1742120,0,0,0,0,1396400,0
[E3IRT-CSV] 5,427,3239570,1727330,0,0,0,0,1407020,0
[E3IRT-CSV] 5,428,5026510,2630180,0,0,0,0,2287100,0
[E3IRT-CSV] 5,429,3232540,1724040,0,0,0,0,1399110,0
[E3IRT-CSV] 5,430,3205390,1705540,0,0,0,0,1394310,0
[E3IRT-CSV] 5,431,3125520,1809650,0,0,0,0,1222980,0
[E3IRT-CSV] 5,432,3082380,1774430,0,0,0,0,1216690,0
[E3IRT-CSV] 5,433,3064970,1779990,0,0,0,0,1189490,0
[E3IRT-CSV] 5,434,3194500,1711310,0,0,0,0,1370980,0
[E3IRT-CSV] 5,435,3109400,1791040,0,0,0,0,1221430,0
[E3IRT-CSV] 5,436,3095040,1648550,0,0,0,0,1356510,0
[E3IRT-CSV] 5,437,3209880,1708210,0,0,0,0,1402150,0
[E3IRT-CSV] 5,438,3060670,1625070,0,0,0,0,1343110,0
[E3IRT-CSV] 5,439,3216440,1733270,0,0,0,0,1388710,0
[E3IRT-CSV] 5,440,3096300,1804690,0,0,0,0,1205620,0
[E3IRT-CSV] 5,441,3193830,1705610,0,0,0,0,1387530,0
[E3IRT-CSV] 5,442,3188740,1690380,0,0,0,0,1398330,0
[E3IRT-CSV] 5,443,3142880,1808620,0,0,0,0,1235440,0
[E3IRT-CSV] 5,444,3248780,1736910,0,0,0,0,1407850,0
[E3IRT-CSV] 5,445,3269500,1718950,0,0,0,0,1454890,0
[E3IRT-CSV] 5,446,3176370,1706700,0,0,0,0,1371530,0
[E3IRT-CSV] 5,447,3175680,1830750,0,0,0,0,1246930,0
[E3IRT-CSV] 5,448,3198860,1701770,0,0,0,0,1394410,0
[E3IRT-CSV] 5,449,3309360,1746530,0,0,0,0,1456480,0
[E3IRT-CSV] 5,450,3280890,1744000,0,0,0,0,1436350,0
[E3IRT-CSV] 5,451,3138050,1825410,0,0,0,0,1215090,0
[E3IRT-CSV] 5,452,3341820,1932320,0,0,0,0,1307190,0
[E3IRT-CSV] 5,453,3606590,1824000,0,0,0,0,1672630,0
[E3IRT-CSV] 5,454,3207960,1701840,0,0,0,0,1401510,0
[E3IRT-CSV] 5,455,3174710,1682720,0,0,0,0,1393040,0
[E3IRT-CSV] 5,456,3122290,1815460,0,0,0,0,1207780,0
[E3IRT-CSV] 5,457,3163400,1690680,0,0,0,0,1374510,0
[E3IRT-CSV] 5,458,3204220,1690180,0,0,0,0,1406520,0
[E3IRT-CSV] 5,459,3327050,1948700,0,0,0,0,1262390,0
[E3IRT-CSV] 5,460,3178000,1698920,0,0,0,0,1379180,0
[E3IRT-CSV] 5,461,3156220,1692810,0,0,0,0,1368900,0
[E3IRT-CSV] 5,462,3273350,1750080,0,0,0,0,1415650,0
[E3IRT-CSV] 5,463,3170430,1688400,0,0,0,0,1373010,0
[E3IRT-CSV] 5,464,3263080,1712180,0,0,0,0,1440440,0
[E3IRT-CSV] 5,465,3144330,1671730,0,0,0,0,1370850,0
[E3IRT-CSV] 5,466,3093580,1782230,0,0,0,0,1219230,0
[E3IRT-CSV] 5,467,3271000,1888220,0,0,0,0,1292990,0
[E3IRT-CSV] 5,468,3224240,1727930,0,0,0,0,1394750,0
[E3IRT-CSV] 5,469,3365230,1967570,0,0,0,0,1288170,0
[E3IRT-CSV] 5,470,3166000,1682780,0,0,0,0,1386940,0
[E3IRT-CSV] 5,471,3024350,1747590,0,0,0,0,1182450,0
[E3IRT-CSV] 5,472,3169970,1697440,0,0,0,0,1371080,0
[E3IRT-CSV] 5,473,3235110,1875430,0,0,0,0,1248740,0
[E3IRT-CSV] 5,474,3283320,1901940,0,0,0,0,1269110,0
[E3IRT-CSV] 5,475,3251190,1879150,0,0,0,0,1256990,0
[E3IRT-CSV] 5,476,3213540,1858480,0,0,0,0,1250400,0
[E3IRT-CSV] 5,477,3233700,1885470,0,0,0,0,1249690,0
[E3IRT-CSV] 5,478,3149700,1684400,0,0,0,0,1365110,0
[E3IRT-CSV] 5,479,3200940,1862950,0,0,0,0,1231470,0
[E3IRT-CSV] 5,480,3320030,1931940,0,0,0,0,1285380,0
[E3IRT-CSV] 5,481,3226010,1720520,0,0,0,0,1414060,0
[E3IRT-CSV] 5,482,3411890,1834660,0,0,0,0,1472710,0
[E3IRT-CSV] 5,483,3321650,1935300,0,0,0,0,1280100,0
[E3IRT-CSV] 5,484,3363890,1797290,0,0,0,0,1447570,0
[E3IRT-CSV] 5,485,3177320,1842390,0,0,0,0,1234680,0
[E3IRT-CSV] 5,486,3206010,1868670,0,0,0,0,1238160,0
[E3IRT-CSV] 5,487,3165340,1835240,0,0,0,0,1234390,0
[E3IRT-CSV] 5,488,3190030,1858360,0,0,0,0,1229400,0
[E3IRT-CSV] 5,489,3274570,1740920,0,0,0,0,1425970,0
[E3IRT-CSV] 5,490,3235480,1881760,0,0,0,0,1249650,0
[E3IRT-CSV] 5,491,3189060,1714430,0,0,0,0,1377790,0
[E3IRT-CSV] 5,492,3221230,1866860,0,0,0,0,1254560,0
[E3IRT-CSV] 5,493,3891800,2273590,0,0,0,0,1513950,0
[E3IRT-CSV] 5,494,3276890,1887800,0,0,0,0,1276070,0
[E3IRT-CSV] 5,495,3212130,1863640,0,0,0,0,1243870,0
[E3IRT-CSV] 5,496,3275290,1928970,0,0,0,0,1241190,0
[E3IRT-CSV] 5,497,3238470,1871440,0,0,0,0,1273520,0
[E3IRT-CSV] 5,498,3139270,1813140,0,0,0,0,1229590,0
[E3IRT-CSV] 5,499,3220210,1860930,0,0,0,0,1252700,0
[E3IRT-SUMMARY] chain_len=5 e2e_avg=3622712 publish_avg=2046943 sched_avg=1440902
