
RTEMS Shell on /dev/console. Use 'help' to list commands.
SHLL [/] # nexus0: <RTEMS Nexus device>
info: lo0: link state changed to UP
=== Exp3inter-Ours: Task Chain (n=4) RTExecutor ===
Period: 200ms, Rounds: 500
[E3OURS-CSV] chain_len,round,e2e_ns,publish_ns,gc_trigger_ns,invoke_cb_ns,getnext_ns,take_data_ns,sched_ns,dispatch_ns
[RTExecutor] Constructed (kernel-driven, no spin)
666666
CPP Msg not nullptr
CPP Msg not nullptr
CPP Msg not nullptr
CPP Msg not nullptr
C Msg not NULL
C Msg not NULL
CPP Srv not nullptr
CPP Srv not nullptr
CPP Srv not nullptr
CPP Srv not nullptr
CPP Srv not nullptr
CPP Srv not nullptr
CPP Msg not nullptr
CPP Msg not nullptr
CPP Msg not nullptr
CPP Msg not nullptr
CPP Msg not nullptr
CPP Msg not nullptr
C Msg not NULL
C Msg not NULL
CPP Srv not nullptr
CPP Srv not nullptr
CPP Srv not nullptr
CPP Srv not nullptr
CPP Srv not nullptr
CPP Srv not nullptr
CPP Msg not nullptr
CPP Msg not nullptr
CPP Msg not nullptr
CPP Msg not nullptr
CPP Msg not nullptr
CPP Msg not nullptr
CPP Msg not nullptr
CPP Msg not nullptr
C Msg not NULL
C Msg not NULL
CPP Srv not nullptr
CPP Srv not nullptr
CPP Srv not nullptr
CPP Srv not nullptr
CPP Srv not nullptr
CPP Srv not nullptr
CPP Msg not nullptr
CPP Msg not nullptr
CPP Msg not nullptr
CPP Msg not nullptr
CPP Msg not nullptr
CPP Msg not nullptr
CPP Msg not nullptr
CPP Msg not nullptr
C Msg not NULL
C Msg not NULL
CPP Srv not nullptr
CPP Srv not nullptr
CPP Srv not nullptr
CPP Srv not nullptr
CPP Srv not nullptr
CPP Srv not nullptr
CPP Msg not nullptr
CPP Msg not nullptr
CPP Msg not nullptr
CPP Msg not nullptr
CPP Msg not nullptr
CPP Msg not nullptr
[RTExecutor] Registered timer ch=0 period=200ms pri=60
[CallbackTask] Started 'SUB0' pri=80 tid=167837713
[RTExecutor] Registered subscription 'chain_1' pri=80 direct_notify=ON
[CallbackTask] Started 'SUB1' pri=80 tid=167837714
[RTExecutor] Registered subscription 'chain_2' pri=80 direct_notify=ON
[CallbackTask] Started 'SUB2' pri=80 tid=167837715
[RTExecutor] Registered subscription 'chain_3' pri=80 direct_notify=ON
[CallbackTask] Started 'TM0' pri=60 tid=167837716
[RTExecutor] Timer ch=0 period=200t target=167837716
[RTExecutor] Running — ALL callbacks kernel-driven, NO polling
[E3OURS-CSV] 4,0,15377680,7313300,0,0,0,0,6895630,0
[E3OURS-CSV] 4,1,2891510,1711760,0,0,0,0,1076010,0
[E3OURS-CSV] 4,2,2832180,1682070,0,0,0,0,1055380,0
[E3OURS-CSV] 4,3,2561840,1419330,0,0,0,0,1048660,0
[E3OURS-CSV] 4,4,2578330,1282820,0,0,0,0,1200410,0
[E3OURS-CSV] 4,5,2852410,1504940,0,0,0,0,1230990,0
[E3OURS-CSV] 4,6,2766550,1469260,0,0,0,0,1194830,0
[E3OURS-CSV] 4,7,2509510,1294410,0,0,0,0,1125930,0
[E3OURS-CSV] 4,8,2814420,1475760,0,0,0,0,1239210,0
[E3OURS-CSV] 4,9,2511070,1405600,0,0,0,0,1001750,0
[E3OURS-CSV] 4,10,2808450,1659760,0,0,0,0,1030330,0
[E3OURS-CSV] 4,11,519040,296390,0,0,0,0,193150,0
[E3OURS-CSV] 4,12,2825310,1523010,0,0,0,0,1194590,0
[E3OURS-CSV] 4,13,2724490,1462100,0,0,0,0,1164190,0
[E3OURS-CSV] 4,14,2491080,1397960,0,0,0,0,996280,0
[E3OURS-CSV] 4,15,2854470,1332840,0,0,0,0,1415660,0
[E3OURS-CSV] 4,16,2766260,1454320,0,0,0,0,1197770,0
[E3OURS-CSV] 4,17,2533450,1417690,0,0,0,0,1035620,0
[E3OURS-CSV] 4,18,2780270,1464210,0,0,0,0,1211020,0
[E3OURS-CSV] 4,19,5626070,3033850,0,0,0,0,2427200,0
[E3OURS-CSV] 4,20,2888760,1660360,0,0,0,0,1109500,0
[E3OURS-CSV] 4,21,2752480,1470360,0,0,0,0,1186550,0
[E3OURS-CSV] 4,22,2755730,1455590,0,0,0,0,1202910,0
[E3OURS-CSV] 4,23,2780820,1492530,0,0,0,0,1180780,0
[E3OURS-CSV] 4,24,2812800,1619760,0,0,0,0,1070390,0
[E3OURS-CSV] 4,25,2834040,1651760,0,0,0,0,1072060,0
[E3OURS-CSV] 4,26,2529580,1431130,0,0,0,0,998750,0
[E3OURS-CSV] 4,27,2722580,1458460,0,0,0,0,1158600,0
[E3OURS-CSV] 4,28,2708820,1457710,0,0,0,0,1154010,0
[E3OURS-CSV] 4,29,2711810,1441030,0,0,0,0,1172730,0
[E3OURS-CSV] 4,30,3307530,2029060,0,0,0,0,980030,0
[E3OURS-CSV] 4,31,3190490,2122130,0,0,0,0,971640,0
[E3OURS-CSV] 4,32,2905330,1689780,0,0,0,0,1094440,0
[E3OURS-CSV] 4,33,2702670,1447010,0,0,0,0,1155670,0
[E3OURS-CSV] 4,34,2708690,1438950,0,0,0,0,1157140,0
[E3OURS-CSV] 4,35,2846630,1663440,0,0,0,0,1055590,0
[E3OURS-CSV] 4,36,2770360,1464170,0,0,0,0,1195070,0
[E3OURS-CSV] 4,37,2715300,1453170,0,0,0,0,1158100,0
[E3OURS-CSV] 4,38,2668640,1409760,0,0,0,0,1146510,0
[E3OURS-CSV] 4,39,2843360,1679360,0,0,0,0,1044520,0
[E3OURS-CSV] 4,40,2866490,1866900,0,0,0,0,887170,0
[E3OURS-CSV] 4,41,2916040,1897160,0,0,0,0,918470,0
[E3OURS-CSV] 4,42,2735630,1612150,0,0,0,0,1010410,0
[E3OURS-CSV] 4,43,4015910,2478980,0,0,0,0,1384760,0
[E3OURS-CSV] 4,44,2784300,1625920,0,0,0,0,1044450,0
[E3OURS-CSV] 4,45,2881440,1712380,0,0,0,0,1041770,0
[E3OURS-CSV] 4,46,2662960,1411230,0,0,0,0,1153790,0
[E3OURS-CSV] 4,47,2793340,1460100,0,0,0,0,1243100,0
[E3OURS-CSV] 4,48,2753410,1635510,0,0,0,0,1019040,0
[E3OURS-CSV] 4,49,2838320,1667110,0,0,0,0,1059800,0
[E3OURS-CSV] 4,50,2847820,1676600,0,0,0,0,1059730,0
[E3OURS-CSV] 4,51,2809300,1678480,0,0,0,0,1023540,0
[E3OURS-CSV] 4,52,2766860,1632730,0,0,0,0,1035190,0
[E3OURS-CSV] 4,53,2733920,1611340,0,0,0,0,1023040,0
[E3OURS-CSV] 4,54,2466920,1390660,0,0,0,0,988020,0
[E3OURS-CSV] 4,55,2631700,1404040,0,0,0,0,1136720,0
[E3OURS-CSV] 4,56,3207970,2091830,0,0,0,0,1003560,0
[E3OURS-CSV] 4,57,2710430,1427430,0,0,0,0,1184690,0
[E3OURS-CSV] 4,58,2656100,1417230,0,0,0,0,1146450,0
[E3OURS-CSV] 4,59,2750040,1618190,0,0,0,0,1020130,0
[E3OURS-CSV] 4,60,1920580,1173090,0,0,0,0,663320,0
[E3OURS-CSV] 4,61,2846210,1680520,0,0,0,0,1057090,0
[E3OURS-CSV] 4,62,2815210,1647320,0,0,0,0,1080540,0
[E3OURS-CSV] 4,63,2738760,1614160,0,0,0,0,1016820,0
[E3OURS-CSV] 4,64,2700760,1575320,0,0,0,0,1016220,0
[E3OURS-CSV] 4,65,2837050,1673690,0,0,0,0,1054430,0
[E3OURS-CSV] 4,66,2639900,1401380,0,0,0,0,1136620,0
[E3OURS-CSV] 4,67,2779500,1636050,0,0,0,0,1038430,0
[E3OURS-CSV] 4,68,2810720,1664610,0,0,0,0,1038570,0
[E3OURS-CSV] 4,69,3118820,2054930,0,0,0,0,965860,0
[E3OURS-CSV] 4,70,2805250,1635590,0,0,0,0,1062050,0
[E3OURS-CSV] 4,71,2792440,1645630,0,0,0,0,1036620,0
[E3OURS-CSV] 4,72,2751340,1619330,0,0,0,0,1024590,0
[E3OURS-CSV] 4,73,2651830,1554850,0,0,0,0,997600,0
[E3OURS-CSV] 4,74,2628810,1389880,0,0,0,0,1146940,0
[E3OURS-CSV] 4,75,2845080,1665670,0,0,0,0,1051300,0
[E3OURS-CSV] 4,76,2885000,1625610,0,0,0,0,1155900,0
[E3OURS-CSV] 4,77,2899870,1841540,0,0,0,0,970340,0
[E3OURS-CSV] 4,78,3272660,2070080,0,0,0,0,1097270,0
[E3OURS-CSV] 4,79,2755010,1612600,0,0,0,0,1034280,0
[E3OURS-CSV] 4,80,1934790,1119700,0,0,0,0,720480,0
[E3OURS-CSV] 4,81,2740400,1609690,0,0,0,0,1015360,0
[E3OURS-CSV] 4,82,2718520,1588600,0,0,0,0,1021930,0
[E3OURS-CSV] 4,83,2744220,1612160,0,0,0,0,1027680,0
[E3OURS-CSV] 4,84,2798080,1651660,0,0,0,0,1038520,0
[E3OURS-CSV] 4,85,2724910,1596120,0,0,0,0,1017600,0
[E3OURS-CSV] 4,86,2573120,1374900,0,0,0,0,1113350,0
[E3OURS-CSV] 4,87,2770400,1635040,0,0,0,0,1024640,0
[E3OURS-CSV] 4,88,3198620,1815840,0,0,0,0,1228290,0
[E3OURS-CSV] 4,89,2776910,1616400,0,0,0,0,1058590,0
[E3OURS-CSV] 4,90,2732810,1607100,0,0,0,0,1028070,0
[E3OURS-CSV] 4,91,2773900,1641740,0,0,0,0,1030400,0
[E3OURS-CSV] 4,92,2936490,1888760,0,0,0,0,962060,0
[E3OURS-CSV] 4,93,4117200,2843230,0,0,0,0,1112780,0
[E3OURS-CSV] 4,94,2743280,1603390,0,0,0,0,1032150,0
[E3OURS-CSV] 4,95,3983070,2807940,0,0,0,0,1016110,0
[E3OURS-CSV] 4,96,2776630,1795510,0,0,0,0,873090,0
[E3OURS-CSV] 4,97,5294250,3062370,0,0,0,0,2071040,0
[E3OURS-CSV] 4,98,2808860,1794480,0,0,0,0,897370,0
[E3OURS-CSV] 4,99,2763640,1627290,0,0,0,0,1024570,0
[E3OURS-CSV] 4,100,4236960,2243420,0,0,0,0,1863320,0
[E3OURS-CSV] 4,101,2700290,1580740,0,0,0,0,1017080,0
[E3OURS-CSV] 4,102,5202480,2992820,0,0,0,0,2050900,0
[E3OURS-CSV] 4,103,2857800,1828840,0,0,0,0,908500,0
[E3OURS-CSV] 4,104,2770840,1635240,0,0,0,0,1026440,0
[E3OURS-CSV] 4,105,2768610,1622230,0,0,0,0,1055450,0
[E3OURS-CSV] 4,106,2735390,1418230,0,0,0,0,1230900,0
[E3OURS-CSV] 4,107,2876340,1844810,0,0,0,0,941590,0
[E3OURS-CSV] 4,108,2792130,1653020,0,0,0,0,1035940,0
[E3OURS-CSV] 4,109,2753630,1616100,0,0,0,0,1037570,0
[E3OURS-CSV] 4,110,2002590,1227710,0,0,0,0,703670,0
[E3OURS-CSV] 4,111,2822320,1809690,0,0,0,0,902800,0
[E3OURS-CSV] 4,112,3255350,2063160,0,0,0,0,1091620,0
[E3OURS-CSV] 4,113,2704980,1586280,0,0,0,0,1011890,0
[E3OURS-CSV] 4,114,2755650,1633930,0,0,0,0,1016990,0
[E3OURS-CSV] 4,115,5673420,3346960,0,0,0,0,2163130,0
[E3OURS-CSV] 4,116,2751350,1600450,0,0,0,0,1029600,0
[E3OURS-CSV] 4,117,2698450,1605220,0,0,0,0,991640,0
[E3OURS-CSV] 4,118,2601890,1519600,0,0,0,0,991400,0
[E3OURS-CSV] 4,119,2717590,1607150,0,0,0,0,1007650,0
[E3OURS-CSV] 4,120,3260490,1946080,0,0,0,0,1207800,0
[E3OURS-CSV] 4,121,2723740,1753310,0,0,0,0,873360,0
[E3OURS-CSV] 4,122,2743620,1620300,0,0,0,0,1042150,0
[E3OURS-CSV] 4,123,2672390,1565370,0,0,0,0,1015410,0
[E3OURS-CSV] 4,124,2725290,1590630,0,0,0,0,1028630,0
[E3OURS-CSV] 4,125,2786850,1774130,0,0,0,0,900090,0
[E3OURS-CSV] 4,126,3158250,1748880,0,0,0,0,1309680,0
[E3OURS-CSV] 4,127,4634070,3013260,0,0,0,0,1219370,0
[E3OURS-CSV] 4,128,2734180,1602490,0,0,0,0,1030930,0
[E3OURS-CSV] 4,129,2581360,1518940,0,0,0,0,981080,0
[E3OURS-CSV] 4,130,2502660,1485580,0,0,0,0,925800,0
[E3OURS-CSV] 4,131,2789970,1787680,0,0,0,0,899380,0
[E3OURS-CSV] 4,132,2812840,1804470,0,0,0,0,903450,0
[E3OURS-CSV] 4,133,2740500,1600640,0,0,0,0,1040150,0
[E3OURS-CSV] 4,134,3135250,2036140,0,0,0,0,991580,0
[E3OURS-CSV] 4,135,2768650,1757280,0,0,0,0,907400,0
[E3OURS-CSV] 4,136,2857870,1820000,0,0,0,0,933490,0
[E3OURS-CSV] 4,137,2810410,1790880,0,0,0,0,932310,0
[E3OURS-CSV] 4,138,2800750,1798980,0,0,0,0,902620,0
[E3OURS-CSV] 4,139,2785050,1780260,0,0,0,0,893100,0
[E3OURS-CSV] 4,140,2830060,1807430,0,0,0,0,908650,0
[E3OURS-CSV] 4,141,3380460,1765160,0,0,0,0,1477480,0
[E3OURS-CSV] 4,142,2649480,1547520,0,0,0,0,1010830,0
[E3OURS-CSV] 4,143,2622180,1528330,0,0,0,0,1003820,0
[E3OURS-CSV] 4,144,2819230,1810980,0,0,0,0,902140,0
[E3OURS-CSV] 4,145,5065090,2613380,0,0,0,0,2013810,0
[E3OURS-CSV] 4,146,3528360,1910060,0,0,0,0,1478150,0
[E3OURS-CSV] 4,147,2788360,1818690,0,0,0,0,874660,0
[E3OURS-CSV] 4,148,2739510,1759490,0,0,0,0,884020,0
[E3OURS-CSV] 4,149,2675580,1588450,0,0,0,0,994200,0
[E3OURS-CSV] 4,150,5733130,3110090,0,0,0,0,2106320,0
[E3OURS-CSV] 4,151,5104910,2916710,0,0,0,0,2045710,0
[E3OURS-CSV] 4,152,5647930,3124550,0,0,0,0,2365400,0
[E3OURS-CSV] 4,153,2791780,1778360,0,0,0,0,902060,0
[E3OURS-CSV] 4,154,2628540,1526320,0,0,0,0,1012620,0
[E3OURS-CSV] 4,155,1545170,875530,0,0,0,0,600100,0
[E3OURS-CSV] 4,156,3427690,1790350,0,0,0,0,1522710,0
[E3OURS-CSV] 4,157,2655390,1543050,0,0,0,0,1029590,0
[E3OURS-CSV] 4,158,3063560,2010640,0,0,0,0,961350,0
[E3OURS-CSV] 4,159,2696860,1578250,0,0,0,0,1029760,0
[E3OURS-CSV] 4,160,1676190,1031900,0,0,0,0,571460,0
[E3OURS-CSV] 4,161,2813130,1800770,0,0,0,0,906330,0
[E3OURS-CSV] 4,162,2698360,1726350,0,0,0,0,868720,0
[E3OURS-CSV] 4,163,2595820,1513770,0,0,0,0,997250,0
[E3OURS-CSV] 4,164,5068950,3170070,0,0,0,0,1736290,0
[E3OURS-CSV] 4,165,4072760,2421950,0,0,0,0,1491340,0
[E3OURS-CSV] 4,166,3333310,1794600,0,0,0,0,1406140,0
[E3OURS-CSV] 4,167,2786720,1775290,0,0,0,0,932940,0
[E3OURS-CSV] 4,168,2573960,1512580,0,0,0,0,976070,0
[E3OURS-CSV] 4,169,2699910,1717500,0,0,0,0,887310,0
[E3OURS-CSV] 4,170,4801140,3369260,0,0,0,0,1262100,0
[E3OURS-CSV] 4,171,5503170,3354630,0,0,0,0,1993510,0
[E3OURS-CSV] 4,172,2781640,1785080,0,0,0,0,899380,0
[E3OURS-CSV] 4,173,5126590,3176700,0,0,0,0,1793590,0
[E3OURS-CSV] 4,174,3429550,2189190,0,0,0,0,1081040,0
[E3OURS-CSV] 4,175,4008340,2416310,0,0,0,0,1481750,0
[E3OURS-CSV] 4,176,3407880,1793610,0,0,0,0,1472230,0
[E3OURS-CSV] 4,177,2853860,1808570,0,0,0,0,945280,0
[E3OURS-CSV] 4,178,2664110,1707720,0,0,0,0,862480,0
[E3OURS-CSV] 4,179,2736780,1759970,0,0,0,0,883180,0
[E3OURS-CSV] 4,180,5640570,3455310,0,0,0,0,2030420,0
[E3OURS-CSV] 4,181,5155130,3189060,0,0,0,0,1810950,0
[E3OURS-CSV] 4,182,2570280,1649810,0,0,0,0,812520,0
[E3OURS-CSV] 4,183,5399650,3193070,0,0,0,0,2047160,0
[E3OURS-CSV] 4,184,4517510,2512150,0,0,0,0,1866550,0
[E3OURS-CSV] 4,185,5571650,3099320,0,0,0,0,2096530,0
[E3OURS-CSV] 4,186,2870130,1676750,0,0,0,0,1057370,0
[E3OURS-CSV] 4,187,3089290,1697210,0,0,0,0,1298350,0
[E3OURS-CSV] 4,188,5065040,3130690,0,0,0,0,1790540,0
[E3OURS-CSV] 4,189,2700540,1717290,0,0,0,0,884270,0
[E3OURS-CSV] 4,190,2850780,1805920,0,0,0,0,925660,0
[E3OURS-CSV] 4,191,2772930,1772740,0,0,0,0,888080,0
[E3OURS-CSV] 4,192,2787760,1789440,0,0,0,0,901080,0
[E3OURS-CSV] 4,193,2715040,1734040,0,0,0,0,884850,0
[E3OURS-CSV] 4,194,2764340,1765710,0,0,0,0,900190,0
[E3OURS-CSV] 4,195,4958540,2816790,0,0,0,0,1754450,0
[E3OURS-CSV] 4,196,3111530,1677780,0,0,0,0,1315710,0
[E3OURS-CSV] 4,197,3817980,2658900,0,0,0,0,1030800,0
[E3OURS-CSV] 4,198,5502540,3065220,0,0,0,0,2079230,0
[E3OURS-CSV] 4,199,3321640,1774780,0,0,0,0,1190770,0
[E3OURS-CSV] 4,200,1808840,1004690,0,0,0,0,724600,0
[E3OURS-CSV] 4,201,5561900,3094870,0,0,0,0,2094150,0
[E3OURS-CSV] 4,202,2853720,1842450,0,0,0,0,903450,0
[E3OURS-CSV] 4,203,2638480,1661860,0,0,0,0,876350,0
[E3OURS-CSV] 4,204,2651020,1694540,0,0,0,0,866500,0
[E3OURS-CSV] 4,205,2645020,1693920,0,0,0,0,862990,0
[E3OURS-CSV] 4,206,2805080,1789020,0,0,0,0,899610,0
[E3OURS-CSV] 4,207,2542090,1492750,0,0,0,0,967020,0
[E3OURS-CSV] 4,208,2631290,1691340,0,0,0,0,857020,0
[E3OURS-CSV] 4,209,2726850,1730070,0,0,0,0,893850,0
[E3OURS-CSV] 4,210,2505160,1448430,0,0,0,0,959740,0
[E3OURS-CSV] 4,211,3044450,1762860,0,0,0,0,1150230,0
[E3OURS-CSV] 4,212,3081450,1705040,0,0,0,0,1283250,0
[E3OURS-CSV] 4,213,2750070,1754010,0,0,0,0,898710,0
[E3OURS-CSV] 4,214,2670500,1688070,0,0,0,0,879550,0
[E3OURS-CSV] 4,215,556940,301030,0,0,0,0,225590,0
[E3OURS-CSV] 4,216,2762950,1767320,0,0,0,0,887360,0
[E3OURS-CSV] 4,217,2502350,1446160,0,0,0,0,980050,0
[E3OURS-CSV] 4,218,2514120,1472020,0,0,0,0,962380,0
[E3OURS-CSV] 4,219,2744900,1735900,0,0,0,0,906880,0
[E3OURS-CSV] 4,220,2085170,1139850,0,0,0,0,867040,0
[E3OURS-CSV] 4,221,2708730,1741220,0,0,0,0,869630,0
[E3OURS-CSV] 4,222,2713330,1730280,0,0,0,0,870450,0
[E3OURS-CSV] 4,223,2568390,1501220,0,0,0,0,986730,0
[E3OURS-CSV] 4,224,2643320,1672240,0,0,0,0,883890,0
[E3OURS-CSV] 4,225,2656770,1684430,0,0,0,0,877690,0
[E3OURS-CSV] 4,226,2667210,1677990,0,0,0,0,888760,0
[E3OURS-CSV] 4,227,2829590,1645990,0,0,0,0,1081990,0
[E3OURS-CSV] 4,228,2659480,1688580,0,0,0,0,873990,0
[E3OURS-CSV] 4,229,2703570,1713020,0,0,0,0,897780,0
[E3OURS-CSV] 4,230,2744560,1753090,0,0,0,0,886290,0
[E3OURS-CSV] 4,231,2743350,1738820,0,0,0,0,896420,0
[E3OURS-CSV] 4,232,2811820,1652100,0,0,0,0,1036890,0
[E3OURS-CSV] 4,233,2764840,1594340,0,0,0,0,1065900,0
[E3OURS-CSV] 4,234,2824910,1518600,0,0,0,0,1059770,0
[E3OURS-CSV] 4,235,4020800,2693880,0,0,0,0,1223420,0
[E3OURS-CSV] 4,236,5235460,2959740,0,0,0,0,1920400,0
[E3OURS-CSV] 4,237,2694430,1710860,0,0,0,0,877920,0
[E3OURS-CSV] 4,238,4804120,2931120,0,0,0,0,1506390,0
[E3OURS-CSV] 4,239,5406550,2953550,0,0,0,0,2108550,0
[E3OURS-CSV] 4,240,1625640,988560,0,0,0,0,567180,0
[E3OURS-CSV] 4,241,2773290,1610480,0,0,0,0,1035620,0
[E3OURS-CSV] 4,242,2872660,1665190,0,0,0,0,1102930,0
[E3OURS-CSV] 4,243,2838740,1660690,0,0,0,0,1074250,0
[E3OURS-CSV] 4,244,2752800,1738460,0,0,0,0,895660,0
[E3OURS-CSV] 4,245,2740790,1525370,0,0,0,0,1000880,0
[E3OURS-CSV] 4,246,4017630,2513620,0,0,0,0,1338870,0
[E3OURS-CSV] 4,247,2678140,1704310,0,0,0,0,881180,0
[E3OURS-CSV] 4,248,2687960,1687850,0,0,0,0,907450,0
[E3OURS-CSV] 4,249,2834840,1646880,0,0,0,0,931030,0
[E3OURS-CSV] 4,250,2803590,1633050,0,0,0,0,1064330,0
[E3OURS-CSV] 4,251,2744960,1613870,0,0,0,0,888260,0
[E3OURS-CSV] 4,252,5395660,2794150,0,0,0,0,2221820,0
[E3OURS-CSV] 4,253,2780380,1634590,0,0,0,0,1047150,0
[E3OURS-CSV] 4,254,2724060,1467410,0,0,0,0,1039340,0
[E3OURS-CSV] 4,255,5387830,2775350,0,0,0,0,2266130,0
[E3OURS-CSV] 4,256,2774130,1509710,0,0,0,0,1039850,0
[E3OURS-CSV] 4,257,3068230,1649830,0,0,0,0,1338660,0
[E3OURS-CSV] 4,258,2737750,1730090,0,0,0,0,904270,0
[E3OURS-CSV] 4,259,2811530,1474150,0,0,0,0,1108800,0
[E3OURS-CSV] 4,260,2754470,1497370,0,0,0,0,1031550,0
[E3OURS-CSV] 4,261,2632150,1666120,0,0,0,0,881150,0
[E3OURS-CSV] 4,262,2768450,1498700,0,0,0,0,1037020,0
[E3OURS-CSV] 4,263,2780840,1512070,0,0,0,0,1050470,0
[E3OURS-CSV] 4,264,2726330,1464770,0,0,0,0,1036240,0
[E3OURS-CSV] 4,265,2755170,1492810,0,0,0,0,1044660,0
[E3OURS-CSV] 4,266,2756870,1487850,0,0,0,0,1044230,0
[E3OURS-CSV] 4,267,2735530,1461620,0,0,0,0,1040320,0
[E3OURS-CSV] 4,268,2727150,1475060,0,0,0,0,1026470,0
[E3OURS-CSV] 4,269,2623510,1543700,0,0,0,0,876600,0
[E3OURS-CSV] 4,270,1862040,1016060,0,0,0,0,777600,0
[E3OURS-CSV] 4,271,2707420,1603950,0,0,0,0,900160,0
[E3OURS-CSV] 4,272,2849170,1538260,0,0,0,0,1089580,0
[E3OURS-CSV] 4,273,5425420,3124180,0,0,0,0,2137070,0
[E3OURS-CSV] 4,274,3528980,2421470,0,0,0,0,974610,0
[E3OURS-CSV] 4,275,2262190,1199680,0,0,0,0,880780,0
[E3OURS-CSV] 4,276,2810310,1515380,0,0,0,0,1077260,0
[E3OURS-CSV] 4,277,2745340,1503890,0,0,0,0,1041860,0
[E3OURS-CSV] 4,278,2722120,1481150,0,0,0,0,1026610,0
[E3OURS-CSV] 4,279,2755860,1502970,0,0,0,0,1041690,0
[E3OURS-CSV] 4,280,2777390,1494450,0,0,0,0,1054110,0
[E3OURS-CSV] 4,281,2842850,1536620,0,0,0,0,1097310,0
[E3OURS-CSV] 4,282,2725430,1461380,0,0,0,0,1047560,0
[E3OURS-CSV] 4,283,2767720,1490820,0,0,0,0,1059800,0
[E3OURS-CSV] 4,284,2708640,1603260,0,0,0,0,900000,0
[E3OURS-CSV] 4,285,2738550,1466880,0,0,0,0,1067380,0
[E3OURS-CSV] 4,286,2713990,1455300,0,0,0,0,1044070,0
[E3OURS-CSV] 4,287,3790300,2123240,0,0,0,0,1453860,0
[E3OURS-CSV] 4,288,2601360,1556570,0,0,0,0,862300,0
[E3OURS-CSV] 4,289,2580510,1529520,0,0,0,0,850010,0
[E3OURS-CSV] 4,290,2650110,1567920,0,0,0,0,877790,0
[E3OURS-CSV] 4,291,3658830,2220850,0,0,0,0,1291740,0
[E3OURS-CSV] 4,292,2753520,1496530,0,0,0,0,1049640,0
[E3OURS-CSV] 4,293,6606480,3975080,0,0,0,0,2470800,0
[E3OURS-CSV] 4,294,3364320,2286830,0,0,0,0,936690,0
[E3OURS-CSV] 4,295,1604860,821840,0,0,0,0,658290,0
[E3OURS-CSV] 4,296,3024870,1397100,0,0,0,0,1490970,0
[E3OURS-CSV] 4,297,2748420,1478450,0,0,0,0,1058550,0
[E3OURS-CSV] 4,298,2583010,1475670,0,0,0,0,1013850,0
[E3OURS-CSV] 4,299,3246410,1558030,0,0,0,0,1478260,0
[E3OURS-CSV] 4,300,1804920,1012600,0,0,0,0,627990,0
[E3OURS-CSV] 4,301,3289810,1726550,0,0,0,0,1465720,0
[E3OURS-CSV] 4,302,2866990,1553370,0,0,0,0,1202010,0
[E3OURS-CSV] 4,303,2555360,1432440,0,0,0,0,875170,0
[E3OURS-CSV] 4,304,3201170,1499970,0,0,0,0,1598270,0
[E3OURS-CSV] 4,305,5309020,2847370,0,0,0,0,2295350,0
[E3OURS-CSV] 4,306,5186260,2961170,0,0,0,0,2058320,0
[E3OURS-CSV] 4,307,5190650,2992570,0,0,0,0,2052560,0
[E3OURS-CSV] 4,308,5265330,2789840,0,0,0,0,2087480,0
[E3OURS-CSV] 4,309,3061280,1443680,0,0,0,0,1513750,0
[E3OURS-CSV] 4,310,3242690,1609520,0,0,0,0,1516200,0
[E3OURS-CSV] 4,311,2650990,1506410,0,0,0,0,1044680,0
[E3OURS-CSV] 4,312,2623880,1473950,0,0,0,0,1047620,0
[E3OURS-CSV] 4,313,2605010,1473650,0,0,0,0,1024720,0
[E3OURS-CSV] 4,314,2565670,1427550,0,0,0,0,1040900,0
[E3OURS-CSV] 4,315,2620710,1474780,0,0,0,0,1047560,0
[E3OURS-CSV] 4,316,2628370,1482110,0,0,0,0,1046720,0
[E3OURS-CSV] 4,317,3353020,1900060,0,0,0,0,1372950,0
[E3OURS-CSV] 4,318,2831490,1432960,0,0,0,0,1301690,0
[E3OURS-CSV] 4,319,2561110,1411380,0,0,0,0,1059410,0
[E3OURS-CSV] 4,320,4127560,2279300,0,0,0,0,1709100,0
[E3OURS-CSV] 4,321,3488100,2398000,0,0,0,0,942120,0
[E3OURS-CSV] 4,322,4064730,2293220,0,0,0,0,1620310,0
[E3OURS-CSV] 4,323,5117360,2739220,0,0,0,0,2217310,0
[E3OURS-CSV] 4,324,2573380,1433770,0,0,0,0,1038070,0
[E3OURS-CSV] 4,325,1339420,784970,0,0,0,0,496820,0
[E3OURS-CSV] 4,326,3653450,2164490,0,0,0,0,1372480,0
[E3OURS-CSV] 4,327,2619060,1486580,0,0,0,0,1022200,0
[E3OURS-CSV] 4,328,5194810,2994050,0,0,0,0,2044220,0
[E3OURS-CSV] 4,329,5413280,2894770,0,0,0,0,2333870,0
[E3OURS-CSV] 4,330,2113410,977160,0,0,0,0,1055170,0
[E3OURS-CSV] 4,331,2712180,1384370,0,0,0,0,1221460,0
[E3OURS-CSV] 4,332,5363010,2855590,0,0,0,0,2130390,0
[E3OURS-CSV] 4,333,2666250,1349110,0,0,0,0,1205940,0
[E3OURS-CSV] 4,334,4966370,2905170,0,0,0,0,1896910,0
[E3OURS-CSV] 4,335,2574690,1437200,0,0,0,0,1034910,0
[E3OURS-CSV] 4,336,5240560,3033900,0,0,0,0,2041370,0
[E3OURS-CSV] 4,337,2644670,1337870,0,0,0,0,1195130,0
[E3OURS-CSV] 4,338,5311120,3061240,0,0,0,0,2085780,0
[E3OURS-CSV] 4,339,2641930,1330830,0,0,0,0,1203120,0
[E3OURS-CSV] 4,340,514990,292320,0,0,0,0,192140,0
[E3OURS-CSV] 4,341,2534270,1412670,0,0,0,0,1032470,0
[E3OURS-CSV] 4,342,2475230,1398100,0,0,0,0,991520,0
[E3OURS-CSV] 4,343,2596710,1449570,0,0,0,0,1039200,0
[E3OURS-CSV] 4,344,2629820,1334590,0,0,0,0,1196080,0
[E3OURS-CSV] 4,345,2051180,1158070,0,0,0,0,806460,0
[E3OURS-CSV] 4,346,613310,350360,0,0,0,0,224810,0
[E3OURS-CSV] 4,347,3054990,1497260,0,0,0,0,1445930,0
[E3OURS-CSV] 4,348,2622790,1442250,0,0,0,0,1084810,0
[E3OURS-CSV] 4,349,3959820,2334260,0,0,0,0,1484210,0
[E3OURS-CSV] 4,350,1202160,723540,0,0,0,0,420420,0
[E3OURS-CSV] 4,351,2688010,1354360,0,0,0,0,1228830,0
[E3OURS-CSV] 4,352,3147460,1347030,0,0,0,0,1698560,0
[E3OURS-CSV] 4,353,2770580,1410610,0,0,0,0,1251760,0
[E3OURS-CSV] 4,354,2622360,1340050,0,0,0,0,1171980,0
[E3OURS-CSV] 4,355,1478350,942990,0,0,0,0,471830,0
[E3OURS-CSV] 4,356,5348630,3087640,0,0,0,0,2094840,0
[E3OURS-CSV] 4,357,2731110,1364010,0,0,0,0,1251200,0
[E3OURS-CSV] 4,358,2595010,1446390,0,0,0,0,1053250,0
[E3OURS-CSV] 4,359,2559480,1446200,0,0,0,0,1031290,0
[E3OURS-CSV] 4,360,1456920,772910,0,0,0,0,622340,0
[E3OURS-CSV] 4,361,2631580,1462710,0,0,0,0,1067210,0
[E3OURS-CSV] 4,362,3511810,2024780,0,0,0,0,1342710,0
[E3OURS-CSV] 4,363,2536450,1427600,0,0,0,0,1019660,0
[E3OURS-CSV] 4,364,3063170,1535600,0,0,0,0,1411040,0
[E3OURS-CSV] 4,365,1167960,683540,0,0,0,0,433210,0
[E3OURS-CSV] 4,366,2623830,1501660,0,0,0,0,1015360,0
[E3OURS-CSV] 4,367,2544020,1438520,0,0,0,0,1000870,0
[E3OURS-CSV] 4,368,2558160,1419880,0,0,0,0,1044420,0
[E3OURS-CSV] 4,369,2518480,1375890,0,0,0,0,1053620,0
[E3OURS-CSV] 4,370,1344060,706870,0,0,0,0,577440,0
[E3OURS-CSV] 4,371,3504470,2090180,0,0,0,0,1246820,0
[E3OURS-CSV] 4,372,2840370,1366220,0,0,0,0,1375660,0
[E3OURS-CSV] 4,373,2497020,1385390,0,0,0,0,1020690,0
[E3OURS-CSV] 4,374,2372420,1454950,0,0,0,0,838970,0
[E3OURS-CSV] 4,375,4159720,2405580,0,0,0,0,1603760,0
[E3OURS-CSV] 4,376,3380010,2279250,0,0,0,0,957860,0
[E3OURS-CSV] 4,377,2721190,1380580,0,0,0,0,1260390,0
[E3OURS-CSV] 4,378,2904910,1536700,0,0,0,0,1276270,0
[E3OURS-CSV] 4,379,5982370,3471370,0,0,0,0,2343170,0
[E3OURS-CSV] 4,380,2905820,1376120,0,0,0,0,1416950,0
[E3OURS-CSV] 4,381,3165890,1701220,0,0,0,0,1359440,0
[E3OURS-CSV] 4,382,2527960,1394050,0,0,0,0,1042620,0
[E3OURS-CSV] 4,383,2495260,1388610,0,0,0,0,1017200,0
[E3OURS-CSV] 4,384,3269650,1528530,0,0,0,0,1647160,0
[E3OURS-CSV] 4,385,5152240,2443160,0,0,0,0,2605110,0
[E3OURS-CSV] 4,386,3251080,1589720,0,0,0,0,1545250,0
[E3OURS-CSV] 4,387,2638600,1330250,0,0,0,0,1201000,0
[E3OURS-CSV] 4,388,2673980,1341000,0,0,0,0,1232260,0
[E3OURS-CSV] 4,389,3189650,1557740,0,0,0,0,1531610,0
[E3OURS-CSV] 4,390,2608430,1703750,0,0,0,0,766640,0
[E3OURS-CSV] 4,391,2677590,1351820,0,0,0,0,1221590,0
[E3OURS-CSV] 4,392,2656990,1342420,0,0,0,0,1227960,0
[E3OURS-CSV] 4,393,2653760,1340530,0,0,0,0,1209860,0
[E3OURS-CSV] 4,394,3287190,1684130,0,0,0,0,1501520,0
[E3OURS-CSV] 4,395,1818670,1055420,0,0,0,0,695570,0
[E3OURS-CSV] 4,396,2765080,1388360,0,0,0,0,1268430,0
[E3OURS-CSV] 4,397,2551040,1409180,0,0,0,0,1054140,0
[E3OURS-CSV] 4,398,2558090,1419080,0,0,0,0,1044800,0
[E3OURS-CSV] 4,399,2756160,1392840,0,0,0,0,1276790,0
[E3OURS-CSV] 4,400,4491080,2416900,0,0,0,0,1923570,0
[E3OURS-CSV] 4,401,5129930,2707120,0,0,0,0,2268440,0
[E3OURS-CSV] 4,402,4141140,2423030,0,0,0,0,1566910,0
[E3OURS-CSV] 4,403,2557690,1408550,0,0,0,0,1053350,0
[E3OURS-CSV] 4,404,2519730,1399690,0,0,0,0,1030750,0
[E3OURS-CSV] 4,405,1500090,693460,0,0,0,0,755280,0
[E3OURS-CSV] 4,406,3419990,2175890,0,0,0,0,1094770,0
[E3OURS-CSV] 4,407,2694650,1345630,0,0,0,0,1260830,0
[E3OURS-CSV] 4,408,3161180,1561910,0,0,0,0,1503830,0
[E3OURS-CSV] 4,409,5212540,2991720,0,0,0,0,2075870,0
[E3OURS-CSV] 4,410,1057320,613210,0,0,0,0,395670,0
[E3OURS-CSV] 4,411,4028860,2093100,0,0,0,0,1711410,0
[E3OURS-CSV] 4,412,5115790,2942180,0,0,0,0,2028970,0
[E3OURS-CSV] 4,413,5043830,2687380,0,0,0,0,2212450,0
[E3OURS-CSV] 4,414,3435870,2337110,0,0,0,0,968860,0
[E3OURS-CSV] 4,415,2220490,1241630,0,0,0,0,879740,0
[E3OURS-CSV] 4,416,3372740,2106040,0,0,0,0,1097260,0
[E3OURS-CSV] 4,417,3306570,2217340,0,0,0,0,932430,0
[E3OURS-CSV] 4,418,2477430,1374190,0,0,0,0,1014560,0
[E3OURS-CSV] 4,419,3914860,2079310,0,0,0,0,1676020,0
[E3OURS-CSV] 4,420,2382010,1310740,0,0,0,0,977460,0
[E3OURS-CSV] 4,421,5263830,2989480,0,0,0,0,2109910,0
[E3OURS-CSV] 4,422,2910500,1412840,0,0,0,0,1391530,0
[E3OURS-CSV] 4,423,5324070,2995220,0,0,0,0,2169410,0
[E3OURS-CSV] 4,424,2599840,1327500,0,0,0,0,1181890,0
[E3OURS-CSV] 4,425,2246100,1236710,0,0,0,0,918400,0
[E3OURS-CSV] 4,426,2696810,1360860,0,0,0,0,1216220,0
[E3OURS-CSV] 4,427,2623510,1325800,0,0,0,0,1199870,0
[E3OURS-CSV] 4,428,2782670,1301570,0,0,0,0,1385550,0
[E3OURS-CSV] 4,429,5357550,2881580,0,0,0,0,2307560,0
[E3OURS-CSV] 4,430,2038920,1099300,0,0,0,0,870760,0
[E3OURS-CSV] 4,431,3530190,2060110,0,0,0,0,1331700,0
[E3OURS-CSV] 4,432,2564310,1297580,0,0,0,0,1161540,0
[E3OURS-CSV] 4,433,2577100,1322740,0,0,0,0,1152520,0
[E3OURS-CSV] 4,434,2433270,1350520,0,0,0,0,1005620,0
[E3OURS-CSV] 4,435,1911430,1151660,0,0,0,0,684350,0
[E3OURS-CSV] 4,436,3120980,1428230,0,0,0,0,1578960,0
[E3OURS-CSV] 4,437,2672240,1363910,0,0,0,0,1228780,0
[E3OURS-CSV] 4,438,5215900,2988770,0,0,0,0,2070410,0
[E3OURS-CSV] 4,439,3134400,1911530,0,0,0,0,1114200,0
[E3OURS-CSV] 4,440,2228710,1206480,0,0,0,0,937160,0
[E3OURS-CSV] 4,441,4553170,2603870,0,0,0,0,1788710,0
[E3OURS-CSV] 4,442,2571980,1283220,0,0,0,0,1182530,0
[E3OURS-CSV] 4,443,2447390,1357490,0,0,0,0,998230,0
[E3OURS-CSV] 4,444,2538160,1254830,0,0,0,0,1191810,0
[E3OURS-CSV] 4,445,1448460,860010,0,0,0,0,526440,0
[E3OURS-CSV] 4,446,3112940,1852030,0,0,0,0,1150550,0
[E3OURS-CSV] 4,447,5360590,2841620,0,0,0,0,2352400,0
[E3OURS-CSV] 4,448,2660030,1344080,0,0,0,0,1208270,0
[E3OURS-CSV] 4,449,2648450,1350940,0,0,0,0,1192480,0
[E3OURS-CSV] 4,450,1663730,992590,0,0,0,0,596080,0
[E3OURS-CSV] 4,451,3110240,1880230,0,0,0,0,1123440,0
[E3OURS-CSV] 4,452,5500250,3175190,0,0,0,0,2177030,0
[E3OURS-CSV] 4,453,2835330,1547570,0,0,0,0,1174840,0
[E3OURS-CSV] 4,454,2852410,1355150,0,0,0,0,1380860,0
[E3OURS-CSV] 4,455,620820,349900,0,0,0,0,238540,0
[E3OURS-CSV] 4,456,2598270,1322520,0,0,0,0,1177050,0
[E3OURS-CSV] 4,457,2872400,1370060,0,0,0,0,1417500,0
[E3OURS-CSV] 4,458,2617760,1273700,0,0,0,0,1253640,0
[E3OURS-CSV] 4,459,2665590,1294370,0,0,0,0,1282190,0
[E3OURS-CSV] 4,460,638580,367990,0,0,0,0,239050,0
[E3OURS-CSV] 4,461,2836940,1514410,0,0,0,0,1218320,0
[E3OURS-CSV] 4,462,2657910,1316410,0,0,0,0,1247170,0
[E3OURS-CSV] 4,463,2548500,1278730,0,0,0,0,1169290,0
[E3OURS-CSV] 4,464,2564870,1297710,0,0,0,0,1168950,0
[E3OURS-CSV] 4,465,864850,447120,0,0,0,0,375640,0
[E3OURS-CSV] 4,466,2573270,1315290,0,0,0,0,1149740,0
[E3OURS-CSV] 4,467,4347590,2472830,0,0,0,0,1777760,0
[E3OURS-CSV] 4,468,2498870,1250460,0,0,0,0,1157950,0
[E3OURS-CSV] 4,469,2522060,1241420,0,0,0,0,1185740,0
[E3OURS-CSV] 4,470,996910,512630,0,0,0,0,361710,0
[E3OURS-CSV] 4,471,3273680,1802920,0,0,0,0,1357900,0
[E3OURS-CSV] 4,472,2616610,1301500,0,0,0,0,1205350,0
[E3OURS-CSV] 4,473,2546820,1273230,0,0,0,0,1173270,0
[E3OURS-CSV] 4,474,2424280,1209160,0,0,0,0,1130860,0
[E3OURS-CSV] 4,475,886980,534080,0,0,0,0,307350,0
[E3OURS-CSV] 4,476,5363660,3077550,0,0,0,0,2118620,0
[E3OURS-CSV] 4,477,2596310,1452340,0,0,0,0,1041730,0
[E3OURS-CSV] 4,478,2556250,1265590,0,0,0,0,1190150,0
[E3OURS-CSV] 4,479,2445150,1216950,0,0,0,0,1139540,0
[E3OURS-CSV] 4,480,667690,381090,0,0,0,0,248010,0
[E3OURS-CSV] 4,481,2567670,1455240,0,0,0,0,1006910,0
[E3OURS-CSV] 4,482,2867800,1701970,0,0,0,0,1069570,0
[E3OURS-CSV] 4,483,2574220,1453430,0,0,0,0,1013320,0
[E3OURS-CSV] 4,484,2581450,1274300,0,0,0,0,1211740,0
[E3OURS-CSV] 4,485,1214370,737100,0,0,0,0,414210,0
[E3OURS-CSV] 4,486,3287790,1796940,0,0,0,0,1387680,0
[E3OURS-CSV] 4,487,3037210,1966350,0,0,0,0,966020,0
[E3OURS-CSV] 4,488,2587220,1461500,0,0,0,0,1020460,0
[E3OURS-CSV] 4,489,2797360,1514110,0,0,0,0,1184440,0
[E3OURS-CSV] 4,490,1567450,833390,0,0,0,0,658190,0
[E3OURS-CSV] 4,491,3209220,1655880,0,0,0,0,1445260,0
[E3OURS-CSV] 4,492,2742250,1623500,0,0,0,0,1021090,0
[E3OURS-CSV] 4,493,2557280,1417880,0,0,0,0,1007840,0
[E3OURS-CSV] 4,494,2498730,1249240,0,0,0,0,1158330,0
[E3OURS-CSV] 4,495,886430,525250,0,0,0,0,316370,0
[E3OURS-CSV] 4,496,2855230,1534160,0,0,0,0,1211250,0
[E3OURS-CSV] 4,497,2951000,1752590,0,0,0,0,1101090,0
[E3OURS-CSV] 4,498,2498030,1398890,0,0,0,0,999550,0
[E3OURS-CSV] 4,499,2601280,1473390,0,0,0,0,1012920,0
[E3OURS-SUMMARY] chain_len=4 e2e_avg=3024874 publish_avg=1723316 sched_avg=1175219
