
RTEMS Shell on /dev/console. Use 'help' to list commands.
SHLL [/] # nexus0: <RTEMS Nexus device>
info: lo0: link state changed to UP
=== Exp3inter-ST: Task Chain (n=2) SingleThreadedExecutor ===
Period: 200ms, Rounds: 500
[E3IST-CSV] chain_len,round,e2e_ns,publish_ns,gc_trigger_ns,invoke_cb_ns,getnext_ns,take_data_ns,sched_ns,dispatch_ns
666666
CPP Msg not nullptr
CPP Msg not nullptr
CPP Msg not nullptr
CPP Msg not nullptr
C Msg not NULL
C Msg not NULL
CPP Srv not nullptr
CPP Srv not nullptr
CPP Srv not nullptr
CPP Srv not nullptr
CPP Srv not nullptr
CPP Srv not nullptr
CPP Msg not nullptr
CPP Msg not nullptr
CPP Msg not nullptr
CPP Msg not nullptr
CPP Msg not nullptr
CPP Msg not nullptr
C Msg not NULL
C Msg not NULL
CPP Srv not nullptr
CPP Srv not nullptr
CPP Srv not nullptr
CPP Srv not nullptr
CPP Srv not nullptr
CPP Srv not nullptr
CPP Msg not nullptr
CPP Msg not nullptr
CPP Msg not nullptr
CPP Msg not nullptr
CPP Msg not nullptr
CPP Msg not nullptr
[E3IST-CSV] 2,0,19945380,17092430,0,0,32990,0,1825780,1762142329
[E3IST-CSV] 2,1,8596950,3438990,0,0,175930,0,5075820,1946320659
[E3IST-CSV] 2,2,7723250,2603380,0,0,179120,0,5042330,2145330769
[E3IST-CSV] 2,3,6160420,2498220,0,0,33910,0,3581480,2344202219
[E3IST-CSV] 2,4,5705970,2797640,0,0,33610,0,2818300,2543298969
[E3IST-CSV] 2,5,7961160,2786960,0,0,173800,0,5080840,2745600409
[E3IST-CSV] 2,6,7256220,2409400,0,0,146710,0,4755280,2945312829
[E3IST-CSV] 2,7,8551490,2869010,0,0,169130,0,5587760,3146185899
[E3IST-CSV] 2,8,7958000,2702200,0,0,179690,0,5163300,3345621099
[E3IST-CSV] 2,9,7828790,2712790,0,0,172040,0,5020960,3545473089
[E3IST-CSV] 2,10,7827340,2722120,0,0,174840,0,5017600,3745463669
[E3IST-CSV] 2,11,7818070,2677570,0,0,174950,0,5030180,3945418819
[E3IST-CSV] 2,12,7804070,2660810,0,0,175120,0,5058830,4145325879
[E3IST-CSV] 2,13,7822720,2660950,0,0,177910,0,5064660,4345456969
[E3IST-CSV] 2,14,3282840,1028030,0,0,85810,0,2216330,4539725509
[E3IST-CSV] 2,15,7411200,2774100,0,0,173420,0,4544150,4745070209
[E3IST-CSV] 2,16,7992970,2726270,0,0,174590,0,5161140,4945652589
[E3IST-CSV] 2,17,7834730,2705150,0,0,171600,0,5044120,5145326849
[E3IST-CSV] 2,18,7782720,2811680,0,0,172960,0,4889870,5346443599
[E3IST-CSV] 2,19,5715100,2664930,0,0,32270,0,2959030,5543429239
[E3IST-CSV] 2,20,7742990,2731890,0,0,164900,0,4921040,5745393199
[E3IST-CSV] 2,21,8066850,2880450,0,0,169520,0,5100620,5946670189
[E3IST-CSV] 2,22,8011720,2778480,0,0,172840,0,5144520,6146554619
[E3IST-CSV] 2,23,8291050,2700890,0,0,184120,0,5500600,6346010289
[E3IST-CSV] 2,24,7890420,2632640,0,0,175900,0,5169980,6546405649
[E3IST-CSV] 2,25,7723300,2649350,0,0,173740,0,4988090,6745211939
[E3IST-CSV] 2,26,7731350,2598320,0,0,175620,0,5047010,6945279739
[E3IST-CSV] 2,27,7838410,2666750,0,0,170400,0,5079300,7145355879
[E3IST-CSV] 2,28,7858840,2692660,0,0,173790,0,5079000,7346454959
[E3IST-CSV] 2,29,2663660,1034590,0,0,53520,0,1587560,7539126899
[E3IST-CSV] 2,30,7960130,2830080,0,0,174970,0,5036480,7745470679
[E3IST-CSV] 2,31,7786010,2586730,0,0,170090,0,4957770,7945530289
[E3IST-CSV] 2,32,7737620,2616530,0,0,172660,0,5037260,8145227599
[E3IST-CSV] 2,33,7917340,2661160,0,0,172870,0,5171820,8345586499
[E3IST-CSV] 2,34,2764360,976830,0,0,148390,0,1746910,8539261399
[E3IST-CSV] 2,35,7771880,2709670,0,0,172830,0,4968870,8745276539
[E3IST-CSV] 2,36,7918500,2626820,0,0,181370,0,5200680,8945492039
[E3IST-CSV] 2,37,7842510,2720920,0,0,177320,0,5023200,9145364969
[E3IST-CSV] 2,38,7844190,2639230,0,0,175920,0,5120890,9345298729
[E3IST-CSV] 2,39,6268510,2750750,0,0,32680,0,3424480,9544856179
[E3IST-CSV] 2,40,5553760,2713060,0,0,42470,0,2744130,9743097309
[E3IST-CSV] 2,41,7774880,2643750,0,0,173490,0,5035880,9945291929
[E3IST-CSV] 2,42,7836490,2657360,0,0,173420,0,5095770,10146310219
[E3IST-CSV] 2,43,7982300,2761720,0,0,173370,0,5119680,10346520929
[E3IST-CSV] 2,44,6989570,2058280,0,0,339330,0,4868430,10543982609
[E3IST-CSV] 2,45,7813380,2518030,0,0,177430,0,5037430,10745517499
[E3IST-CSV] 2,46,7776850,2636340,0,0,172110,0,5057090,10945240919
[E3IST-CSV] 2,47,7816690,2693050,0,0,172260,0,5039200,11145286719
[E3IST-CSV] 2,48,7741750,2629220,0,0,175070,0,5031620,11345309729
[E3IST-CSV] 2,49,3483550,1189960,0,0,74350,0,2248850,11539967099
[E3IST-CSV] 2,50,7232110,2431900,0,0,329620,0,4715640,11744736269
[E3IST-CSV] 2,51,8188100,2946530,0,0,178160,0,5158720,11946628549
[E3IST-CSV] 2,52,7936180,2747730,0,0,174480,0,5092250,12145423039
[E3IST-CSV] 2,53,7931740,2711350,0,0,204100,0,5127760,12346459369
[E3IST-CSV] 2,54,7615560,2805550,0,0,426090,0,4717700,12545189609
[E3IST-CSV] 2,55,8125090,2696970,0,0,170550,0,5337480,12745605149
[E3IST-CSV] 2,56,7781540,2643390,0,0,178170,0,5052940,12946290449
[E3IST-CSV] 2,57,7732830,2679560,0,0,174380,0,4965330,13145182089
[E3IST-CSV] 2,58,7758680,2651790,0,0,172510,0,5021390,13345239039
[E3IST-CSV] 2,59,5936650,3201820,0,0,51060,0,2642670,13545038299
[E3IST-CSV] 2,60,8061990,2804560,0,0,169980,0,5158150,13745429109
[E3IST-CSV] 2,61,7861470,2679090,0,0,175370,0,5092840,13945410959
[E3IST-CSV] 2,62,7861350,2694690,0,0,168340,0,5076660,14145292729
[E3IST-CSV] 2,63,7760310,2661860,0,0,168800,0,5014370,14346353599
[E3IST-CSV] 2,64,4527430,1477760,0,0,111730,0,2999390,14542098889
[E3IST-CSV] 2,65,5408040,2645820,0,0,32310,0,2675570,14742855619
[E3IST-CSV] 2,66,7934290,2747340,0,0,172330,0,5088590,14945407939
[E3IST-CSV] 2,67,7791540,2499740,0,0,166370,0,5023980,15145466329
[E3IST-CSV] 2,68,8154220,2743400,0,0,326070,0,5317410,15346705769
[E3IST-CSV] 2,69,2992080,1021870,0,0,75490,0,1926970,15540462339
[E3IST-CSV] 2,70,7788250,2953450,0,0,149400,0,4746550,15745254539
[E3IST-CSV] 2,71,8759600,2900850,0,0,205630,0,5767510,15946269689
[E3IST-CSV] 2,72,7956950,2851620,0,0,171190,0,5013570,16146416909
[E3IST-CSV] 2,73,8025220,2740510,0,0,170670,0,5190920,16346534609
[E3IST-CSV] 2,74,8057940,2738190,0,0,172230,0,5233660,16546416969
[E3IST-CSV] 2,75,7766350,2672720,0,0,174320,0,5007970,16746197209
[E3IST-CSV] 2,76,7376840,2578200,0,0,323020,0,4723000,16945709049
[E3IST-CSV] 2,77,7645690,2624430,0,0,171390,0,4936910,17146056569
[E3IST-CSV] 2,78,7663690,2584050,0,0,173190,0,5002710,17346133479
[E3IST-CSV] 2,79,7848910,2698550,0,0,174100,0,5064250,17546283069
[E3IST-CSV] 2,80,7935550,2719620,0,0,175710,0,5119000,17746423609
[E3IST-CSV] 2,81,8031800,2769240,0,0,176950,0,5175820,17946475279
[E3IST-CSV] 2,82,6960000,2791380,0,0,65360,0,4062690,18145508769
[E3IST-CSV] 2,83,7478560,2509120,0,0,147560,0,4726950,18345133479
[E3IST-CSV] 2,84,5329740,1982780,0,0,33630,0,3283340,18543283959
[E3IST-CSV] 2,85,5757230,2672760,0,0,32520,0,2999500,18743133619
[E3IST-CSV] 2,86,8235990,2524430,0,0,347650,0,5470570,18945902479
[E3IST-CSV] 2,87,7739860,2655460,0,0,172020,0,4995340,19146178959
[E3IST-CSV] 2,88,7564630,2589060,0,0,332130,0,4898090,19345892299
[E3IST-CSV] 2,89,7763960,2662730,0,0,176420,0,5014770,19546225689
[E3IST-CSV] 2,90,7745470,2666550,0,0,169480,0,4990360,19745153829
[E3IST-CSV] 2,91,8179520,2693190,0,0,244950,0,5399620,19945576199
[E3IST-CSV] 2,92,7231950,2421630,0,0,144940,0,4723630,20146183449
[E3IST-CSV] 2,93,7660460,2640150,0,0,172980,0,4937960,20345122719
[E3IST-CSV] 2,94,4615830,1492840,0,0,112820,0,3073880,20542150889
[E3IST-CSV] 2,95,6056640,2778140,0,0,33140,0,3188900,20744462719
[E3IST-CSV] 2,96,7617720,2449290,0,0,171580,0,4923610,20945214789
[E3IST-CSV] 2,97,7809460,2628960,0,0,170900,0,5094950,21146213119
[E3IST-CSV] 2,98,8181030,2711820,0,0,178150,0,5384790,21346605679
[E3IST-CSV] 2,99,5806610,2782580,0,0,32190,0,2935460,21543173579
[E3IST-CSV] 2,100,7712100,2700180,0,0,169020,0,4919950,21745121589
[E3IST-CSV] 2,101,7728130,2683040,0,0,170050,0,4950510,21945122489
[E3IST-CSV] 2,102,7644230,2599040,0,0,174770,0,4960460,22145983849
[E3IST-CSV] 2,103,7987310,2628380,0,0,168850,0,5269140,22346344169
[E3IST-CSV] 2,104,2928330,967400,0,0,163130,0,1920100,22539195269
[E3IST-CSV] 2,105,6206330,2640290,0,0,41480,0,3483650,22743562019
[E3IST-CSV] 2,106,7965960,2939060,0,0,170090,0,4942210,22946297509
[E3IST-CSV] 2,107,7651060,2609960,0,0,182800,0,4957620,23145995059
[E3IST-CSV] 2,108,7819070,2676480,0,0,167740,0,5057880,23346326629
[E3IST-CSV] 2,109,5419120,2094910,0,0,98220,0,3255710,23543216619
[E3IST-CSV] 2,110,7755470,2703910,0,0,170710,0,4959880,23745139889
[E3IST-CSV] 2,111,7666800,2633280,0,0,177410,0,4949840,23945973019
[E3IST-CSV] 2,112,7944230,2752220,0,0,169110,0,5102150,24146323879
[E3IST-CSV] 2,113,7862040,2748440,0,0,174250,0,5023670,24346278229
[E3IST-CSV] 2,114,6185300,2318490,0,0,36770,0,3789370,24544724669
[E3IST-CSV] 2,115,7411930,2672540,0,0,157410,0,4651150,24744826899
[E3IST-CSV] 2,116,7760950,2676290,0,0,166470,0,4992880,24946106789
[E3IST-CSV] 2,117,7599520,2613850,0,0,180890,0,4900230,25145934099
[E3IST-CSV] 2,118,8064710,2793530,0,0,182090,0,5179910,25346398279
[E3IST-CSV] 2,119,6221700,2270100,0,0,180760,0,3873530,25544255979
[E3IST-CSV] 2,120,7615780,2543250,0,0,163840,0,4975370,25745517759
[E3IST-CSV] 2,121,7812100,2681680,0,0,172390,0,5038070,25946329709
[E3IST-CSV] 2,122,8890630,3117780,0,0,195850,0,5374810,26149411289
[E3IST-CSV] 2,123,8916850,3773090,0,0,172080,0,5011050,26349308559
[E3IST-CSV] 2,124,7539470,2592640,0,0,337420,0,4855540,26545881549
[E3IST-CSV] 2,125,7847110,2676040,0,0,173670,0,5076460,26746312739
[E3IST-CSV] 2,126,8102110,2911610,0,0,168900,0,5107210,26945412169
[E3IST-CSV] 2,127,7799320,2753230,0,0,171460,0,4925550,27146160339
[E3IST-CSV] 2,128,7777710,2591490,0,0,170110,0,4952190,27346327809
[E3IST-CSV] 2,129,7949340,2618720,0,0,312750,0,5089780,27546556989
[E3IST-CSV] 2,130,7924240,2677370,0,0,170390,0,5161290,27745288499
[E3IST-CSV] 2,131,7935750,2656400,0,0,206990,0,5186210,27946234429
[E3IST-CSV] 2,132,7606430,2595210,0,0,335560,0,4931770,28144851739
[E3IST-CSV] 2,133,7708970,2638090,0,0,171860,0,4983520,28346091719
[E3IST-CSV] 2,134,3021160,1333560,0,0,55350,0,1619980,28540722639
[E3IST-CSV] 2,135,7999170,2884740,0,0,175840,0,4980750,28745365169
[E3IST-CSV] 2,136,8022020,2892840,0,0,177820,0,5042730,28945360949
[E3IST-CSV] 2,137,7665090,2631630,0,0,183130,0,4949750,29145948209
[E3IST-CSV] 2,138,7799760,2712930,0,0,170470,0,4995130,29346273379
[E3IST-CSV] 2,139,1476970,536580,0,0,32180,0,914730,29538457499
[E3IST-CSV] 2,140,7087100,2653520,0,0,125660,0,4347410,29744459849
[E3IST-CSV] 2,141,7231060,2642540,0,0,175050,0,4501700,29944578029
[E3IST-CSV] 2,142,7861330,2673460,0,0,171940,0,5098920,30145148899
[E3IST-CSV] 2,143,7748830,2554050,0,0,172710,0,4963490,30346275549
[E3IST-CSV] 2,144,2178690,887540,0,0,47000,0,1253010,30539521789
[E3IST-CSV] 2,145,7795180,2666200,0,0,167620,0,5041460,30745122949
[E3IST-CSV] 2,146,7774030,2721130,0,0,169620,0,4963270,30946062789
[E3IST-CSV] 2,147,5860150,2372260,0,0,32360,0,3236310,31144366339
[E3IST-CSV] 2,148,7302440,2551050,0,0,316230,0,4671030,31344544149
[E3IST-CSV] 2,149,1541780,631210,0,0,31920,0,884020,31538535769
[E3IST-CSV] 2,150,6266300,2495390,0,0,33140,0,3523620,31744824919
[E3IST-CSV] 2,151,7681630,2621310,0,0,183720,0,4974450,31944910509
[E3IST-CSV] 2,152,7313480,2525120,0,0,165190,0,4710750,32145466929
[E3IST-CSV] 2,153,7746220,2675140,0,0,171710,0,4983850,32346161669
[E3IST-CSV] 2,154,1790880,648020,0,0,40670,0,1118250,32538745609
[E3IST-CSV] 2,155,11658460,5666130,0,0,323160,0,5868000,32749776729
[E3IST-CSV] 2,156,4955090,2792850,0,0,31920,0,2071130,32942245129
[E3IST-CSV] 2,157,7607340,2581500,0,0,175410,0,4945270,33144857429
[E3IST-CSV] 2,158,7168610,3642870,0,0,114700,0,3394780,33346428409
[E3IST-CSV] 2,159,6601680,2119570,0,0,143880,0,4407710,33544746619
[E3IST-CSV] 2,160,7897320,2783250,0,0,167780,0,5018790,33745148709
[E3IST-CSV] 2,161,7762810,2857150,0,0,165250,0,4816100,33947056399
[E3IST-CSV] 2,162,5286300,2582040,0,0,32300,0,2618420,34143512339
[E3IST-CSV] 2,163,7727760,2702860,0,0,181350,0,4939920,34344959139
[E3IST-CSV] 2,164,2286770,936160,0,0,32320,0,1308900,34539650689
[E3IST-CSV] 2,165,7771100,2712520,0,0,173030,0,4963690,34745068819
[E3IST-CSV] 2,166,8070520,2754180,0,0,173670,0,5231390,34946400439
[E3IST-CSV] 2,167,7868550,2639300,0,0,188230,0,5145160,35146062719
[E3IST-CSV] 2,168,7690400,2618210,0,0,172080,0,4987090,35346061089
[E3IST-CSV] 2,169,2700480,1041770,0,0,55250,0,1617010,35540058199
[E3IST-CSV] 2,170,7784800,2609500,0,0,166380,0,5073190,35746468149
[E3IST-CSV] 2,171,5643670,2285370,0,0,115800,0,3269540,35944433699
[E3IST-CSV] 2,172,7698850,2695830,0,0,183130,0,4924570,36144897319
[E3IST-CSV] 2,173,7762240,2718420,0,0,192440,0,4960610,36345967929
[E3IST-CSV] 2,174,2865420,1165570,0,0,57040,0,1648980,36540650209
[E3IST-CSV] 2,175,11278060,5166600,0,0,161000,0,5965730,36750474059
[E3IST-CSV] 2,176,11439210,5524540,0,0,317900,0,5770680,36950745779
[E3IST-CSV] 2,177,4625350,3017790,0,0,55430,0,1466830,37143901569
[E3IST-CSV] 2,178,11660070,5031530,0,0,133500,0,6492070,37350785189
[E3IST-CSV] 2,179,2757280,1195430,0,0,54750,0,1513980,37540110169
[E3IST-CSV] 2,180,9401900,4348750,0,0,167620,0,4964660,37747191949
[E3IST-CSV] 2,181,7935990,2908580,0,0,180730,0,4936180,37946999519
[E3IST-CSV] 2,182,7824870,2692390,0,0,171100,0,5043600,38146058989
[E3IST-CSV] 2,183,7746730,2694980,0,0,173120,0,4968600,38345120359
[E3IST-CSV] 2,184,3439140,1350200,0,0,77420,0,2028550,38542081969
[E3IST-CSV] 2,185,7952180,2772720,0,0,172630,0,5089720,38745169039
[E3IST-CSV] 2,186,5525450,2664750,0,0,35560,0,2774690,38943783469
[E3IST-CSV] 2,187,8642050,3608320,0,0,171200,0,4889750,39147836279
[E3IST-CSV] 2,188,7604170,2585700,0,0,173840,0,4937570,39345772189
[E3IST-CSV] 2,189,3238210,1331920,0,0,62450,0,1848640,39540980779
[E3IST-CSV] 2,190,7324740,5459340,0,0,32530,0,1721220,39746614949
[E3IST-CSV] 2,191,6456960,2881000,0,0,31980,0,3478130,39945315429
[E3IST-CSV] 2,192,6990300,2467880,0,0,167370,0,4283420,40144471099
[E3IST-CSV] 2,193,7999230,2859640,0,0,175140,0,5054570,40345228959
[E3IST-CSV] 2,194,4112090,1562120,0,0,80300,0,2493070,40541773779
[E3IST-CSV] 2,195,12998710,5378490,0,0,197840,0,7479070,40753237909
[E3IST-CSV] 2,196,10698140,2711710,0,0,425090,0,7899260,40948955369
[E3IST-CSV] 2,197,7874670,2709460,0,0,185710,0,5080450,41146045839
[E3IST-CSV] 2,198,7672820,2620950,0,0,181980,0,4972820,41345974749
[E3IST-CSV] 2,199,1909180,774110,0,0,36950,0,1100280,41539242259
[E3IST-CSV] 2,200,7898370,2695730,0,0,168750,0,5112410,41745075489
[E3IST-CSV] 2,201,7812390,2684050,0,0,182700,0,5041470,41946036959
[E3IST-CSV] 2,202,6182930,2462270,0,0,32250,0,3470210,42144583169
[E3IST-CSV] 2,203,7337260,2552460,0,0,315810,0,4704080,42344434879
[E3IST-CSV] 2,204,3035380,964170,0,0,78800,0,2034870,42540121049
[E3IST-CSV] 2,205,7884540,2720190,0,0,170930,0,5072980,42746073739
[E3IST-CSV] 2,206,7785580,2717160,0,0,185870,0,4980370,42945973199
[E3IST-CSV] 2,207,4766490,2566360,0,0,32090,0,2116130,43142881819
[E3IST-CSV] 2,208,7592950,2549490,0,0,321170,0,4961530,43344674749
[E3IST-CSV] 2,209,2261050,918860,0,0,43640,0,1298500,43539428479
[E3IST-CSV] 2,210,8967380,3590440,0,0,170940,0,5228160,43748147409
[E3IST-CSV] 2,211,9135100,2636320,0,0,166570,0,6410970,43947283889
[E3IST-CSV] 2,212,5296840,2507440,0,0,31930,0,2713200,44143356869
[E3IST-CSV] 2,213,7943750,2572660,0,0,193130,0,5287480,44345171749
[E3IST-CSV] 2,214,2775610,1070930,0,0,59930,0,1655410,44540032309
[E3IST-CSV] 2,215,8430140,3208970,0,0,180900,0,4858880,44746835449
[E3IST-CSV] 2,216,7525090,2556120,0,0,327270,0,4886990,44945668199
[E3IST-CSV] 2,217,7501600,2528390,0,0,322630,0,4892520,45145637999
[E3IST-CSV] 2,218,7541060,2586140,0,0,317040,0,4874700,45345672859
[E3IST-CSV] 2,219,3291280,1349600,0,0,64780,0,1874890,45540959599
[E3IST-CSV] 2,220,7667830,2686590,0,0,198950,0,4894150,45745797819
[E3IST-CSV] 2,221,5998930,2402100,0,0,104220,0,3512800,45944155569
[E3IST-CSV] 2,222,7907790,2799110,0,0,170530,0,5022640,46145042159
[E3IST-CSV] 2,223,7717060,2693400,0,0,171370,0,4937280,46345830889
[E3IST-CSV] 2,224,3592630,1545690,0,0,49460,0,1982860,46541394089
[E3IST-CSV] 2,225,8423510,2833210,0,0,322040,0,5504580,46745612589
[E3IST-CSV] 2,226,8006490,2679620,0,0,189930,0,5230110,46946114519
[E3IST-CSV] 2,227,7794200,2639490,0,0,184550,0,5043920,47145965979
[E3IST-CSV] 2,228,7669620,2536210,0,0,172550,0,5047930,47346274509
[E3IST-CSV] 2,229,3304410,1255740,0,0,140450,0,1994400,47540813989
[E3IST-CSV] 2,230,8099220,2959170,0,0,164360,0,5052560,47745256449
[E3IST-CSV] 2,231,7740680,2675490,0,0,171960,0,4976020,47944813799
[E3IST-CSV] 2,232,7710440,2651840,0,0,182490,0,4971480,48145847939
[E3IST-CSV] 2,233,7860430,2757950,0,0,182790,0,5013410,48346025319
[E3IST-CSV] 2,234,2940390,946330,0,0,196500,0,1950970,48539913439
[E3IST-CSV] 2,235,8239270,2771340,0,0,379600,0,5370330,48745388379
[E3IST-CSV] 2,236,7621410,2629840,0,0,173700,0,4907930,48945676359
[E3IST-CSV] 2,237,8104290,2665220,0,0,166030,0,5350490,49146269729
[E3IST-CSV] 2,238,7861010,2785500,0,0,179960,0,4989460,49346003509
[E3IST-CSV] 2,239,3461840,1468170,0,0,76180,0,1931010,49541139389
[E3IST-CSV] 2,240,10688550,5494630,0,0,168590,0,5049030,49749842469
[E3IST-CSV] 2,241,6774390,2756650,0,0,112590,0,3933310,49944891489
[E3IST-CSV] 2,242,9124730,2643190,0,0,299280,0,6401940,50147170189
[E3IST-CSV] 2,243,7734200,2656350,0,0,178140,0,4998520,50345901389
[E3IST-CSV] 2,244,3997600,1726200,0,0,67470,0,2202500,50541831029
[E3IST-CSV] 2,245,8871630,3313350,0,0,177550,0,5468860,50746075019
[E3IST-CSV] 2,246,6326130,2523150,0,0,34220,0,3557760,50944649249
[E3IST-CSV] 2,247,7668630,2644980,0,0,173220,0,4945420,51144717539
[E3IST-CSV] 2,248,7762940,2668250,0,0,179550,0,5007220,51345914029
[E3IST-CSV] 2,249,4148900,1759480,0,0,77690,0,2317240,51542175459
[E3IST-CSV] 2,250,7966830,2914190,0,0,170080,0,4942930,51746862359
[E3IST-CSV] 2,251,5159540,2606770,0,0,32740,0,2468360,51943241879
[E3IST-CSV] 2,252,7716030,2632920,0,0,172270,0,4998960,52144812489
[E3IST-CSV] 2,253,9474240,4146470,0,0,349430,0,5180500,52349546209
[E3IST-CSV] 2,254,2370210,837420,0,0,71830,0,1501520,52539256419
[E3IST-CSV] 2,255,7924720,2748340,0,0,173010,0,5088060,52746089929
[E3IST-CSV] 2,256,12051280,5130310,0,0,166070,0,6777880,52952101129
[E3IST-CSV] 2,257,7652140,2659360,0,0,171920,0,4915240,53144650599
[E3IST-CSV] 2,258,7851260,2751970,0,0,172240,0,5016070,53346074499
[E3IST-CSV] 2,259,2722170,1057960,0,0,57930,0,1620730,53539913299
[E3IST-CSV] 2,260,7863350,2728370,0,0,193480,0,5046890,53745008899
[E3IST-CSV] 2,261,11783060,5461140,0,0,147310,0,6166440,53951900559
[E3IST-CSV] 2,262,7647770,2655550,0,0,170590,0,4912570,54144687759
[E3IST-CSV] 2,263,7997130,2768900,0,0,173630,0,5137230,54346147339
[E3IST-CSV] 2,264,2778480,1379750,0,0,31740,0,1337310,54540308439
[E3IST-CSV] 2,265,8090890,2762350,0,0,167050,0,5230970,54746054169
[E3IST-CSV] 2,266,12036270,5180200,0,0,194270,0,6714180,54952021799
[E3IST-CSV] 2,267,8140970,2704110,0,0,167900,0,5346450,55146203569
[E3IST-CSV] 2,268,7626560,2858370,0,0,319960,0,4679610,55346334469
[E3IST-CSV] 2,269,2414510,798860,0,0,68750,0,1585530,55539227989
[E3IST-CSV] 2,270,9521240,4337830,0,0,341250,0,5041150,55749588839
[E3IST-CSV] 2,271,7732030,2631220,0,0,181690,0,5015760,55945918479
[E3IST-CSV] 2,272,7844420,2710150,0,0,180010,0,5038800,56145888569
[E3IST-CSV] 2,273,7877670,2836340,0,0,170760,0,4953880,56346045339
[E3IST-CSV] 2,274,4872580,1997690,0,0,82680,0,2740950,56542769729
[E3IST-CSV] 2,275,8076090,2718710,0,0,184670,0,5269730,56745161539
[E3IST-CSV] 2,276,7637360,2658900,0,0,171510,0,4896360,56945611559
[E3IST-CSV] 2,277,7894120,2741430,0,0,183370,0,5059130,57145943379
[E3IST-CSV] 2,278,5633820,2511220,0,0,34280,0,3026910,57344123729
[E3IST-CSV] 2,279,7314880,2564620,0,0,145870,0,4668900,57544270149
[E3IST-CSV] 2,280,7782980,2705000,0,0,186660,0,4979480,57745920969
[E3IST-CSV] 2,281,7735810,3052770,0,0,316630,0,4422900,57947002979
[E3IST-CSV] 2,282,7018180,2759870,0,0,39470,0,4151670,58144901989
[E3IST-CSV] 2,283,6382940,2784180,0,0,32550,0,3508270,58344053649
[E3IST-CSV] 2,284,8059390,3620310,0,0,258790,0,4278460,58547102259
[E3IST-CSV] 2,285,7879890,2780860,0,0,177910,0,5008270,58744996499
[E3IST-CSV] 2,286,7726290,2684360,0,0,176140,0,4954470,58945844759
[E3IST-CSV] 2,287,7634550,2596570,0,0,172600,0,4953360,59145644389
[E3IST-CSV] 2,288,7644670,2613520,0,0,170140,0,4951000,59345766379
[E3IST-CSV] 2,289,2055900,1153880,0,0,31630,0,823270,59540035709
[E3IST-CSV] 2,290,8045290,2744520,0,0,185340,0,5201230,59745163819
[E3IST-CSV] 2,291,7828760,2657110,0,0,178150,0,5086390,59945868659
[E3IST-CSV] 2,292,7611420,2580060,0,0,326680,0,4953670,60145564639
[E3IST-CSV] 2,293,7122940,3034370,0,0,33180,0,3978630,60347183189
[E3IST-CSV] 2,294,7877000,2684110,0,0,184540,0,5110160,60544906759
[E3IST-CSV] 2,295,9601870,4123990,0,0,357550,0,5333790,60749612489
[E3IST-CSV] 2,296,7843910,2705670,0,0,174340,0,5055770,60945814369
[E3IST-CSV] 2,297,7826310,2630570,0,0,173590,0,5108580,61145853409
[E3IST-CSV] 2,298,7907240,2672990,0,0,182580,0,5146660,61345976749
[E3IST-CSV] 2,299,7826500,2688350,0,0,172470,0,5057340,61545801999
[E3IST-CSV] 2,300,5412530,2577500,0,0,32600,0,2604820,61743654129
[E3IST-CSV] 2,301,12807050,5449440,0,0,372400,0,7213520,61951810659
[E3IST-CSV] 2,302,7711000,2687650,0,0,171600,0,4937310,62145608549
[E3IST-CSV] 2,303,7701980,2586740,0,0,175710,0,5034700,62344809969
[E3IST-CSV] 2,304,5815250,4174010,0,0,55710,0,1484530,62545723479
[E3IST-CSV] 2,305,12232880,5490530,0,0,187110,0,6586240,62752146889
[E3IST-CSV] 2,306,7843250,2743620,0,0,168270,0,5014510,62945797319
[E3IST-CSV] 2,307,7819250,2857960,0,0,168900,0,4876940,63146523289
[E3IST-CSV] 2,308,7920840,2660710,0,0,183930,0,5171240,63345915629
[E3IST-CSV] 2,309,5269960,3846630,0,0,32380,0,1280630,63545223289
[E3IST-CSV] 2,310,7962590,2747250,0,0,179220,0,5125690,63745997979
[E3IST-CSV] 2,311,7800660,2608050,0,0,172790,0,5106470,63945800419
[E3IST-CSV] 2,312,7771270,2623440,0,0,170750,0,5062250,64145708259
[E3IST-CSV] 2,313,7699350,2883160,0,0,166200,0,4723380,64347154339
[E3IST-CSV] 2,314,7863900,2682980,0,0,174880,0,5095230,64545825879
[E3IST-CSV] 2,315,11648030,5455160,0,0,169150,0,6047860,64750590599
[E3IST-CSV] 2,316,8052160,2861380,0,0,184560,0,5107460,64945990649
[E3IST-CSV] 2,317,7589910,2596460,0,0,322390,0,4903130,65145451799
[E3IST-CSV] 2,318,7884120,2692640,0,0,181740,0,5111400,65345972109
[E3IST-CSV] 2,319,7545080,2555480,0,0,313630,0,4900870,65545402589
[E3IST-CSV] 2,320,8363820,3065190,0,0,323610,0,5200740,65746206299
[E3IST-CSV] 2,321,7789840,2610120,0,0,175430,0,5097010,65945815019
[E3IST-CSV] 2,322,7669270,2608240,0,0,170160,0,4983390,66145608189
[E3IST-CSV] 2,323,9513430,2887020,0,0,326250,0,6530350,66347493199
[E3IST-CSV] 2,324,7771120,2647040,0,0,176930,0,5023710,66545678989
[E3IST-CSV] 2,325,8687830,2736620,0,0,194370,0,5864660,66746671229
[E3IST-CSV] 2,326,7875060,2658700,0,0,170280,0,5127120,66945891049
[E3IST-CSV] 2,327,7862020,2842490,0,0,173630,0,4920850,67146658229
[E3IST-CSV] 2,328,8090620,2564320,0,0,331160,0,5222390,67346219629
[E3IST-CSV] 2,329,10891630,2770360,0,0,321610,0,8033970,67548870269
[E3IST-CSV] 2,330,10170710,3510850,0,0,311440,0,6570970,67748168229
[E3IST-CSV] 2,331,7821800,2658280,0,0,172000,0,5078460,67945769839
[E3IST-CSV] 2,332,7975280,2782490,0,0,182800,0,5094910,68146013259
[E3IST-CSV] 2,333,7884560,2544070,0,0,182970,0,5089340,68346005379
[E3IST-CSV] 2,334,7836490,2664070,0,0,173380,0,5086620,68545777159
[E3IST-CSV] 2,335,8192230,2971000,0,0,174190,0,5107580,68746661469
[E3IST-CSV] 2,336,10018000,4768980,0,0,177280,0,5083550,68949882809
[E3IST-CSV] 2,337,11054900,5073120,0,0,179710,0,5823280,69150938259
[E3IST-CSV] 2,338,5295480,2928930,0,0,32100,0,2271680,69344010539
[E3IST-CSV] 2,339,7728910,2571670,0,0,176490,0,5071060,69545638599
[E3IST-CSV] 2,340,8095690,2967560,0,0,174090,0,5032740,69746640269
[E3IST-CSV] 2,341,7859690,2718490,0,0,177230,0,5051620,69945801279
[E3IST-CSV] 2,342,7858080,2709170,0,0,181120,0,5059620,70145834199
[E3IST-CSV] 2,343,7933200,2723790,0,0,181710,0,5116740,70345960759
[E3IST-CSV] 2,344,12308200,5462140,0,0,195750,0,6681810,70552170309
[E3IST-CSV] 2,345,8544090,2935320,0,0,173000,0,5382050,70746503059
[E3IST-CSV] 2,346,8452960,3023080,0,0,349580,0,5340860,70946420169
[E3IST-CSV] 2,347,7562220,2580560,0,0,325780,0,4901750,71145401279
[E3IST-CSV] 2,348,7843320,2697800,0,0,179630,0,5057510,71345873149
[E3IST-CSV] 2,349,5776430,2851080,0,0,33880,0,2836570,71544500369
[E3IST-CSV] 2,350,7959330,2758600,0,0,176470,0,5105810,71745940939
[E3IST-CSV] 2,351,7872100,2716870,0,0,174480,0,5061600,71945718969
[E3IST-CSV] 2,352,7721940,2640250,0,0,172730,0,4992240,72145701419
[E3IST-CSV] 2,353,12555910,5370770,0,0,495300,0,7018340,72352478139
[E3IST-CSV] 2,354,7749070,2704590,0,0,171430,0,4956530,72545605879
[E3IST-CSV] 2,355,7977500,2796710,0,0,172520,0,5080400,72745892849
[E3IST-CSV] 2,356,8214140,2728110,0,0,312890,0,5391350,72946091689
[E3IST-CSV] 2,357,8856980,3003510,0,0,181590,0,5421370,73148887709
[E3IST-CSV] 2,358,8035120,2728170,0,0,165470,0,5052710,73347101369
[E3IST-CSV] 2,359,5539710,2953080,0,0,31710,0,2502050,73544244259
[E3IST-CSV] 2,360,8188670,2714290,0,0,169830,0,5380460,73746039999
[E3IST-CSV] 2,361,7821930,2736140,0,0,170240,0,4993410,73945702569
[E3IST-CSV] 2,362,7786650,2834950,0,0,170850,0,4854160,74146537229
[E3IST-CSV] 2,363,7752560,2671020,0,0,170450,0,4992370,74345778749
[E3IST-CSV] 2,364,8058680,2777450,0,0,186090,0,5188530,74546012909
[E3IST-CSV] 2,365,7896350,2739660,0,0,177830,0,5053400,74745786019
[E3IST-CSV] 2,366,10162000,4835740,0,0,185940,0,5165090,74949977479
[E3IST-CSV] 2,367,8715670,3054650,0,0,541030,0,5567870,75146628739
[E3IST-CSV] 2,368,7791750,2659480,0,0,175720,0,5033810,75345639119
[E3IST-CSV] 2,369,8257780,3359980,0,0,323950,0,4795660,75547102829
[E3IST-CSV] 2,370,11812430,5466800,0,0,123630,0,6184680,75751643119
[E3IST-CSV] 2,371,10907180,5570010,0,0,171100,0,5174240,75950700059
[E3IST-CSV] 2,372,8058450,2971060,0,0,175160,0,4999500,76145974539
[E3IST-CSV] 2,373,7708690,2640620,0,0,176330,0,4985780,76345530919
[E3IST-CSV] 2,374,7973360,2923450,0,0,177520,0,4947230,76545811279
[E3IST-CSV] 2,375,7049870,3146580,0,0,34390,0,3810980,76746557419
[E3IST-CSV] 2,376,8130970,2731800,0,0,204590,0,5296140,76945984719
[E3IST-CSV] 2,377,10544580,4862240,0,0,363800,0,5520560,77150375409
[E3IST-CSV] 2,378,7947780,2831740,0,0,189940,0,5012310,77345860219
[E3IST-CSV] 2,379,7757170,2791640,0,0,334910,0,4878470,77546391139
[E3IST-CSV] 2,380,12027340,5561240,0,0,127820,0,6293130,77751873949
[E3IST-CSV] 2,381,8059940,2838410,0,0,190290,0,5136130,77945894129
[E3IST-CSV] 2,382,6523010,2530500,0,0,34030,0,3751540,78144624109
[E3IST-CSV] 2,383,7738310,2622970,0,0,175550,0,5032740,78345514209
[E3IST-CSV] 2,384,7613870,2608630,0,0,175760,0,4925070,78545368529
[E3IST-CSV] 2,385,12091200,5461260,0,0,176070,0,6460230,78751990719
[E3IST-CSV] 2,386,11217410,5598230,0,0,191790,0,5454140,78951036309
[E3IST-CSV] 2,387,7692240,2800600,0,0,174330,0,4808540,79146485969
[E3IST-CSV] 2,388,3766150,2647170,0,0,33090,0,1037380,79341601439
[E3IST-CSV] 2,389,7882700,2553790,0,0,182630,0,5078910,79545975459
[E3IST-CSV] 2,390,7016660,2962640,0,0,32370,0,3373500,79747882959
[E3IST-CSV] 2,391,11981090,5191320,0,0,144140,0,6649110,79951707299
[E3IST-CSV] 2,392,7666880,2678160,0,0,169900,0,4905480,80145406549
[E3IST-CSV] 2,393,9574750,4544700,0,0,170570,0,4905500,80349367699
[E3IST-CSV] 2,394,8110290,2824180,0,0,181670,0,5201810,80545915559
[E3IST-CSV] 2,395,7996190,2768440,0,0,176690,0,5124830,80745887299
[E3IST-CSV] 2,396,7817750,2749560,0,0,172100,0,4982590,80945653649
[E3IST-CSV] 2,397,7583470,2513410,0,0,144700,0,4825240,81145605209
[E3IST-CSV] 2,398,7786060,2680750,0,0,179110,0,4852450,81346858019
[E3IST-CSV] 2,399,7798540,2611520,0,0,182620,0,4944890,81546853939
[E3IST-CSV] 2,400,7873050,2738190,0,0,175110,0,5033920,81745720929
[E3IST-CSV] 2,401,10201130,4963890,0,0,178280,0,5074840,81949989809
[E3IST-CSV] 2,402,7780300,2535630,0,0,166050,0,5003100,82145838669
[E3IST-CSV] 2,403,7796570,2692320,0,0,172750,0,4997580,82345693829
[E3IST-CSV] 2,404,7812800,2698200,0,0,174220,0,5030320,82545580869
[E3IST-CSV] 2,405,9934230,4715080,0,0,166470,0,5052610,82749784569
[E3IST-CSV] 2,406,7825760,2740160,0,0,169050,0,5002040,82945617879
[E3IST-CSV] 2,407,7617180,2748800,0,0,172020,0,4792940,83146323369
[E3IST-CSV] 2,408,7692610,2592140,0,0,178370,0,5015800,83345540589
[E3IST-CSV] 2,409,7972060,2861890,0,0,170230,0,5025870,83545705269
[E3IST-CSV] 2,410,12009020,5478290,0,0,166350,0,6370230,83751828099
[E3IST-CSV] 2,411,7902170,2790420,0,0,172190,0,5021330,83946557309
[E3IST-CSV] 2,412,2816740,1286170,0,0,56150,0,1390970,84142568579
[E3IST-CSV] 2,413,8886950,969230,0,0,382300,0,7879550,84347409519
[E3IST-CSV] 2,414,7000220,2768170,0,0,72560,0,4129760,84545893929
[E3IST-CSV] 2,415,12063360,5494470,0,0,189180,0,6405170,84751848229
[E3IST-CSV] 2,416,6404490,2932550,0,0,32580,0,3356010,84946074839
[E3IST-CSV] 2,417,7873610,2680480,0,0,177480,0,5114200,85145543699
[E3IST-CSV] 2,418,8198780,2733050,0,0,327240,0,5375920,85345979129
[E3IST-CSV] 2,419,7623840,2601640,0,0,171080,0,4941460,85546319259
[E3IST-CSV] 2,420,8438380,2857320,0,0,356690,0,5489750,85746235759
[E3IST-CSV] 2,421,7805920,2720040,0,0,172590,0,4997570,85945498009
[E3IST-CSV] 2,422,6732510,2849110,0,0,33980,0,3786940,86146527879
[E3IST-CSV] 2,423,7836540,2756940,0,0,170890,0,4998480,86345670569
[E3IST-CSV] 2,424,7808260,2665670,0,0,171220,0,5059210,86545483679
[E3IST-CSV] 2,425,8028930,2757010,0,0,171790,0,5179420,86745825459
[E3IST-CSV] 2,426,12251400,5221930,0,0,427030,0,6886760,86951874939
[E3IST-CSV] 2,427,5489520,2752230,0,0,31960,0,2650580,87144142779
[E3IST-CSV] 2,428,7653390,2611220,0,0,171400,0,4961940,87345355709
[E3IST-CSV] 2,429,7766180,2626010,0,0,173680,0,5061450,87545455409
[E3IST-CSV] 2,430,7929450,2698520,0,0,172610,0,5143610,87745748919
[E3IST-CSV] 2,431,7908020,2743840,0,0,176660,0,5075160,87945736609
[E3IST-CSV] 2,432,7967370,2768220,0,0,171980,0,5113120,88145770779
[E3IST-CSV] 2,433,8010880,2763460,0,0,172780,0,5161320,88345818069
[E3IST-CSV] 2,434,7886570,2746220,0,0,175800,0,5052910,88545623769
[E3IST-CSV] 2,435,12283600,5147400,0,0,279470,0,6715020,88752191039
[E3IST-CSV] 2,436,8750800,2821470,0,0,171430,0,5837650,88946516739
[E3IST-CSV] 2,437,7635520,2612840,0,0,174830,0,4940510,89145314569
[E3IST-CSV] 2,438,7749700,2583690,0,0,173940,0,5086420,89345562119
[E3IST-CSV] 2,439,7814390,2699680,0,0,175330,0,5037460,89545484709
[E3IST-CSV] 2,440,7884630,2752660,0,0,171330,0,5044830,89745659869
[E3IST-CSV] 2,441,11649220,5434630,0,0,147350,0,6059040,89951388169
[E3IST-CSV] 2,442,7732170,2695040,0,0,175600,0,4955000,90145400369
[E3IST-CSV] 2,443,7627160,2568140,0,0,174870,0,4979330,90345267089
[E3IST-CSV] 2,444,7566560,2594150,0,0,335330,0,4892480,90545180939
[E3IST-CSV] 2,445,7947690,2747950,0,0,171910,0,5109010,90745684459
[E3IST-CSV] 2,446,7854200,2761670,0,0,175820,0,5007160,90947513159
[E3IST-CSV] 2,447,6177630,2649780,0,0,32830,0,3440410,91143827069
[E3IST-CSV] 2,448,7990010,2964590,0,0,171250,0,4942800,91345622529
[E3IST-CSV] 2,449,5930280,2604540,0,0,32830,0,3231880,91543628929
[E3IST-CSV] 2,450,7850710,2783550,0,0,170420,0,4974130,91746588839
[E3IST-CSV] 2,451,8225480,2669360,0,0,212910,0,5465840,91945953339
[E3IST-CSV] 2,452,7717280,2678600,0,0,171000,0,4952370,92146365789
[E3IST-CSV] 2,453,7575450,2446740,0,0,331320,0,5048970,92346887339
[E3IST-CSV] 2,454,7595690,2530020,0,0,367880,0,4987980,92545240879
[E3IST-CSV] 2,455,7885650,2684060,0,0,172950,0,5114430,92745611729
[E3IST-CSV] 2,456,7906730,2555960,0,0,171210,0,5079250,92945804789
[E3IST-CSV] 2,457,7320510,2580650,0,0,331720,0,4663980,93144867519
[E3IST-CSV] 2,458,8668040,3641140,0,0,173900,0,4894580,93348315369
[E3IST-CSV] 2,459,11497580,4862090,0,0,171120,0,6519550,93550922619
[E3IST-CSV] 2,460,6276610,2703210,0,0,33070,0,3483660,93744051279
[E3IST-CSV] 2,461,7605140,2593340,0,0,177280,0,4930510,93945231619
[E3IST-CSV] 2,462,7839760,2716770,0,0,176000,0,5034270,94145482129
[E3IST-CSV] 2,463,7624220,2560860,0,0,348350,0,4980260,94345208219
[E3IST-CSV] 2,464,7582290,2544740,0,0,344640,0,4963560,94545119599
[E3IST-CSV] 2,465,7873890,2718420,0,0,172890,0,5059140,94745589289
[E3IST-CSV] 2,466,7725710,2653500,0,0,178350,0,4989240,94945350609
[E3IST-CSV] 2,467,7596340,2559760,0,0,340060,0,4960450,95145161659
[E3IST-CSV] 2,468,6264200,2648100,0,0,31590,0,3537690,95344851939
[E3IST-CSV] 2,469,7373020,2566470,0,0,330750,0,4727450,95544866579
[E3IST-CSV] 2,470,7955010,2783210,0,0,170920,0,5078840,95746631929
[E3IST-CSV] 2,471,8426960,3390900,0,0,327340,0,4951360,95946117439
[E3IST-CSV] 2,472,7635780,2627510,0,0,174680,0,4923880,96145332859
[E3IST-CSV] 2,473,7803910,2764590,0,0,170860,0,4947190,96345459199
[E3IST-CSV] 2,474,7826870,2654080,0,0,176290,0,5085820,96545499339
[E3IST-CSV] 2,475,7848090,2683890,0,0,173050,0,5072450,96745532469
[E3IST-CSV] 2,476,7794170,2646550,0,0,173530,0,5058660,96945471999
[E3IST-CSV] 2,477,7549380,2444930,0,0,170290,0,4864150,97145399439
[E3IST-CSV] 2,478,7849880,2773660,0,0,172850,0,4990230,97345448179
[E3IST-CSV] 2,479,7383420,2548880,0,0,332600,0,4758670,97544901829
[E3IST-CSV] 2,480,7834200,2708550,0,0,175290,0,5038520,97745484699
[E3IST-CSV] 2,481,8197790,2709930,0,0,168760,0,5404320,97945814539
[E3IST-CSV] 2,482,7705300,2652510,0,0,174370,0,4966990,98145303749
[E3IST-CSV] 2,483,7133520,2528510,0,0,346390,0,4514800,98346371009
[E3IST-CSV] 2,484,7768980,2680470,0,0,174800,0,5002660,98545419029
[E3IST-CSV] 2,485,7765130,2619190,0,0,176830,0,5059800,98745389849
[E3IST-CSV] 2,486,8251940,2672990,0,0,335280,0,5487140,98946847209
[E3IST-CSV] 2,487,8027110,2922190,0,0,173940,0,4980900,99145682629
[E3IST-CSV] 2,488,7656140,2622480,0,0,175720,0,4945010,99345324069
[E3IST-CSV] 2,489,7574190,2572060,0,0,332560,0,4923810,99545101249
[E3IST-CSV] 2,490,8007350,2762710,0,0,168400,0,5156130,99745623119
[E3IST-CSV] 2,491,7748720,2681190,0,0,174390,0,4977310,99946359609
[E3IST-CSV] 2,492,7765070,2678270,0,0,177170,0,4997090,100145362409
[E3IST-CSV] 2,493,7696400,2630030,0,0,176880,0,4982770,100345219559
[E3IST-CSV] 2,494,7332160,2539550,0,0,331280,0,4716340,100544825699
[E3IST-CSV] 2,495,7837630,2590890,0,0,164550,0,5005370,100745711719
[E3IST-CSV] 2,496,7723220,2697400,0,0,176150,0,4935540,100945298889
[E3IST-CSV] 2,497,8048870,2984290,0,0,168340,0,4979610,101145659949
[E3IST-CSV] 2,498,7836500,2692930,0,0,175190,0,5062110,101345520699
[E3IST-CSV] 2,499,7276480,2495050,0,0,346690,0,4705200,101544809759
[E3IST-SUMMARY] chain_len=2 e2e_avg=7575899 publish_avg=2811184 gc_trigger_avg=0 invoke_cb_avg=0 getnext_avg=173733 take_data_avg=0 sched_avg=4658974 dispatch_avg=51645679308

*** FATAL ***
fatal source: 9 (RTEMS_FATAL_SOURCE_EXCEPTION)

R0   = 0x01596bb8 R8  = 0x00000000
R1   = 0x00000000 R9  = 0x00000000
R2   = 0x00000010 R10 = 0x00000000
R3   = 0x01596cb8 R11 = 0x00000000
R4   = 0x00c00c88 R12 = 0x01596cb8
R5   = 0x0030cbd1 SP  = 0x01596ba8
R6   = 0x00000000 LR  = 0x00000000
R7   = 0x01596ba8 PC  = 0x0030cc58
CPSR = 0x600d0173 VEC = 0x00000001
FPEXC = 0x40000000
FPSCR = 0x20000010
D00 = 0x0000000000000000
D01 = 0x0000000000000001
D02 = 0x0000000000000000
D03 = 0x0000000000000000
D04 = 0x0000000000000000
D05 = 0x0000000000000000
D06 = 0x00abc85400abc854
D07 = 0x000186a00061a800
D08 = 0x0000000000000000
D09 = 0x0000000000000000
D10 = 0x0000000000000000
D11 = 0x0000000000000000
D12 = 0x0000000000000000
D13 = 0x0000000000000000
D14 = 0x0000000000000000
D15 = 0x0000000000000000
D16 = 0x0000000000000000
D17 = 0x0000000000000000
D18 = 0x0000000000000000
D19 = 0x0000000000000000
D20 = 0x00abcaac00abca98
D21 = 0x00abcadc00abcac0
D22 = 0x00abc9f400abc9e4
D23 = 0x00abca1400abca04
D24 = 0x00abc9b400abc9a4
D25 = 0x00abc9d400abc9c4
D26 = 0x00abc94000abc918
D27 = 0x00abc98000abc964
D28 = 0x00abc8c000abc890
D29 = 0x00abc8f800abc8dc
D30 = 0x00abcd7800abcd78
D31 = 0x00abc88400abc878
RTEMS version: 6.1.0.not-released
RTEMS tools: 13.3.0 20240521 (RTEMS 6, RSB no-repo, Newlib 1b3dcfd)
executing thread ID: 0x0a010001
executing thread name: UI1 
