
RTEMS Shell on /dev/console. Use 'help' to list commands.
SHLL [/] # nexus0: <RTEMS Nexus device>
info: lo0: link state changed to UP
=== Exp3inter-ST: Task Chain (n=5) SingleThreadedExecutor ===
Period: 200ms, Rounds: 500
[E3IST-CSV] chain_len,round,e2e_ns,publish_ns,gc_trigger_ns,invoke_cb_ns,getnext_ns,take_data_ns,sched_ns,dispatch_ns
666666
CPP Msg not nullptr
CPP Msg not nullptr
CPP Msg not nullptr
CPP Msg not nullptr
C Msg not NULL
C Msg not NULL
CPP Srv not nullptr
CPP Srv not nullptr
CPP Srv not nullptr
CPP Srv not nullptr
CPP Srv not nullptr
CPP Srv not nullptr
CPP Msg not nullptr
CPP Msg not nullptr
CPP Msg not nullptr
CPP Msg not nullptr
CPP Msg not nullptr
CPP Msg not nullptr
C Msg not NULL
C Msg not NULL
CPP Srv not nullptr
CPP Srv not nullptr
CPP Srv not nullptr
CPP Srv not nullptr
CPP Srv not nullptr
CPP Srv not nullptr
CPP Msg not nullptr
CPP Msg not nullptr
CPP Msg not nullptr
CPP Msg not nullptr
CPP Msg not nullptr
CPP Msg not nullptr
CPP Msg not nullptr
CPP Msg not nullptr
C Msg not NULL
C Msg not NULL
CPP Srv not nullptr
CPP Srv not nullptr
CPP Srv not nullptr
CPP Srv not nullptr
CPP Srv not nullptr
CPP Srv not nullptr
CPP Msg not nullptr
CPP Msg not nullptr
CPP Msg not nullptr
CPP Msg not nullptr
CPP Msg not nullptr
CPP Msg not nullptr
CPP Msg not nullptr
CPP Msg not nullptr
C Msg not NULL
C Msg not NULL
CPP Srv not nullptr
CPP Srv not nullptr
CPP Srv not nullptr
CPP Srv not nullptr
CPP Srv not nullptr
CPP Srv not nullptr
CPP Msg not nullptr
CPP Msg not nullptr
CPP Msg not nullptr
CPP Msg not nullptr
CPP Msg not nullptr
CPP Msg not nullptr
CPP Msg not nullptr
CPP Msg not nullptr
C Msg not NULL
C Msg not NULL
CPP Srv not nullptr
CPP Srv not nullptr
CPP Srv not nullptr
CPP Srv not nullptr
CPP Srv not nullptr
CPP Srv not nullptr
CPP Msg not nullptr
CPP Msg not nullptr
CPP Msg not nullptr
CPP Msg not nullptr
CPP Msg not nullptr
CPP Msg not nullptr
[E3IST-CSV] 5,0,18756150,2205000,0,0,213980,0,16208340,8360292546
[E3IST-CSV] 5,1,5620750,1536000,0,0,175710,0,4059370,8649907676
[E3IST-CSV] 5,2,9291480,3998290,0,0,165720,0,5182360,9452562486
[E3IST-CSV] 5,3,20120030,5854230,0,0,504290,0,14150570,10281987786
[E3IST-CSV] 5,4,19734980,5807180,0,0,384140,0,13651870,11072921406
[E3IST-CSV] 5,5,20970040,6149910,0,0,521270,0,14529010,11880345766
[E3IST-CSV] 5,6,18826560,5823360,0,0,357020,0,12882490,12670588026
[E3IST-CSV] 5,7,19749460,5987470,0,0,392550,0,13643550,13472245816
[E3IST-CSV] 5,8,9079810,4129790,0,0,178550,0,4846870,14241840486
[E3IST-CSV] 5,9,20841220,6278150,0,0,501170,0,14348820,15078704836
[E3IST-CSV] 5,10,8892610,4216530,0,0,169610,0,4555870,15838362936
[E3IST-CSV] 5,11,13223490,4456190,0,0,262970,0,8640130,16661542476
[E3IST-CSV] 5,12,19543250,5918630,0,0,370670,0,13499130,17472091396
[E3IST-CSV] 5,13,11994840,3999890,0,0,246740,0,7890360,18249198216
[E3IST-CSV] 5,14,10125460,3310970,0,0,213500,0,6730370,19046052506
[E3IST-CSV] 5,15,17469430,5255960,0,0,326170,0,12084340,19866224346
[E3IST-CSV] 5,16,20349410,6018270,0,0,422420,0,14036110,20675963616
[E3IST-CSV] 5,17,18570450,5643530,0,0,392150,0,12808600,21468485446
[E3IST-CSV] 5,18,11470750,3403170,0,0,214330,0,7974760,22242869836
[E3IST-CSV] 5,19,19107310,5389760,0,0,356050,0,13604480,23070983966
[E3IST-CSV] 5,20,15449300,4353240,0,0,364080,0,10996830,23858085596
[E3IST-CSV] 5,21,12292160,4143790,0,0,241150,0,8047370,24649598436
[E3IST-CSV] 5,22,13622760,4476480,0,0,262520,0,9037030,25453643546
[E3IST-CSV] 5,23,16085720,5098780,0,0,300190,0,10874290,26260865186
[E3IST-CSV] 5,24,19560650,5943550,0,0,411650,0,13491210,27073543506
[E3IST-CSV] 5,25,19027950,5691560,0,0,377300,0,13219190,27869857956
[E3IST-CSV] 5,26,20945500,6421250,0,0,407120,0,14398820,28675827656
[E3IST-CSV] 5,27,20031170,5919330,0,0,481940,0,13988350,29471648476
[E3IST-CSV] 5,28,15226360,4976440,0,0,267280,0,10134180,30260288696
[E3IST-CSV] 5,29,19953760,6043340,0,0,399240,0,13782510,31072608466
[E3IST-CSV] 5,30,19456490,5741930,0,0,429000,0,13594000,31871668316
[E3IST-CSV] 5,31,8962560,3816160,0,0,172660,0,5044120,32637106336
[E3IST-CSV] 5,32,29485740,9854650,0,0,507870,0,19456520,33520901896
[E3IST-CSV] 5,33,20279610,5863540,0,0,562980,0,14291210,34272095996
[E3IST-CSV] 5,34,30063990,8703210,0,0,716950,0,21087800,35098833876
[E3IST-CSV] 5,35,19863190,6095760,0,0,409850,0,13643830,35871964036
[E3IST-CSV] 5,36,17996050,7031440,0,0,682470,0,10842870,36652942126
[E3IST-CSV] 5,37,21957600,6264480,0,0,605720,0,15432000,37498664726
[E3IST-CSV] 5,38,21790100,6395340,0,0,453950,0,15100750,38290373116
[E3IST-CSV] 5,39,20011450,6031880,0,0,414050,0,13862100,39072969446
[E3IST-CSV] 5,40,21557200,6544160,0,0,571010,0,14892260,39877831106
[E3IST-CSV] 5,41,19501980,5830010,0,0,440450,0,13552650,40671168766
[E3IST-CSV] 5,42,14104630,5161160,0,0,388320,0,8794380,41456295056
[E3IST-CSV] 5,43,23028120,6907320,0,0,634950,0,15980120,42293173026
[E3IST-CSV] 5,44,10970490,3225040,0,0,351730,0,7688550,43049530016
[E3IST-CSV] 5,45,19101950,6187800,0,0,467740,0,12796600,43871971006
[E3IST-CSV] 5,46,23562590,7115680,0,0,618430,0,16320890,44695809006
[E3IST-CSV] 5,47,13575950,4641500,0,0,171340,0,8830910,45453848976
[E3IST-CSV] 5,48,20159020,6142420,0,0,408410,0,13895050,46275781256
[E3IST-CSV] 5,49,18313860,6642500,0,0,421640,0,11520290,47087010206
[E3IST-CSV] 5,50,11505300,4135650,0,0,170510,0,7250790,47863780206
[E3IST-CSV] 5,51,22061980,7759190,0,0,414190,0,14134240,48694449886
[E3IST-CSV] 5,52,19154450,5954420,0,0,568630,0,13076810,49472447916
[E3IST-CSV] 5,53,14529580,4922630,0,0,366950,0,9486660,50256490006
[E3IST-CSV] 5,54,22683140,7160790,0,0,506130,0,15394450,51083210196
[E3IST-CSV] 5,55,18118850,5587870,0,0,361490,0,12406560,51872830696
[E3IST-CSV] 5,56,16327810,4657420,0,0,355170,0,11549590,52664177306
[E3IST-CSV] 5,57,8927270,4187210,0,0,173740,0,4634390,53438044346
[E3IST-CSV] 5,58,9633830,3993360,0,0,213530,0,5538510,54244924446
[E3IST-CSV] 5,59,19406800,5617150,0,0,395290,0,13667250,55070145126
[E3IST-CSV] 5,60,21173160,6421820,0,0,594040,0,14626020,55877672106
[E3IST-CSV] 5,61,10188090,4216860,0,0,168770,0,5867970,56647099686
[E3IST-CSV] 5,62,15173930,4159720,0,0,342790,0,10878820,57475058546
[E3IST-CSV] 5,63,21421770,6473650,0,0,509900,0,14824500,58275283526
[E3IST-CSV] 5,64,12927150,4294560,0,0,249950,0,8515290,59056165626
[E3IST-CSV] 5,65,27184390,7420830,0,0,639860,0,19636730,59897864176
[E3IST-CSV] 5,66,20281670,6066650,0,0,424740,0,14089800,60677765216
[E3IST-CSV] 5,67,17784710,5146450,0,0,280790,0,12274490,61468170316
[E3IST-CSV] 5,68,19376270,5159850,0,0,329660,0,13942340,62289136746
[E3IST-CSV] 5,69,12303580,6265930,0,0,315910,0,5915150,63048408156
[E3IST-CSV] 5,70,13691350,4229390,0,0,226200,0,9353570,63851989706
[E3IST-CSV] 5,71,24733340,6892130,0,0,483350,0,17710960,64690964926
[E3IST-CSV] 5,72,13540430,4905440,0,0,243110,0,8250720,65455891676
[E3IST-CSV] 5,73,20403440,6228660,0,0,440240,0,14049960,66277474296
[E3IST-CSV] 5,74,8953210,4083980,0,0,171020,0,4765070,67038117636
[E3IST-CSV] 5,75,24770100,7604010,0,0,478710,0,17029610,67888322816
[E3IST-CSV] 5,76,24490570,7599840,0,0,620210,0,16759960,68688546196
[E3IST-CSV] 5,77,11019720,3443890,0,0,167530,0,7465760,69458573816
[E3IST-CSV] 5,78,15813960,4807900,0,0,336940,0,10893670,70263286756
[E3IST-CSV] 5,79,18582830,5521960,0,0,351080,0,12781550,71069265576
[E3IST-CSV] 5,80,19652020,5921120,0,0,388260,0,13610150,71871586426
[E3IST-CSV] 5,81,16346630,5041590,0,0,311270,0,11187360,72663790446
[E3IST-CSV] 5,82,22342710,8634820,0,0,675690,0,13484660,73491420346
[E3IST-CSV] 5,83,15277480,4269570,0,0,489100,0,10899460,74263321156
[E3IST-CSV] 5,84,26119630,9051900,0,0,627500,0,16890070,75108172066
[E3IST-CSV] 5,85,18150410,5478470,0,0,297800,0,12586270,75862755286
[E3IST-CSV] 5,86,22910490,6601240,0,0,530070,0,16177810,76698961956
[E3IST-CSV] 5,87,18213920,5444720,0,0,353740,0,12648830,77477831526
[E3IST-CSV] 5,88,15919160,5167650,0,0,395570,0,10601990,78262719976
[E3IST-CSV] 5,89,20030630,6071110,0,0,480030,0,13820500,79071781986
[E3IST-CSV] 5,90,30061800,9259460,0,0,590820,0,20663330,79908495606
[E3IST-CSV] 5,91,14973260,5874550,0,0,208870,0,8939620,80677228886
[E3IST-CSV] 5,92,23083000,6793030,0,0,670070,0,16166850,81480324786
[E3IST-CSV] 5,93,21321080,6365340,0,0,422390,0,14828800,82283272076
[E3IST-CSV] 5,94,20725300,6139900,0,0,430440,0,14309610,83079110156
[E3IST-CSV] 5,95,19299430,5748940,0,0,369390,0,13434730,83885123676
[E3IST-CSV] 5,96,23760410,6870920,0,0,479370,0,16749150,84701737036
[E3IST-CSV] 5,97,22802900,6520770,0,0,526250,0,16086170,85499443596
[E3IST-CSV] 5,98,18734460,5609710,0,0,497830,0,13009710,86271097666
[E3IST-CSV] 5,99,23613310,7029700,0,0,468060,0,16461970,87090196356
[E3IST-CSV] 5,100,10532800,4226700,0,0,164370,0,6195250,87846650436
[E3IST-CSV] 5,101,27637500,7474910,0,0,599590,0,20021660,88692202496
[E3IST-CSV] 5,102,19741340,5937710,0,0,398660,0,13677870,89471243996
[E3IST-CSV] 5,103,19228280,5760450,0,0,531380,0,13355230,90269098316
[E3IST-CSV] 5,104,8650510,4110450,0,0,179020,0,4422920,91037160076
[E3IST-CSV] 5,105,19268200,5929810,0,0,390150,0,13206980,91873877156
[E3IST-CSV] 5,106,19106050,5701390,0,0,527290,0,13288200,92668703556
[E3IST-CSV] 5,107,9849600,4143290,0,0,165680,0,5596990,93446728836
[E3IST-CSV] 5,108,19774700,5750930,0,0,535210,0,13906160,94270151026
[E3IST-CSV] 5,109,7850160,3553560,0,0,163990,0,4202170,95029940396
[E3IST-CSV] 5,110,23063780,6924580,0,0,511640,0,16015340,95879833166
[E3IST-CSV] 5,111,19069990,5621800,0,0,378560,0,13321160,96669052716
[E3IST-CSV] 5,112,10651260,4043100,0,0,236470,0,6486920,97445013336
[E3IST-CSV] 5,113,18392220,5748390,0,0,371530,0,12528020,98269259876
[E3IST-CSV] 5,114,19879870,5761490,0,0,292180,0,13979990,99073045246
[E3IST-CSV] 5,115,19207880,6075000,0,0,510620,0,13011030,99872811216
[E3IST-CSV] 5,116,19815680,5897860,0,0,409260,0,13801190,100671333776
[E3IST-CSV] 5,117,19759610,6097390,0,0,391070,0,13530880,101471519296
[E3IST-CSV] 5,118,18374230,5513300,0,0,351160,0,12736540,102266999286
[E3IST-CSV] 5,119,18144530,5369960,0,0,351000,0,12656480,103068288376
[E3IST-CSV] 5,120,18466330,5784960,0,0,348960,0,12562620,103870542076
[E3IST-CSV] 5,121,20462080,6265770,0,0,512190,0,14046530,104676469936
[E3IST-CSV] 5,122,25826000,8513410,0,0,852990,0,17134620,105498154436
[E3IST-CSV] 5,123,20468340,7121380,0,0,519280,0,13225450,106276467206
[E3IST-CSV] 5,124,19668260,5705810,0,0,375760,0,13846930,107073757886
[E3IST-CSV] 5,125,14729040,4831270,0,0,278770,0,9782520,107863300626
[E3IST-CSV] 5,126,18947410,7042420,0,0,249880,0,11783890,108670900636
[E3IST-CSV] 5,127,21863240,6355860,0,0,588750,0,15371520,109497945536
[E3IST-CSV] 5,128,14101520,6285040,0,0,324400,0,7691630,110255051206
[E3IST-CSV] 5,129,10051420,4031060,0,0,225470,0,5906050,111056429916
[E3IST-CSV] 5,130,21846470,7839140,0,0,381450,0,13817690,111894984786
[E3IST-CSV] 5,131,19931700,6058630,0,0,394310,0,13724000,112672425736
[E3IST-CSV] 5,132,20454330,6264350,0,0,407240,0,14068050,113476966046
[E3IST-CSV] 5,133,13335750,4407680,0,0,176060,0,8807290,114252220406
[E3IST-CSV] 5,134,33042570,9092500,0,0,655310,0,23514050,115112807556
[E3IST-CSV] 5,135,9057110,3879630,0,0,168500,0,4844920,115839535506
[E3IST-CSV] 5,136,9111460,4129330,0,0,167540,0,4882080,116637660356
[E3IST-CSV] 5,137,11509800,4591850,0,0,236010,0,6756810,117463212606
[E3IST-CSV] 5,138,13591990,4580340,0,0,239650,0,8905260,118252845516
[E3IST-CSV] 5,139,12904660,4524700,0,0,170110,0,7944610,119070968526
[E3IST-CSV] 5,140,8506740,3712460,0,0,170000,0,4691680,119838993806
[E3IST-CSV] 5,141,17668800,5395300,0,0,472650,0,12147980,120664690886
[E3IST-CSV] 5,142,28017880,7081110,0,0,543850,0,20802640,121493584616
[E3IST-CSV] 5,143,23296680,6943450,0,0,725790,0,16180360,122305045716
[E3IST-CSV] 5,144,14009030,5273120,0,0,250130,0,8631210,123052403216
[E3IST-CSV] 5,145,14442300,4438630,0,0,245410,0,9901240,123853426586
[E3IST-CSV] 5,146,8594080,4036170,0,0,215500,0,4454520,124632262106
[E3IST-CSV] 5,147,23861370,7937160,0,0,605180,0,15749190,125495835056
[E3IST-CSV] 5,148,37750050,9640610,0,0,917530,0,27968290,126321152176
[E3IST-CSV] 5,149,18764990,5926930,0,0,377910,0,12721270,127066126476
[E3IST-CSV] 5,150,20014410,6083220,0,0,404210,0,13808700,127871669416
[E3IST-CSV] 5,151,19393670,5727210,0,0,388000,0,13547230,128670132146
[E3IST-CSV] 5,152,21603960,5994980,0,0,748480,0,15185620,129485549946
[E3IST-CSV] 5,153,18759090,5382010,0,0,391820,0,13254300,130279974416
[E3IST-CSV] 5,154,19514370,5754670,0,0,466390,0,13649280,131070610236
[E3IST-CSV] 5,155,20986180,6352580,0,0,435750,0,14510710,131881278586
[E3IST-CSV] 5,156,19100550,5677200,0,0,363510,0,13310040,132669303536
[E3IST-CSV] 5,157,10005340,4107560,0,0,167240,0,5785080,133454292276
[E3IST-CSV] 5,158,19059830,5524170,0,0,388540,0,13409530,134284510606
[E3IST-CSV] 5,159,15373670,4424200,0,0,395260,0,10845850,135063401626
[E3IST-CSV] 5,160,19891380,6002840,0,0,406480,0,13764580,135871603126
[E3IST-CSV] 5,161,19150310,5608740,0,0,379650,0,13428680,136668862676
[E3IST-CSV] 5,162,28692270,7924720,0,0,737890,0,20625790,137487092626
[E3IST-CSV] 5,163,24310320,7375320,0,0,628000,0,16798100,138278114006
[E3IST-CSV] 5,164,8424190,4036000,0,0,168290,0,4287230,139035302706
[E3IST-CSV] 5,165,19120210,5520690,0,0,363100,0,13483810,139869163966
[E3IST-CSV] 5,166,22605440,6180870,0,0,489890,0,16281810,140693483636
[E3IST-CSV] 5,167,20040830,6092880,0,0,408760,0,13798390,141472157356
[E3IST-CSV] 5,168,16458710,5313960,0,0,345580,0,11019050,142264034276
[E3IST-CSV] 5,169,19725470,5756660,0,0,464020,0,13680150,143071678016
[E3IST-CSV] 5,170,19471310,5778970,0,0,386630,0,13572930,143870316916
[E3IST-CSV] 5,171,13972290,5650000,0,0,168000,0,8211470,144653007116
[E3IST-CSV] 5,172,19369950,6007990,0,0,403430,0,13234490,145471456766
[E3IST-CSV] 5,173,19956640,5974240,0,0,537330,0,13847300,146275939836
[E3IST-CSV] 5,174,17719070,5191990,0,0,345250,0,12413130,147075301966
[E3IST-CSV] 5,175,19598960,5703500,0,0,437690,0,13770830,147870131586
[E3IST-CSV] 5,176,16703750,5123740,0,0,307820,0,11307510,148661856776
[E3IST-CSV] 5,177,20895210,6363580,0,0,408040,0,14356940,149494646146
[E3IST-CSV] 5,178,19418330,5849570,0,0,363950,0,13443100,150270112116
[E3IST-CSV] 5,179,29619930,8124610,0,0,641170,0,21354800,151096817576
[E3IST-CSV] 5,180,12718730,4264490,0,0,256170,0,8351310,151850437596
[E3IST-CSV] 5,181,19592150,5881930,0,0,375620,0,13589900,152670259736
[E3IST-CSV] 5,182,19587500,5858480,0,0,378960,0,13604340,153470139896
[E3IST-CSV] 5,183,25602240,7456790,0,0,775220,0,18019860,154287253536
[E3IST-CSV] 5,184,8783170,4140010,0,0,170520,0,4536380,155039343796
[E3IST-CSV] 5,185,23273740,6920760,0,0,469890,0,16171200,155888021286
[E3IST-CSV] 5,186,19791250,6323710,0,0,519070,0,13336030,156675602286
[E3IST-CSV] 5,187,25446860,7706900,0,0,661290,0,17606040,157486742566
[E3IST-CSV] 5,188,12193890,3719790,0,0,320770,0,8375320,158243185306
[E3IST-CSV] 5,189,29771260,9050170,0,0,608390,0,20545010,159115559296
[E3IST-CSV] 5,190,27363560,8201490,0,0,646510,0,19029800,159886337636
[E3IST-CSV] 5,191,19910120,5985140,0,0,387490,0,13804730,160670897996
[E3IST-CSV] 5,192,9973090,4079080,0,0,299760,0,5785210,161456342486
[E3IST-CSV] 5,193,20016040,6093900,0,0,503280,0,13796330,162271196906
[E3IST-CSV] 5,194,18574580,5480210,0,0,539410,0,12976840,163066309166
[E3IST-CSV] 5,195,23131880,7081650,0,0,648570,0,15927850,163880361986
[E3IST-CSV] 5,196,20217890,6031160,0,0,419830,0,14066580,164675070456
[E3IST-CSV] 5,197,11709730,4297000,0,0,172380,0,7119010,165449040946
[E3IST-CSV] 5,198,9444690,4081920,0,0,252810,0,5251580,166236259546
[E3IST-CSV] 5,199,19630090,6715320,0,0,362350,0,12644700,167072072456
[E3IST-CSV] 5,200,19985590,6063780,0,0,502970,0,13797000,167870986926
[E3IST-CSV] 5,201,19085010,5866020,0,0,503310,0,13100000,168667877086
[E3IST-CSV] 5,202,26304610,8968460,0,0,495070,0,17155460,169510853526
[E3IST-CSV] 5,203,16665900,5021320,0,0,303830,0,11522770,170260898086
[E3IST-CSV] 5,204,18871500,5598350,0,0,365040,0,13150330,171067341336
[E3IST-CSV] 5,205,18353540,5417850,0,0,488970,0,12801910,171866072226
[E3IST-CSV] 5,206,19398490,5495690,0,0,399740,0,13782450,172671254456
[E3IST-CSV] 5,207,20352970,5914710,0,0,470500,0,14149400,173476940736
[E3IST-CSV] 5,208,16963490,4777740,0,0,306310,0,11912810,174262605166
[E3IST-CSV] 5,209,19928760,5839220,0,0,407610,0,13974100,175070018886
[E3IST-CSV] 5,210,19609890,5436450,0,0,381510,0,13778430,175870919236
[E3IST-CSV] 5,211,20640220,6268790,0,0,597160,0,14252140,176683165656
[E3IST-CSV] 5,212,20844070,5945750,0,0,453890,0,14773310,177472709136
[E3IST-CSV] 5,213,24019970,8310490,0,0,706980,0,15536880,178300737736
[E3IST-CSV] 5,214,19810250,6059470,0,0,488640,0,13634130,179075009476
[E3IST-CSV] 5,215,20257830,5971800,0,0,392750,0,14168400,179871721266
[E3IST-CSV] 5,216,20084550,5667460,0,0,572600,0,14297160,180670622216
[E3IST-CSV] 5,217,20170740,5873370,0,0,404640,0,14171270,181471899936
[E3IST-CSV] 5,218,19981710,5872490,0,0,393670,0,13988650,182271047016
[E3IST-CSV] 5,219,19736160,5631510,0,0,412740,0,13986290,183070206536
[E3IST-CSV] 5,220,17703210,4855250,0,0,420420,0,12741960,183861328886
[E3IST-CSV] 5,221,26141460,7651060,0,0,510330,0,18358560,184689882226
[E3IST-CSV] 5,222,19501640,5740740,0,0,357450,0,13633920,185469556836
[E3IST-CSV] 5,223,25466980,8129910,0,0,496730,0,17156620,186305571486
[E3IST-CSV] 5,224,21555620,6246550,0,0,470350,0,15181160,187088033526
[E3IST-CSV] 5,225,16230400,5214210,0,0,301760,0,10901240,187858928776
[E3IST-CSV] 5,226,14861830,4597850,0,0,276050,0,9885540,188654918296
[E3IST-CSV] 5,227,19245470,5850410,0,0,365620,0,13278220,189468635336
[E3IST-CSV] 5,228,6407280,1933730,0,0,171640,0,4433740,190211297336
[E3IST-CSV] 5,229,19630650,5135160,0,0,348930,0,14390650,191072764636
[E3IST-CSV] 5,230,19206730,5614760,0,0,381160,0,13438190,191868912606
[E3IST-CSV] 5,231,19752690,5386320,0,0,415790,0,14253140,192669968186
[E3IST-CSV] 5,232,30252820,8050410,0,0,630380,0,22066470,193496317146
[E3IST-CSV] 5,233,20135880,5656730,0,0,404590,0,14357380,194271215916
[E3IST-CSV] 5,234,20286360,5894830,0,0,418440,0,14270290,195071334866
[E3IST-CSV] 5,235,17366920,5391490,0,0,330670,0,11852160,195865046886
[E3IST-CSV] 5,236,15502680,4883090,0,0,347150,0,10502350,196656192236
[E3IST-CSV] 5,237,19158530,6000580,0,0,360030,0,13038710,197467784026
[E3IST-CSV] 5,238,19081400,5928510,0,0,435090,0,13087270,198275373966
[E3IST-CSV] 5,239,17839840,5048080,0,0,475680,0,12676190,199065296026
[E3IST-CSV] 5,240,8591650,3762880,0,0,171420,0,4717970,199832579856
[E3IST-CSV] 5,241,14558210,4520480,0,0,293890,0,9924860,200652110726
[E3IST-CSV] 5,242,30299610,8152520,0,0,750290,0,22007330,201494213536
[E3IST-CSV] 5,243,6084750,1892560,0,0,166060,0,4148300,202210305036
[E3IST-CSV] 5,244,6055240,1873350,0,0,165430,0,4145170,203010391856
[E3IST-CSV] 5,245,6124260,1918020,0,0,166300,0,4166170,203810297436
[E3IST-CSV] 5,246,14769520,4687030,0,0,393140,0,9965800,204653197076
[E3IST-CSV] 5,247,18329740,5415850,0,0,475730,0,12796440,205465700276
[E3IST-CSV] 5,248,19759890,5679620,0,0,402530,0,13959920,206270285186
[E3IST-CSV] 5,249,19658110,5546340,0,0,632470,0,14002650,207069043486
[E3IST-CSV] 5,250,23195030,6492280,0,0,516320,0,16574120,207878471666
[E3IST-CSV] 5,251,22162580,6500570,0,0,591310,0,15528990,208673356696
[E3IST-CSV] 5,252,8354310,3957520,0,0,172430,0,4291810,209435067246
[E3IST-CSV] 5,253,19210470,5654460,0,0,365370,0,13436000,210268951286
[E3IST-CSV] 5,254,18892130,5301860,0,0,431150,0,13469050,211068034296
[E3IST-CSV] 5,255,19983380,5818940,0,0,470720,0,14041350,211870882726
[E3IST-CSV] 5,256,20208400,6148960,0,0,374460,0,13934810,212671606506
[E3IST-CSV] 5,257,20450570,5857820,0,0,397130,0,14466390,213471780716
[E3IST-CSV] 5,258,21331490,5316450,0,0,674960,0,15897740,214272213996
[E3IST-CSV] 5,259,19478410,5382920,0,0,450600,0,13981420,215077436206
[E3IST-CSV] 5,260,18987540,7027060,0,0,351850,0,11796380,215890134746
[E3IST-CSV] 5,261,28605810,7817340,0,0,755780,0,20660430,216696367456
[E3IST-CSV] 5,262,16750030,5093800,0,0,513270,0,11534930,217463189996
[E3IST-CSV] 5,263,15351580,4753660,0,0,295510,0,10464720,218257381816
[E3IST-CSV] 5,264,25412630,7205600,0,0,512350,0,18078430,219085556036
[E3IST-CSV] 5,265,19049260,5560510,0,0,374570,0,13370210,219868033476
[E3IST-CSV] 5,266,9525200,2793350,0,0,175720,0,6660190,220626740296
[E3IST-CSV] 5,267,20640980,5903440,0,0,484580,0,14526610,221472600426
[E3IST-CSV] 5,268,14438540,4506810,0,0,272080,0,9806510,222254150606
[E3IST-CSV] 5,269,19155890,5368720,0,0,341230,0,13502810,223069182976
[E3IST-CSV] 5,270,19745420,5213500,0,0,355210,0,14416110,223870563976
[E3IST-CSV] 5,271,21940990,6247170,0,0,429970,0,15180490,224681219726
[E3IST-CSV] 5,272,19527250,5661620,0,0,417580,0,13745590,225469978216
[E3IST-CSV] 5,273,19542470,5557420,0,0,440000,0,13866040,226269804776
[E3IST-CSV] 5,274,19931450,5704730,0,0,390330,0,13947200,227071469586
[E3IST-CSV] 5,275,19240430,5523850,0,0,361110,0,13291760,227869226146
[E3IST-CSV] 5,276,27963980,8287570,0,0,693360,0,19539730,228686699236
[E3IST-CSV] 5,277,18439380,5651130,0,0,468840,0,12650900,229469186656
[E3IST-CSV] 5,278,19568030,5478270,0,0,382700,0,13976730,230268910186
[E3IST-CSV] 5,279,13292970,4414790,0,0,313990,0,8764880,231048717786
[E3IST-CSV] 5,280,19771820,5584680,0,0,403810,0,14066160,231869829496
[E3IST-CSV] 5,281,20018700,5955530,0,0,401650,0,13945240,232670760856
[E3IST-CSV] 5,282,23229000,6952610,0,0,645970,0,16140740,233480824716
[E3IST-CSV] 5,283,24393620,7392950,0,0,647410,0,16874190,234283440956
[E3IST-CSV] 5,284,25085300,7256030,0,0,729940,0,17702100,235084772096
[E3IST-CSV] 5,285,19897480,5878790,0,0,399130,0,13895640,235870533726
[E3IST-CSV] 5,286,27050100,7529020,0,0,890980,0,19382890,236683276456
[E3IST-CSV] 5,287,29940800,8204110,0,0,708340,0,21604520,237496151536
[E3IST-CSV] 5,288,25088090,7177900,0,0,970430,0,17781550,238277619996
[E3IST-CSV] 5,289,8470220,3807650,0,0,179590,0,4565040,239035487826
[E3IST-CSV] 5,290,19649340,5475960,0,0,462320,0,14055950,239869293236
[E3IST-CSV] 5,291,19270340,5585920,0,0,552710,0,13434070,240667692756
[E3IST-CSV] 5,292,19687780,5663010,0,0,407560,0,13900520,241470088526
[E3IST-CSV] 5,293,19321420,5817770,0,0,370140,0,13377820,242268545956
[E3IST-CSV] 5,294,29688880,8195900,0,0,788570,0,21362570,243091711396
[E3IST-CSV] 5,295,24173320,7297260,0,0,549870,0,16748730,243885750066
[E3IST-CSV] 5,296,26765520,7728660,0,0,643960,0,18912900,244684651826
[E3IST-CSV] 5,297,19458420,5391080,0,0,377760,0,13946430,245476973746
[E3IST-CSV] 5,298,26264270,9191220,0,0,526820,0,16916360,246296910286
[E3IST-CSV] 5,299,20207290,5677120,0,0,443250,0,14408250,247073988006
[E3IST-CSV] 5,300,19112050,5481730,0,0,394570,0,13516430,247871865026
[E3IST-CSV] 5,301,13464480,4685080,0,0,286520,0,8670840,248647085196
[E3IST-CSV] 5,302,19671800,5525190,0,0,520900,0,13850600,249470744716
[E3IST-CSV] 5,303,29746500,7233770,0,0,661590,0,22215740,250298489036
[E3IST-CSV] 5,304,20697930,5895410,0,0,610920,0,14692570,251079340996
[E3IST-CSV] 5,305,19064700,5532520,0,0,383120,0,13420170,251867859596
[E3IST-CSV] 5,306,33953990,9547970,0,0,925090,0,24257530,252718315026
[E3IST-CSV] 5,307,21319410,5822010,0,0,489780,0,15366200,253484637656
[E3IST-CSV] 5,308,19244020,5416740,0,0,380290,0,13714140,254268332196
[E3IST-CSV] 5,309,19088010,5637230,0,0,364090,0,13313630,255068425066
[E3IST-CSV] 5,310,20531760,5806500,0,0,440680,0,14609030,255874319236
[E3IST-CSV] 5,311,20710620,5901740,0,0,554500,0,14690000,256674537626
[E3IST-CSV] 5,312,19523900,5629960,0,0,429140,0,13772940,257473353796
[E3IST-CSV] 5,313,19036010,5559110,0,0,546950,0,13362460,258266700496
[E3IST-CSV] 5,314,18956810,5583010,0,0,579190,0,13247160,259066636256
[E3IST-CSV] 5,315,19707070,5573540,0,0,410500,0,14009340,259873523196
[E3IST-CSV] 5,316,20530890,5892900,0,0,428220,0,14517340,260671868566
[E3IST-CSV] 5,317,20276200,5867660,0,0,413770,0,14289240,261475117506
[E3IST-CSV] 5,318,26047280,7282540,0,0,716590,0,18631800,262287061696
[E3IST-CSV] 5,319,19572470,5268380,0,0,408430,0,14187820,263071592006
[E3IST-CSV] 5,320,18848620,5505790,0,0,355000,0,13225990,263871414606
[E3IST-CSV] 5,321,19786860,5608590,0,0,385210,0,13896360,264674374926
[E3IST-CSV] 5,322,19855920,5611980,0,0,402860,0,14124790,265473704176
[E3IST-CSV] 5,323,20212640,5742940,0,0,619790,0,14330010,266276680696
[E3IST-CSV] 5,324,18859750,5258960,0,0,370620,0,13310030,267067605396
[E3IST-CSV] 5,325,19327400,5562690,0,0,374500,0,13637790,267872846586
[E3IST-CSV] 5,326,18140540,5317400,0,0,502090,0,12703060,268670799136
[E3IST-CSV] 5,327,19569840,5558200,0,0,419250,0,13888730,269473249306
[E3IST-CSV] 5,328,19829430,5663850,0,0,388680,0,14044070,270273640946
[E3IST-CSV] 5,329,19793960,5895830,0,0,385910,0,13767380,271073983006
[E3IST-CSV] 5,330,20328140,5899160,0,0,414910,0,14313460,271874973246
[E3IST-CSV] 5,331,20103750,5641590,0,0,388000,0,14337980,272674491606
[E3IST-CSV] 5,332,8711620,3908660,0,0,216430,0,4691110,273435317866
[E3IST-CSV] 5,333,20111650,5801980,0,0,413940,0,14191550,274274279576
[E3IST-CSV] 5,334,19502870,5673340,0,0,405480,0,13716220,275071512266
[E3IST-CSV] 5,335,19703960,5660460,0,0,396160,0,13924730,275873455156
[E3IST-CSV] 5,336,19500900,5670330,0,0,369420,0,13713790,276672519966
[E3IST-CSV] 5,337,19222590,5629320,0,0,535610,0,13479190,277470923556
[E3IST-CSV] 5,338,19506270,5504160,0,0,399930,0,13723810,278273422136
[E3IST-CSV] 5,339,19293880,5391200,0,0,378450,0,13622250,279072741526
[E3IST-CSV] 5,340,19234130,5642040,0,0,528260,0,13485660,279870951436
[E3IST-CSV] 5,341,19501910,5690800,0,0,396900,0,13705550,280671372296
[E3IST-CSV] 5,342,9856600,3900320,0,0,168700,0,5860540,281441039566
[E3IST-CSV] 5,343,19594220,5433350,0,0,384710,0,14046160,282272728946
[E3IST-CSV] 5,344,19530460,5452200,0,0,559040,0,13968790,283072050336
[E3IST-CSV] 5,345,8325520,3708590,0,0,165810,0,4519770,283833759896
[E3IST-CSV] 5,346,22717110,6376360,0,0,572780,0,16212600,284677218186
[E3IST-CSV] 5,347,26573190,7922840,0,0,857070,0,18511010,285484676136
[E3IST-CSV] 5,348,29001230,8726850,0,0,1043480,0,20141470,286289908796
[E3IST-CSV] 5,349,19612600,5236530,0,0,428080,0,14126030,287073184526
[E3IST-CSV] 5,350,21027720,5928730,0,0,453320,0,14989070,287876058286
[E3IST-CSV] 5,351,15119300,4355440,0,0,492270,0,10656810,288660042096
[E3IST-CSV] 5,352,26740620,6009840,0,0,583160,0,20613790,289494048296
[E3IST-CSV] 5,353,22604180,6699230,0,0,657150,0,15780800,290277679996
[E3IST-CSV] 5,354,29077360,8200320,0,0,1050920,0,20743790,291091172926
[E3IST-CSV] 5,355,19683440,5584790,0,0,437790,0,13986870,291870971076
[E3IST-CSV] 5,356,19242070,5434250,0,0,515510,0,13694490,292670190266
[E3IST-CSV] 5,357,24940220,7366980,0,0,755610,0,17442770,293482046386
[E3IST-CSV] 5,358,19644110,5553770,0,0,584940,0,13834830,294271889716
[E3IST-CSV] 5,359,21131250,6080370,0,0,654790,0,14932140,295072937716
[E3IST-CSV] 5,360,7650620,3414250,0,0,236660,0,4137760,295830576536
[E3IST-CSV] 5,361,19594620,5718150,0,0,413140,0,13772990,296671297286
[E3IST-CSV] 5,362,20089850,5793340,0,0,412510,0,14170480,297474268816
[E3IST-CSV] 5,363,8898920,3937820,0,0,166820,0,4861020,298236609986
[E3IST-CSV] 5,364,8921490,3576680,0,0,172410,0,5252600,299036086646
[E3IST-CSV] 5,365,19623400,5531720,0,0,416370,0,13929860,299871092496
[E3IST-CSV] 5,366,19295350,5689640,0,0,519550,0,13494070,300670978236
[E3IST-CSV] 5,367,26808910,8008730,0,0,700310,0,18665630,301485118456
[E3IST-CSV] 5,368,15527980,4803920,0,0,354010,0,10610120,302258985786
[E3IST-CSV] 5,369,16808580,5433590,0,0,506380,0,11268010,303064358566
[E3IST-CSV] 5,370,22280160,6096270,0,0,518540,0,16064050,303876646766
[E3IST-CSV] 5,371,18982650,7452650,0,0,510990,0,11359450,304694335846
[E3IST-CSV] 5,372,16761820,4812830,0,0,406190,0,11832860,305471279416
[E3IST-CSV] 5,373,8240250,3891690,0,0,165180,0,4250910,306233286086
[E3IST-CSV] 5,374,26972570,9048080,0,0,658980,0,17491510,307113246216
[E3IST-CSV] 5,375,19200680,5515640,0,0,402940,0,13582610,307870585156
[E3IST-CSV] 5,376,16970900,7073240,0,0,346020,0,9714600,308685442706
[E3IST-CSV] 5,377,13517790,4336240,0,0,276100,0,9070180,309462874156
[E3IST-CSV] 5,378,21529020,6187940,0,0,519990,0,15225380,310286094266
[E3IST-CSV] 5,379,22140440,6020380,0,0,526740,0,16012760,311077835276
[E3IST-CSV] 5,380,19226230,5601120,0,0,390770,0,13522630,311870442286
[E3IST-CSV] 5,381,19085280,5428680,0,0,402020,0,13544500,312670988936
[E3IST-CSV] 5,382,8477620,3911050,0,0,177710,0,4458670,313435011436
[E3IST-CSV] 5,383,22469040,6451810,0,0,747300,0,15901400,314276143486
[E3IST-CSV] 5,384,12014750,4102620,0,0,164330,0,7803840,315065027296
[E3IST-CSV] 5,385,14869140,3822840,0,0,352830,0,10942910,315859888366
[E3IST-CSV] 5,386,27503290,7340040,0,0,874870,0,20040820,316694443906
[E3IST-CSV] 5,387,18445000,5416320,0,0,430030,0,12909580,317469001546
[E3IST-CSV] 5,388,20815370,5871080,0,0,441880,0,14664350,318276552656
[E3IST-CSV] 5,389,21283720,6017140,0,0,453780,0,15146520,319083368156
[E3IST-CSV] 5,390,19584000,5701320,0,0,595710,0,13765060,319871568806
[E3IST-CSV] 5,391,19491380,5707310,0,0,556540,0,13674810,320671147296
[E3IST-CSV] 5,392,22777020,6517300,0,0,614450,0,15917390,321482475736
[E3IST-CSV] 5,393,24965420,7405210,0,0,813070,0,17438370,322279620486
[E3IST-CSV] 5,394,19126170,5453270,0,0,388710,0,13557990,323071304846
[E3IST-CSV] 5,395,18852230,5458400,0,0,663030,0,13278550,323869806966
[E3IST-CSV] 5,396,19144960,5468340,0,0,396770,0,13554780,324671349736
[E3IST-CSV] 5,397,26926340,9369770,0,0,492570,0,17380540,325515388176
[E3IST-CSV] 5,398,13630460,4875540,0,0,372000,0,8650910,326246459806
[E3IST-CSV] 5,399,18837090,5357140,0,0,516930,0,13370040,327069970456
[E3IST-CSV] 5,400,19585780,5503640,0,0,417800,0,13971410,327872047096
[E3IST-CSV] 5,401,19418940,5462640,0,0,417020,0,13839810,328671755896
[E3IST-CSV] 5,402,20350940,5285470,0,0,321080,0,14948830,329476720466
[E3IST-CSV] 5,403,18433280,5393550,0,0,528740,0,12932730,330269629366
[E3IST-CSV] 5,404,18492650,5601210,0,0,406670,0,12776930,331069271426
[E3IST-CSV] 5,405,18870980,5306140,0,0,417500,0,13446940,331872675196
[E3IST-CSV] 5,406,19524270,5391590,0,0,389570,0,14014610,332672281646
[E3IST-CSV] 5,407,17373850,5117100,0,0,328020,0,12139650,333465056666
[E3IST-CSV] 5,408,18398950,5506720,0,0,487590,0,12779400,334267971286
[E3IST-CSV] 5,409,18831190,5284830,0,0,441590,0,13442350,335070832296
[E3IST-CSV] 5,410,19712050,5476920,0,0,386130,0,14118820,335873238726
[E3IST-CSV] 5,411,19743690,6755240,0,0,599070,0,12574990,336690066786
[E3IST-CSV] 5,412,17988510,5376410,0,0,356090,0,12492330,337466634226
[E3IST-CSV] 5,413,18359080,5222680,0,0,540200,0,12877000,338268827556
[E3IST-CSV] 5,414,19304560,5774420,0,0,531920,0,13411790,339070694836
[E3IST-CSV] 5,415,18505350,5900200,0,0,347340,0,12492030,339870548466
[E3IST-CSV] 5,416,19730530,5475860,0,0,455820,0,14137650,340672273046
[E3IST-CSV] 5,417,22086040,6357780,0,0,456590,0,15593560,341479531446
[E3IST-CSV] 5,418,23917470,6868150,0,0,650980,0,16820670,342282792646
[E3IST-CSV] 5,419,19252530,5715310,0,0,561720,0,13423750,343070763006
[E3IST-CSV] 5,420,21702650,6360680,0,0,507010,0,15228020,343874830686
[E3IST-CSV] 5,421,8317590,3656140,0,0,168510,0,4562540,344635595396
[E3IST-CSV] 5,422,19852200,5423820,0,0,355180,0,14307550,345474428106
[E3IST-CSV] 5,423,19098310,5430710,0,0,396740,0,13551940,346270438876
[E3IST-CSV] 5,424,19325070,5403820,0,0,392170,0,13815020,347071460546
[E3IST-CSV] 5,425,21205100,5854740,0,0,377210,0,15235620,347874906716
[E3IST-CSV] 5,426,19369420,5461830,0,0,414200,0,13790650,348671559876
[E3IST-CSV] 5,427,16039920,5820920,0,0,218130,0,10112740,349465002206
[E3IST-CSV] 5,428,19998740,5677250,0,0,422770,0,14212430,350272850006
[E3IST-CSV] 5,429,19508220,5618910,0,0,546000,0,13775300,351071133506
[E3IST-CSV] 5,430,19448880,5535370,0,0,434160,0,13799070,351871415136
[E3IST-CSV] 5,431,15638930,5875850,0,0,626220,0,9363790,352679768526
[E3IST-CSV] 5,432,15943680,5157230,0,0,305130,0,10661690,353470437556
[E3IST-CSV] 5,433,24889040,6970850,0,0,498710,0,17798890,354286836396
[E3IST-CSV] 5,434,8685870,3588170,0,0,172200,0,4999160,355037043166
[E3IST-CSV] 5,435,19179300,5475500,0,0,388650,0,13589790,355870702976
[E3IST-CSV] 5,436,12880100,3947390,0,0,169420,0,8834320,356655764716
[E3IST-CSV] 5,437,18260230,5074940,0,0,358370,0,13071070,357469708806
[E3IST-CSV] 5,438,19891660,5912610,0,0,480670,0,13851050,358279773706
[E3IST-CSV] 5,439,19333370,5549200,0,0,396450,0,13657490,359071549086
[E3IST-CSV] 5,440,18849630,5445760,0,0,502330,0,13290850,359869473676
[E3IST-CSV] 5,441,18857640,5375990,0,0,375740,0,13362610,360670175346
[E3IST-CSV] 5,442,22445510,6384010,0,0,473410,0,15929920,361479675006
[E3IST-CSV] 5,443,20092870,5856450,0,0,431370,0,14121970,362273474076
[E3IST-CSV] 5,444,19521050,5545710,0,0,401930,0,13866580,363071459066
[E3IST-CSV] 5,445,19274340,5669430,0,0,532630,0,13492540,363870550786
[E3IST-CSV] 5,446,20645300,5727030,0,0,424560,0,14637120,364679675636
[E3IST-CSV] 5,447,9339520,3583500,0,0,169090,0,5649370,365447111236
[E3IST-CSV] 5,448,8416680,3814210,0,0,169740,0,4488620,366236778876
[E3IST-CSV] 5,449,9808230,2999350,0,0,230910,0,6746020,367055101096
[E3IST-CSV] 5,450,18835880,5346830,0,0,515210,0,13361540,367869638816
[E3IST-CSV] 5,451,19482040,5563500,0,0,384950,0,13788890,368672097996
[E3IST-CSV] 5,452,8836950,3795600,0,0,172100,0,4927480,369433925956
[E3IST-CSV] 5,453,23670820,6941100,0,0,518870,0,16602220,370285189036
[E3IST-CSV] 5,454,19304900,5512600,0,0,402640,0,13683090,371071100786
[E3IST-CSV] 5,455,19700370,5277110,0,0,580010,0,14318050,371872667076
[E3IST-CSV] 5,456,19506260,5572660,0,0,405400,0,13817840,372671251396
[E3IST-CSV] 5,457,19521620,5410310,0,0,383400,0,13912540,373471667606
[E3IST-CSV] 5,458,19700690,5606270,0,0,402690,0,13986680,374271130166
[E3IST-CSV] 5,459,19490210,5655860,0,0,550600,0,13720150,375070956666
[E3IST-CSV] 5,460,7708130,3535310,0,0,215530,0,4072510,375833132146
[E3IST-CSV] 5,461,19475040,5722910,0,0,452400,0,13636190,376671651256
[E3IST-CSV] 5,462,19413080,5660490,0,0,428100,0,13630280,377471732336
[E3IST-CSV] 5,463,24807950,7313950,0,0,654860,0,17363000,378279476916
[E3IST-CSV] 5,464,20945190,5943960,0,0,443500,0,14824380,379085481366
[E3IST-CSV] 5,465,9389180,3581490,0,0,175450,0,5565220,379838325736
[E3IST-CSV] 5,466,19493900,5600280,0,0,552440,0,13782010,380670676356
[E3IST-CSV] 5,467,19397960,5534910,0,0,383620,0,13742640,381471028806
[E3IST-CSV] 5,468,19488680,5434620,0,0,396040,0,13942320,382270956106
[E3IST-CSV] 5,469,19496110,5676420,0,0,550620,0,13706740,383070651316
[E3IST-CSV] 5,470,19366000,5584270,0,0,403230,0,13664920,383869865806
[E3IST-CSV] 5,471,8792510,3704540,0,0,171190,0,4989210,384634774436
[E3IST-CSV] 5,472,26010620,7020300,0,0,533920,0,18861450,385489105066
[E3IST-CSV] 5,473,15026900,3920030,0,0,346590,0,11008380,386259551356
[E3IST-CSV] 5,474,19356570,5465120,0,0,393080,0,13773020,387070999046
[E3IST-CSV] 5,475,15615370,4584300,0,0,425370,0,10919550,387861169586
[E3IST-CSV] 5,476,19537190,5663350,0,0,596300,0,13761370,388671008556
[E3IST-CSV] 5,477,24321940,7131890,0,0,575090,0,17061210,389481973646
[E3IST-CSV] 5,478,18879980,5409370,0,0,374430,0,13354140,390269849106
[E3IST-CSV] 5,479,17186500,5139370,0,0,316580,0,11940020,391064995046
[E3IST-CSV] 5,480,19805620,5563630,0,0,618430,0,14133570,391871560826
[E3IST-CSV] 5,481,19280210,5506810,0,0,362080,0,13656680,392671388626
[E3IST-CSV] 5,482,19811290,5673690,0,0,382110,0,14016500,393473247556
[E3IST-CSV] 5,483,19698600,6051200,0,0,517860,0,13362720,394278259186
[E3IST-CSV] 5,484,20011710,5312640,0,0,302250,0,14594300,395074653616
[E3IST-CSV] 5,485,12363860,3896110,0,0,168030,0,8370700,395848640426
[E3IST-CSV] 5,486,19105950,5740290,0,0,416250,0,13258470,396671299846
[E3IST-CSV] 5,487,17109410,5589140,0,0,362820,0,11404910,397468279346
[E3IST-CSV] 5,488,14518490,4891690,0,0,369080,0,9515660,398258473656
[E3IST-CSV] 5,489,26223020,7380860,0,0,507830,0,18708580,399093730626
[E3IST-CSV] 5,490,27658210,7693740,0,0,568000,0,19837710,399893211716
[E3IST-CSV] 5,491,21162800,6098340,0,0,621600,0,14942360,400682845306
[E3IST-CSV] 5,492,24499920,7099420,0,0,549070,0,17273190,401492193606
[E3IST-CSV] 5,493,19133550,5381060,0,0,379250,0,13643360,402270418816
[E3IST-CSV] 5,494,19569540,5719450,0,0,612740,0,13739000,403070735866
[E3IST-CSV] 5,495,19651430,5674530,0,0,475030,0,13872540,403870413036
[E3IST-CSV] 5,496,19620000,5789230,0,0,603480,0,13727470,404670619976
[E3IST-CSV] 5,497,17572700,5163490,0,0,349770,0,12288420,405465510036
[E3IST-CSV] 5,498,19923070,5547100,0,0,594270,0,14258630,406271935276
[E3IST-CSV] 5,499,19210340,5462580,0,0,381950,0,13641730,407070753936
[E3IST-SUMMARY] chain_len=5 e2e_avg=18855857 publish_avg=5700967 gc_trigger_avg=0 invoke_cb_avg=0 getnext_avg=428211 take_data_avg=0 sched_avg=13015602 dispatch_avg=207471524064

*** FATAL ***
fatal source: 9 (RTEMS_FATAL_SOURCE_EXCEPTION)

R0   = 0x01596bb8 R8  = 0x00000000
R1   = 0x00000000 R9  = 0x00000000
R2   = 0x00000010 R10 = 0x00000000
R3   = 0x01596cb8 R11 = 0x00000000
R4   = 0x00c00c88 R12 = 0x01596cb8
R5   = 0x0030cbd1 SP  = 0x01596ba8
R6   = 0x00000000 LR  = 0x00000000
R7   = 0x01596ba8 PC  = 0x0030cc58
CPSR = 0x600d0173 VEC = 0x00000001
FPEXC = 0x40000000
FPSCR = 0x20000010
D00 = 0x0000000000000000
D01 = 0x0000000000000001
D02 = 0x0000000000000000
D03 = 0x0000000000000000
D04 = 0x0000000000000000
D05 = 0x0000000000000000
D06 = 0x00abc85400abc854
D07 = 0x000186a00061a800
D08 = 0x0000000000000000
D09 = 0x0000000000000000
D10 = 0x0000000000000000
D11 = 0x0000000000000000
D12 = 0x0000000000000000
D13 = 0x0000000000000000
D14 = 0x0000000000000000
D15 = 0x0000000000000000
D16 = 0x0000000000000000
D17 = 0x0000000000000000
D18 = 0x0000000000000000
D19 = 0x0000000000000000
D20 = 0x00abcaac00abca98
D21 = 0x00abcadc00abcac0
D22 = 0x00abc9f400abc9e4
D23 = 0x00abca1400abca04
D24 = 0x00abc9b400abc9a4
D25 = 0x00abc9d400abc9c4
D26 = 0x00abc94000abc918
D27 = 0x00abc98000abc964
D28 = 0x00abc8c000abc890
D29 = 0x00abc8f800abc8dc
D30 = 0x00abcd7800abcd78
D31 = 0x00abc88400abc878
RTEMS version: 6.1.0.not-released
RTEMS tools: 13.3.0 20240521 (RTEMS 6, RSB no-repo, Newlib 1b3dcfd)
executing thread ID: 0x0a010001
executing thread name: UI1 
