
RTEMS Shell on /dev/console. Use 'help' to list commands.
SHLL [/] # nexus0: <RTEMS Nexus device>
info: lo0: link state changed to UP
=== Exp3inter-RT: Task Chain (n=3) RTExecutor ===
Period: 200ms, Rounds: 500
[E3IRT-CSV] chain_len,round,e2e_ns,publish_ns,gc_trigger_ns,invoke_cb_ns,getnext_ns,take_data_ns,sched_ns,dispatch_ns
[RTExecutor] Constructed (kernel-driven, no spin)
666666
CPP Msg not nullptr
CPP Msg not nullptr
CPP Msg not nullptr
CPP Msg not nullptr
C Msg not NULL
C Msg not NULL
CPP Srv not nullptr
CPP Srv not nullptr
CPP Srv not nullptr
CPP Srv not nullptr
CPP Srv not nullptr
CPP Srv not nullptr
CPP Msg not nullptr
CPP Msg not nullptr
CPP Msg not nullptr
CPP Msg not nullptr
CPP Msg not nullptr
CPP Msg not nullptr
C Msg not NULL
C Msg not NULL
CPP Srv not nullptr
CPP Srv not nullptr
CPP Srv not nullptr
CPP Srv not nullptr
CPP Srv not nullptr
CPP Srv not nullptr
CPP Msg not nullptr
CPP Msg not nullptr
CPP Msg not nullptr
CPP Msg not nullptr
CPP Msg not nullptr
CPP Msg not nullptr
CPP Msg not nullptr
CPP Msg not nullptr
C Msg not NULL
C Msg not NULL
CPP Srv not nullptr
CPP Srv not nullptr
CPP Srv not nullptr
CPP Srv not nullptr
CPP Srv not nullptr
CPP Srv not nullptr
CPP Msg not nullptr
CPP Msg not nullptr
CPP Msg not nullptr
CPP Msg not nullptr
CPP Msg not nullptr
CPP Msg not nullptr
[RTExecutor] Registered timer ch=0 period=200ms pri=60
[CallbackTask] Started 'SUB0' pri=80 tid=167837713
[RTExecutor] Registered subscription 'chain_1' pri=80 direct_notify=ON
[CallbackTask] Started 'SUB1' pri=80 tid=167837714
[RTExecutor] Registered subscription 'chain_2' pri=80 direct_notify=ON
[CallbackTask] Started 'TM0' pri=60 tid=167837715
[RTExecutor] Timer ch=0 period=200t target=167837715
[RTExecutor] Running — ALL callbacks kernel-driven, NO polling
[E3IRT-CSV] 3,0,15286160,6868450,0,0,0,0,7166570,0
[E3IRT-CSV] 3,1,1757240,911650,0,0,0,0,767570,0
[E3IRT-CSV] 3,2,1831200,944280,0,0,0,0,806570,0
[E3IRT-CSV] 3,3,1704040,882290,0,0,0,0,731390,0
[E3IRT-CSV] 3,4,1743610,894220,0,0,0,0,767500,0
[E3IRT-CSV] 3,5,1630200,1005790,0,0,0,0,546560,0
[E3IRT-CSV] 3,6,1752100,910030,0,0,0,0,752470,0
[E3IRT-CSV] 3,7,1762080,908960,0,0,0,0,759690,0
[E3IRT-CSV] 3,8,2337270,1029520,0,0,0,0,1222850,0
[E3IRT-CSV] 3,9,1703240,872990,0,0,0,0,740250,0
[E3IRT-CSV] 3,10,3556020,2122940,0,0,0,0,1270800,0
[E3IRT-CSV] 3,11,1941160,1095400,0,0,0,0,742670,0
[E3IRT-CSV] 3,12,3118730,1877630,0,0,0,0,1095280,0
[E3IRT-CSV] 3,13,2105700,1002070,0,0,0,0,862680,0
[E3IRT-CSV] 3,14,1632560,976800,0,0,0,0,560260,0
[E3IRT-CSV] 3,15,1671440,866960,0,0,0,0,560390,0
[E3IRT-CSV] 3,16,1886950,880430,0,0,0,0,917110,0
[E3IRT-CSV] 3,17,1990510,949140,0,0,0,0,933000,0
[E3IRT-CSV] 3,18,1641840,852480,0,0,0,0,553770,0
[E3IRT-CSV] 3,19,2243330,1514500,0,0,0,0,597620,0
[E3IRT-CSV] 3,20,2069410,877870,0,0,0,0,1103980,0
[E3IRT-CSV] 3,21,1834890,863330,0,0,0,0,883200,0
[E3IRT-CSV] 3,22,3529800,1764800,0,0,0,0,1614510,0
[E3IRT-CSV] 3,23,1708140,896040,0,0,0,0,725240,0
[E3IRT-CSV] 3,24,1584910,963490,0,0,0,0,546850,0
[E3IRT-CSV] 3,25,1568440,953450,0,0,0,0,540420,0
[E3IRT-CSV] 3,26,1632130,995780,0,0,0,0,559160,0
[E3IRT-CSV] 3,27,1712600,901590,0,0,0,0,719030,0
[E3IRT-CSV] 3,28,1664050,861000,0,0,0,0,718160,0
[E3IRT-CSV] 3,29,1621110,985940,0,0,0,0,559830,0
[E3IRT-CSV] 3,30,1634540,992710,0,0,0,0,556920,0
[E3IRT-CSV] 3,31,1667820,1023120,0,0,0,0,562350,0
[E3IRT-CSV] 3,32,1998920,948160,0,0,0,0,958920,0
[E3IRT-CSV] 3,33,1703080,882820,0,0,0,0,735130,0
[E3IRT-CSV] 3,34,1704110,886980,0,0,0,0,732160,0
[E3IRT-CSV] 3,35,1660930,1023990,0,0,0,0,557130,0
[E3IRT-CSV] 3,36,1644390,1000790,0,0,0,0,562800,0
[E3IRT-CSV] 3,37,1743960,904620,0,0,0,0,748660,0
[E3IRT-CSV] 3,38,1689300,869040,0,0,0,0,737890,0
[E3IRT-CSV] 3,39,1671310,1046730,0,0,0,0,555400,0
[E3IRT-CSV] 3,40,1600000,984150,0,0,0,0,542440,0
[E3IRT-CSV] 3,41,1618950,993550,0,0,0,0,549440,0
[E3IRT-CSV] 3,42,1730460,896540,0,0,0,0,743340,0
[E3IRT-CSV] 3,43,1711040,882910,0,0,0,0,733320,0
[E3IRT-CSV] 3,44,1566610,968690,0,0,0,0,530590,0
[E3IRT-CSV] 3,45,1651240,850010,0,0,0,0,711300,0
[E3IRT-CSV] 3,46,1659700,857570,0,0,0,0,718070,0
[E3IRT-CSV] 3,47,3687240,2255560,0,0,0,0,1321740,0
[E3IRT-CSV] 3,48,1668960,861640,0,0,0,0,725240,0
[E3IRT-CSV] 3,49,1544450,937750,0,0,0,0,539940,0
[E3IRT-CSV] 3,50,1633390,989230,0,0,0,0,564120,0
[E3IRT-CSV] 3,51,1691170,872620,0,0,0,0,731340,0
[E3IRT-CSV] 3,52,1727700,901120,0,0,0,0,736400,0
[E3IRT-CSV] 3,53,1713420,897200,0,0,0,0,726070,0
[E3IRT-CSV] 3,54,1658020,855080,0,0,0,0,564290,0
[E3IRT-CSV] 3,55,1622410,830790,0,0,0,0,558870,0
[E3IRT-CSV] 3,56,1655110,1020830,0,0,0,0,559760,0
[E3IRT-CSV] 3,57,1712160,895900,0,0,0,0,728170,0
[E3IRT-CSV] 3,58,1667240,874470,0,0,0,0,708500,0
[E3IRT-CSV] 3,59,1789100,925260,0,0,0,0,773590,0
[E3IRT-CSV] 3,60,1710270,896180,0,0,0,0,730270,0
[E3IRT-CSV] 3,61,1655410,844720,0,0,0,0,730210,0
[E3IRT-CSV] 3,62,2012970,971260,0,0,0,0,957400,0
[E3IRT-CSV] 3,63,1723950,890270,0,0,0,0,748570,0
[E3IRT-CSV] 3,64,1682610,865350,0,0,0,0,733970,0
[E3IRT-CSV] 3,65,1592120,973080,0,0,0,0,550640,0
[E3IRT-CSV] 3,66,1680970,865950,0,0,0,0,730750,0
[E3IRT-CSV] 3,67,1709730,902720,0,0,0,0,720000,0
[E3IRT-CSV] 3,68,1975740,926900,0,0,0,0,953160,0
[E3IRT-CSV] 3,69,1576560,951150,0,0,0,0,546090,0
[E3IRT-CSV] 3,70,1629370,842040,0,0,0,0,711000,0
[E3IRT-CSV] 3,71,1795070,915730,0,0,0,0,778000,0
[E3IRT-CSV] 3,72,1761710,903270,0,0,0,0,761120,0
[E3IRT-CSV] 3,73,1731830,904310,0,0,0,0,739000,0
[E3IRT-CSV] 3,74,2018080,973710,0,0,0,0,929440,0
[E3IRT-CSV] 3,75,1731230,910940,0,0,0,0,739020,0
[E3IRT-CSV] 3,76,3377760,1742120,0,0,0,0,1535720,0
[E3IRT-CSV] 3,77,1995020,956750,0,0,0,0,939590,0
[E3IRT-CSV] 3,78,1928100,934180,0,0,0,0,898860,0
[E3IRT-CSV] 3,79,1677860,874830,0,0,0,0,724310,0
[E3IRT-CSV] 3,80,1687310,880070,0,0,0,0,720190,0
[E3IRT-CSV] 3,81,1769770,910650,0,0,0,0,760250,0
[E3IRT-CSV] 3,82,1707780,883270,0,0,0,0,734330,0
[E3IRT-CSV] 3,83,1736040,905050,0,0,0,0,733620,0
[E3IRT-CSV] 3,84,1679780,865120,0,0,0,0,724780,0
[E3IRT-CSV] 3,85,1703450,889940,0,0,0,0,726040,0
[E3IRT-CSV] 3,86,1726160,899960,0,0,0,0,732810,0
[E3IRT-CSV] 3,87,1932950,933720,0,0,0,0,895760,0
[E3IRT-CSV] 3,88,1706910,879500,0,0,0,0,741620,0
[E3IRT-CSV] 3,89,1691160,887380,0,0,0,0,722260,0
[E3IRT-CSV] 3,90,1679090,871000,0,0,0,0,721530,0
[E3IRT-CSV] 3,91,3369430,1982600,0,0,0,0,1238350,0
[E3IRT-CSV] 3,92,2019170,973910,0,0,0,0,955970,0
[E3IRT-CSV] 3,93,1735310,901840,0,0,0,0,746730,0
[E3IRT-CSV] 3,94,1670420,874170,0,0,0,0,711030,0
[E3IRT-CSV] 3,95,1717380,905170,0,0,0,0,723710,0
[E3IRT-CSV] 3,96,1689380,876700,0,0,0,0,731610,0
[E3IRT-CSV] 3,97,2445840,1367810,0,0,0,0,961470,0
[E3IRT-CSV] 3,98,1678790,853040,0,0,0,0,739370,0
[E3IRT-CSV] 3,99,1560420,801600,0,0,0,0,684180,0
[E3IRT-CSV] 3,100,1662190,859170,0,0,0,0,716480,0
[E3IRT-CSV] 3,101,1641060,847080,0,0,0,0,705650,0
[E3IRT-CSV] 3,102,1910460,927420,0,0,0,0,883430,0
[E3IRT-CSV] 3,103,1705690,884230,0,0,0,0,735700,0
[E3IRT-CSV] 3,104,1585800,817960,0,0,0,0,691180,0
[E3IRT-CSV] 3,105,1929780,901230,0,0,0,0,937330,0
[E3IRT-CSV] 3,106,1696240,847760,0,0,0,0,767800,0
[E3IRT-CSV] 3,107,2109790,969270,0,0,0,0,1036930,0
[E3IRT-CSV] 3,108,1725390,876850,0,0,0,0,766610,0
[E3IRT-CSV] 3,109,1723140,872890,0,0,0,0,767060,0
[E3IRT-CSV] 3,110,1662940,847540,0,0,0,0,727490,0
[E3IRT-CSV] 3,111,1858780,895270,0,0,0,0,868170,0
[E3IRT-CSV] 3,112,1870830,900700,0,0,0,0,872740,0
[E3IRT-CSV] 3,113,1868070,896630,0,0,0,0,874300,0
[E3IRT-CSV] 3,114,3384700,1740050,0,0,0,0,1496630,0
[E3IRT-CSV] 3,115,3351190,1901880,0,0,0,0,1319870,0
[E3IRT-CSV] 3,116,1941660,917680,0,0,0,0,938810,0
[E3IRT-CSV] 3,117,1862240,897080,0,0,0,0,863600,0
[E3IRT-CSV] 3,118,2206910,998980,0,0,0,0,1118020,0
[E3IRT-CSV] 3,119,1667670,844130,0,0,0,0,742750,0
[E3IRT-CSV] 3,120,1629260,818100,0,0,0,0,739370,0
[E3IRT-CSV] 3,121,1645610,849980,0,0,0,0,708380,0
[E3IRT-CSV] 3,122,1921750,926880,0,0,0,0,918530,0
[E3IRT-CSV] 3,123,1687810,881690,0,0,0,0,716910,0
[E3IRT-CSV] 3,124,1639000,839350,0,0,0,0,715310,0
[E3IRT-CSV] 3,125,1838800,887780,0,0,0,0,855950,0
[E3IRT-CSV] 3,126,1868220,894290,0,0,0,0,884980,0
[E3IRT-CSV] 3,127,1659510,855640,0,0,0,0,714670,0
[E3IRT-CSV] 3,128,1885430,1052790,0,0,0,0,741350,0
[E3IRT-CSV] 3,129,1842330,886940,0,0,0,0,864690,0
[E3IRT-CSV] 3,130,1837430,867720,0,0,0,0,880150,0
[E3IRT-CSV] 3,131,1831670,876470,0,0,0,0,863370,0
[E3IRT-CSV] 3,132,1846900,881340,0,0,0,0,865850,0
[E3IRT-CSV] 3,133,1649920,848260,0,0,0,0,714430,0
[E3IRT-CSV] 3,134,1648210,831710,0,0,0,0,731330,0
[E3IRT-CSV] 3,135,1666440,853370,0,0,0,0,719860,0
[E3IRT-CSV] 3,136,1605440,829930,0,0,0,0,693950,0
[E3IRT-CSV] 3,137,1952920,1079800,0,0,0,0,783760,0
[E3IRT-CSV] 3,138,1842550,886250,0,0,0,0,870100,0
[E3IRT-CSV] 3,139,2278990,1287550,0,0,0,0,899800,0
[E3IRT-CSV] 3,140,3430240,1705430,0,0,0,0,1583640,0
[E3IRT-CSV] 3,141,1846070,874260,0,0,0,0,885590,0
[E3IRT-CSV] 3,142,1834080,872500,0,0,0,0,871150,0
[E3IRT-CSV] 3,143,1887230,902630,0,0,0,0,893570,0
[E3IRT-CSV] 3,144,1846060,901830,0,0,0,0,854590,0
[E3IRT-CSV] 3,145,1847670,879010,0,0,0,0,879140,0
[E3IRT-CSV] 3,146,1796570,854790,0,0,0,0,855230,0
[E3IRT-CSV] 3,147,1909070,880530,0,0,0,0,913160,0
[E3IRT-CSV] 3,148,1640180,854100,0,0,0,0,709900,0
[E3IRT-CSV] 3,149,1580950,810490,0,0,0,0,695810,0
[E3IRT-CSV] 3,150,2007270,963250,0,0,0,0,954720,0
[E3IRT-CSV] 3,151,1627090,841740,0,0,0,0,703360,0
[E3IRT-CSV] 3,152,2328090,1409960,0,0,0,0,810700,0
[E3IRT-CSV] 3,153,3212530,1916680,0,0,0,0,1149150,0
[E3IRT-CSV] 3,154,2149240,1013850,0,0,0,0,1046720,0
[E3IRT-CSV] 3,155,1848950,878190,0,0,0,0,885850,0
[E3IRT-CSV] 3,156,1796780,856530,0,0,0,0,858130,0
[E3IRT-CSV] 3,157,1881820,1032420,0,0,0,0,753400,0
[E3IRT-CSV] 3,158,1781830,853260,0,0,0,0,842350,0
[E3IRT-CSV] 3,159,1814550,873370,0,0,0,0,851230,0
[E3IRT-CSV] 3,160,1804110,851250,0,0,0,0,866520,0
[E3IRT-CSV] 3,161,1878650,1039430,0,0,0,0,737970,0
[E3IRT-CSV] 3,162,1866270,1030350,0,0,0,0,742370,0
[E3IRT-CSV] 3,163,1786230,866130,0,0,0,0,831680,0
[E3IRT-CSV] 3,164,1572090,813000,0,0,0,0,683080,0
[E3IRT-CSV] 3,165,1921940,1055210,0,0,0,0,767490,0
[E3IRT-CSV] 3,166,1791360,856030,0,0,0,0,850280,0
[E3IRT-CSV] 3,167,2390230,1461660,0,0,0,0,829150,0
[E3IRT-CSV] 3,168,1852790,872530,0,0,0,0,894280,0
[E3IRT-CSV] 3,169,1851000,1020420,0,0,0,0,738760,0
[E3IRT-CSV] 3,170,1743530,823750,0,0,0,0,840440,0
[E3IRT-CSV] 3,171,1868550,1060610,0,0,0,0,722990,0
[E3IRT-CSV] 3,172,1830250,1012640,0,0,0,0,729530,0
[E3IRT-CSV] 3,173,1791850,989660,0,0,0,0,707550,0
[E3IRT-CSV] 3,174,1774910,848460,0,0,0,0,843820,0
[E3IRT-CSV] 3,175,1809990,855370,0,0,0,0,869740,0
[E3IRT-CSV] 3,176,1588900,809640,0,0,0,0,702590,0
[E3IRT-CSV] 3,177,1875890,1035250,0,0,0,0,741140,0
[E3IRT-CSV] 3,178,1796970,997100,0,0,0,0,713030,0
[E3IRT-CSV] 3,179,1788560,992090,0,0,0,0,711660,0
[E3IRT-CSV] 3,180,1814030,1003460,0,0,0,0,717700,0
[E3IRT-CSV] 3,181,1762140,830960,0,0,0,0,848010,0
[E3IRT-CSV] 3,182,1970880,1226510,0,0,0,0,643880,0
[E3IRT-CSV] 3,183,3343850,1970250,0,0,0,0,1230100,0
[E3IRT-CSV] 3,184,1844360,1015890,0,0,0,0,738280,0
[E3IRT-CSV] 3,185,1511780,782600,0,0,0,0,658450,0
[E3IRT-CSV] 3,186,1767830,973880,0,0,0,0,708610,0
[E3IRT-CSV] 3,187,2299660,1434580,0,0,0,0,769480,0
[E3IRT-CSV] 3,188,2355800,1419890,0,0,0,0,845290,0
[E3IRT-CSV] 3,189,1712930,783140,0,0,0,0,861190,0
[E3IRT-CSV] 3,190,1802530,986370,0,0,0,0,733860,0
[E3IRT-CSV] 3,191,1790490,984210,0,0,0,0,720530,0
[E3IRT-CSV] 3,192,3441320,2032540,0,0,0,0,1244800,0
[E3IRT-CSV] 3,193,1835280,1011590,0,0,0,0,734700,0
[E3IRT-CSV] 3,194,3323590,1940910,0,0,0,0,1241320,0
[E3IRT-CSV] 3,195,3245160,1901590,0,0,0,0,1215270,0
[E3IRT-CSV] 3,196,1797500,996140,0,0,0,0,712770,0
[E3IRT-CSV] 3,197,1901790,1042150,0,0,0,0,771220,0
[E3IRT-CSV] 3,198,2733270,1600000,0,0,0,0,997050,0
[E3IRT-CSV] 3,199,2404490,1466090,0,0,0,0,813170,0
[E3IRT-CSV] 3,200,1764150,966700,0,0,0,0,717650,0
[E3IRT-CSV] 3,201,2154170,1363690,0,0,0,0,696040,0
[E3IRT-CSV] 3,202,1904520,1041210,0,0,0,0,771650,0
[E3IRT-CSV] 3,203,3421410,2020680,0,0,0,0,1257100,0
[E3IRT-CSV] 3,204,2899020,1625090,0,0,0,0,1154030,0
[E3IRT-CSV] 3,205,1757140,958270,0,0,0,0,720480,0
[E3IRT-CSV] 3,206,1706850,797910,0,0,0,0,836690,0
[E3IRT-CSV] 3,207,3785810,2089120,0,0,0,0,1535800,0
[E3IRT-CSV] 3,208,3314900,1975210,0,0,0,0,1204210,0
[E3IRT-CSV] 3,209,3067590,1802510,0,0,0,0,1155920,0
[E3IRT-CSV] 3,210,1961980,1224760,0,0,0,0,642690,0
[E3IRT-CSV] 3,211,1806140,993740,0,0,0,0,728600,0
[E3IRT-CSV] 3,212,3605250,2081460,0,0,0,0,1369990,0
[E3IRT-CSV] 3,213,2215520,1336290,0,0,0,0,785470,0
[E3IRT-CSV] 3,214,1731600,943250,0,0,0,0,709430,0
[E3IRT-CSV] 3,215,1783880,978430,0,0,0,0,726660,0
[E3IRT-CSV] 3,216,1725770,951640,0,0,0,0,696400,0
[E3IRT-CSV] 3,217,1500510,899770,0,0,0,0,517450,0
[E3IRT-CSV] 3,218,1850720,1029530,0,0,0,0,739010,0
[E3IRT-CSV] 3,219,1756610,979390,0,0,0,0,700740,0
[E3IRT-CSV] 3,220,1766870,973800,0,0,0,0,714350,0
[E3IRT-CSV] 3,221,1768160,968480,0,0,0,0,716720,0
[E3IRT-CSV] 3,222,4111440,2204330,0,0,0,0,1747890,0
[E3IRT-CSV] 3,223,1897330,1184120,0,0,0,0,621560,0
[E3IRT-CSV] 3,224,1849310,1030310,0,0,0,0,734330,0
[E3IRT-CSV] 3,225,1848000,1021340,0,0,0,0,734250,0
[E3IRT-CSV] 3,226,1735580,953510,0,0,0,0,706280,0
[E3IRT-CSV] 3,227,1397050,827510,0,0,0,0,491580,0
[E3IRT-CSV] 3,228,1922840,1050390,0,0,0,0,771400,0
[E3IRT-CSV] 3,229,3367990,1988720,0,0,0,0,1232370,0
[E3IRT-CSV] 3,230,2270940,1389370,0,0,0,0,774870,0
[E3IRT-CSV] 3,231,3350490,2004600,0,0,0,0,1202730,0
[E3IRT-CSV] 3,232,1911250,1200210,0,0,0,0,614350,0
[E3IRT-CSV] 3,233,1817550,1013480,0,0,0,0,720950,0
[E3IRT-CSV] 3,234,2047900,1286940,0,0,0,0,561860,0
[E3IRT-CSV] 3,235,1779270,990130,0,0,0,0,713670,0
[E3IRT-CSV] 3,236,3342020,1964030,0,0,0,0,1232510,0
[E3IRT-CSV] 3,237,2784590,1589870,0,0,0,0,1061310,0
[E3IRT-CSV] 3,238,1822410,985010,0,0,0,0,753350,0
[E3IRT-CSV] 3,239,1696640,933650,0,0,0,0,695600,0
[E3IRT-CSV] 3,240,1669440,922500,0,0,0,0,677970,0
[E3IRT-CSV] 3,241,1836960,995930,0,0,0,0,741410,0
[E3IRT-CSV] 3,242,1975690,1229270,0,0,0,0,657320,0
[E3IRT-CSV] 3,243,1788280,982160,0,0,0,0,726320,0
[E3IRT-CSV] 3,244,1692250,925360,0,0,0,0,699200,0
[E3IRT-CSV] 3,245,1697240,930560,0,0,0,0,685700,0
[E3IRT-CSV] 3,246,2239260,1383430,0,0,0,0,765660,0
[E3IRT-CSV] 3,247,2939790,1785820,0,0,0,0,1009480,0
[E3IRT-CSV] 3,248,1945940,1197660,0,0,0,0,657760,0
[E3IRT-CSV] 3,249,1765700,1097600,0,0,0,0,584830,0
[E3IRT-CSV] 3,250,2192240,1460710,0,0,0,0,653780,0
[E3IRT-CSV] 3,251,1815290,996160,0,0,0,0,736370,0
[E3IRT-CSV] 3,252,1846080,995670,0,0,0,0,768090,0
[E3IRT-CSV] 3,253,3672310,2015670,0,0,0,0,1508860,0
[E3IRT-CSV] 3,254,1912710,1239230,0,0,0,0,576610,0
[E3IRT-CSV] 3,255,2681860,1555310,0,0,0,0,1004850,0
[E3IRT-CSV] 3,256,1928480,1242630,0,0,0,0,598810,0
[E3IRT-CSV] 3,257,2654460,1470050,0,0,0,0,1062830,0
[E3IRT-CSV] 3,258,1873330,1181340,0,0,0,0,605870,0
[E3IRT-CSV] 3,259,1657360,911080,0,0,0,0,677160,0
[E3IRT-CSV] 3,260,1935340,1231850,0,0,0,0,598640,0
[E3IRT-CSV] 3,261,1774370,988620,0,0,0,0,705110,0
[E3IRT-CSV] 3,262,3633360,2000360,0,0,0,0,1484320,0
[E3IRT-CSV] 3,263,2239640,1399140,0,0,0,0,743950,0
[E3IRT-CSV] 3,264,1704520,939380,0,0,0,0,696170,0
[E3IRT-CSV] 3,265,1740900,964870,0,0,0,0,699120,0
[E3IRT-CSV] 3,266,2741570,1560180,0,0,0,0,1040390,0
[E3IRT-CSV] 3,267,1808980,1126610,0,0,0,0,591610,0
[E3IRT-CSV] 3,268,1746890,959100,0,0,0,0,707260,0
[E3IRT-CSV] 3,269,1777930,983070,0,0,0,0,714290,0
[E3IRT-CSV] 3,270,1663920,905930,0,0,0,0,677950,0
[E3IRT-CSV] 3,271,1791150,989970,0,0,0,0,718890,0
[E3IRT-CSV] 3,272,1912760,1189670,0,0,0,0,637250,0
[E3IRT-CSV] 3,273,1808430,996110,0,0,0,0,730570,0
[E3IRT-CSV] 3,274,1712480,941160,0,0,0,0,696940,0
[E3IRT-CSV] 3,275,1710500,927050,0,0,0,0,713520,0
[E3IRT-CSV] 3,276,1756620,968930,0,0,0,0,707750,0
[E3IRT-CSV] 3,277,1657660,899260,0,0,0,0,683750,0
[E3IRT-CSV] 3,278,1808980,988750,0,0,0,0,736360,0
[E3IRT-CSV] 3,279,1718920,948120,0,0,0,0,700530,0
[E3IRT-CSV] 3,280,1666990,906920,0,0,0,0,687690,0
[E3IRT-CSV] 3,281,1799400,988670,0,0,0,0,728130,0
[E3IRT-CSV] 3,282,1805890,1135830,0,0,0,0,584030,0
[E3IRT-CSV] 3,283,2199680,1355150,0,0,0,0,756870,0
[E3IRT-CSV] 3,284,1905850,1203790,0,0,0,0,609390,0
[E3IRT-CSV] 3,285,1763080,970670,0,0,0,0,715420,0
[E3IRT-CSV] 3,286,1741260,959980,0,0,0,0,707120,0
[E3IRT-CSV] 3,287,831280,425260,0,0,0,0,357000,0
[E3IRT-CSV] 3,288,2952190,2114660,0,0,0,0,692800,0
[E3IRT-CSV] 3,289,1925130,1212090,0,0,0,0,628410,0
[E3IRT-CSV] 3,290,1797340,1134020,0,0,0,0,583880,0
[E3IRT-CSV] 3,291,1832830,1165920,0,0,0,0,579940,0
[E3IRT-CSV] 3,292,911820,475560,0,0,0,0,379490,0
[E3IRT-CSV] 3,293,1729670,937230,0,0,0,0,715230,0
[E3IRT-CSV] 3,294,1722110,931720,0,0,0,0,716170,0
[E3IRT-CSV] 3,295,1816830,1139570,0,0,0,0,593470,0
[E3IRT-CSV] 3,296,1760040,965000,0,0,0,0,713800,0
[E3IRT-CSV] 3,297,1263410,766280,0,0,0,0,434910,0
[E3IRT-CSV] 3,298,1700870,942180,0,0,0,0,685590,0
[E3IRT-CSV] 3,299,1704850,947350,0,0,0,0,687430,0
[E3IRT-CSV] 3,300,1644640,912310,0,0,0,0,666840,0
[E3IRT-CSV] 3,301,1662050,905700,0,0,0,0,684880,0
[E3IRT-CSV] 3,302,1911360,1198570,0,0,0,0,633680,0
[E3IRT-CSV] 3,303,3775160,2408060,0,0,0,0,1205790,0
[E3IRT-CSV] 3,304,2073650,1273980,0,0,0,0,713740,0
[E3IRT-CSV] 3,305,1638470,914130,0,0,0,0,657910,0
[E3IRT-CSV] 3,306,2612090,1483110,0,0,0,0,1000560,0
[E3IRT-CSV] 3,307,3676960,2271810,0,0,0,0,1262830,0
[E3IRT-CSV] 3,308,3734470,2141380,0,0,0,0,1452240,0
[E3IRT-CSV] 3,309,1784910,1146010,0,0,0,0,556760,0
[E3IRT-CSV] 3,310,1786010,1139320,0,0,0,0,570890,0
[E3IRT-CSV] 3,311,2902070,2071270,0,0,0,0,703460,0
[E3IRT-CSV] 3,312,1885940,1183690,0,0,0,0,614440,0
[E3IRT-CSV] 3,313,2140180,1321640,0,0,0,0,726660,0
[E3IRT-CSV] 3,314,1781500,1128310,0,0,0,0,575240,0
[E3IRT-CSV] 3,315,1771950,1100740,0,0,0,0,586070,0
[E3IRT-CSV] 3,316,2585050,1470990,0,0,0,0,982610,0
[E3IRT-CSV] 3,317,2545820,1166530,0,0,0,0,1033720,0
[E3IRT-CSV] 3,318,1990570,954700,0,0,0,0,742720,0
[E3IRT-CSV] 3,319,1835290,1160100,0,0,0,0,583650,0
[E3IRT-CSV] 3,320,1731330,1096420,0,0,0,0,561360,0
[E3IRT-CSV] 3,321,1840910,1155340,0,0,0,0,592530,0
[E3IRT-CSV] 3,322,1857210,1167600,0,0,0,0,599910,0
[E3IRT-CSV] 3,323,1905720,1193880,0,0,0,0,608580,0
[E3IRT-CSV] 3,324,1784390,1124030,0,0,0,0,576190,0
[E3IRT-CSV] 3,325,1656560,914780,0,0,0,0,674980,0
[E3IRT-CSV] 3,326,1868410,1175670,0,0,0,0,597210,0
[E3IRT-CSV] 3,327,825820,423290,0,0,0,0,350630,0
[E3IRT-CSV] 3,328,1836610,1150560,0,0,0,0,598770,0
[E3IRT-CSV] 3,329,1789710,1123770,0,0,0,0,580510,0
[E3IRT-CSV] 3,330,1792420,1130280,0,0,0,0,582830,0
[E3IRT-CSV] 3,331,3119250,2103610,0,0,0,0,875690,0
[E3IRT-CSV] 3,332,2022060,1232090,0,0,0,0,687680,0
[E3IRT-CSV] 3,333,2212410,1268980,0,0,0,0,846980,0
[E3IRT-CSV] 3,334,1814530,1143880,0,0,0,0,581340,0
[E3IRT-CSV] 3,335,2245460,1380230,0,0,0,0,770040,0
[E3IRT-CSV] 3,336,3603670,2224070,0,0,0,0,1232760,0
[E3IRT-CSV] 3,337,1874320,1195180,0,0,0,0,584180,0
[E3IRT-CSV] 3,338,3583710,1948170,0,0,0,0,1492480,0
[E3IRT-CSV] 3,339,3182760,1864230,0,0,0,0,1172080,0
[E3IRT-CSV] 3,340,1873650,1173690,0,0,0,0,605680,0
[E3IRT-CSV] 3,341,1927470,1200650,0,0,0,0,628010,0
[E3IRT-CSV] 3,342,1696840,1052910,0,0,0,0,566860,0
[E3IRT-CSV] 3,343,1692230,1051810,0,0,0,0,559550,0
[E3IRT-CSV] 3,344,2224630,1365890,0,0,0,0,763950,0
[E3IRT-CSV] 3,345,1851510,1158610,0,0,0,0,606870,0
[E3IRT-CSV] 3,346,1784200,1112280,0,0,0,0,587090,0
[E3IRT-CSV] 3,347,1032770,596600,0,0,0,0,379420,0
[E3IRT-CSV] 3,348,1792760,1118390,0,0,0,0,591170,0
[E3IRT-CSV] 3,349,1720860,1087500,0,0,0,0,557990,0
[E3IRT-CSV] 3,350,1898540,902250,0,0,0,0,752300,0
[E3IRT-CSV] 3,351,2870090,2066390,0,0,0,0,666010,0
[E3IRT-CSV] 3,352,1142360,706110,0,0,0,0,367280,0
[E3IRT-CSV] 3,353,2007510,1227350,0,0,0,0,669330,0
[E3IRT-CSV] 3,354,1817760,1141100,0,0,0,0,595430,0
[E3IRT-CSV] 3,355,1793740,1130350,0,0,0,0,581550,0
[E3IRT-CSV] 3,356,1819000,1143410,0,0,0,0,592350,0
[E3IRT-CSV] 3,357,846420,509440,0,0,0,0,286550,0
[E3IRT-CSV] 3,358,1845780,1169110,0,0,0,0,589750,0
[E3IRT-CSV] 3,359,1798230,1129660,0,0,0,0,583210,0
[E3IRT-CSV] 3,360,1752360,1106770,0,0,0,0,570850,0
[E3IRT-CSV] 3,361,1820660,1136450,0,0,0,0,597790,0
[E3IRT-CSV] 3,362,1904550,1188690,0,0,0,0,628470,0
[E3IRT-CSV] 3,363,1829940,1155550,0,0,0,0,590840,0
[E3IRT-CSV] 3,364,1733440,1084210,0,0,0,0,566480,0
[E3IRT-CSV] 3,365,3280120,2097030,0,0,0,0,1035740,0
[E3IRT-CSV] 3,366,3347410,1988930,0,0,0,0,1216190,0
[E3IRT-CSV] 3,367,784430,466430,0,0,0,0,272420,0
[E3IRT-CSV] 3,368,2771140,1943270,0,0,0,0,702620,0
[E3IRT-CSV] 3,369,1689080,872920,0,0,0,0,730380,0
[E3IRT-CSV] 3,370,1809730,1148580,0,0,0,0,575840,0
[E3IRT-CSV] 3,371,1787890,1108450,0,0,0,0,594870,0
[E3IRT-CSV] 3,372,2553550,1338070,0,0,0,0,1082230,0
[E3IRT-CSV] 3,373,3415170,1683760,0,0,0,0,1402700,0
[E3IRT-CSV] 3,374,3321190,1689220,0,0,0,0,1278450,0
[E3IRT-CSV] 3,375,3447560,1677940,0,0,0,0,1436030,0
[E3IRT-CSV] 3,376,2356370,1385290,0,0,0,0,874820,0
[E3IRT-CSV] 3,377,815780,479700,0,0,0,0,290350,0
[E3IRT-CSV] 3,378,3570060,1963510,0,0,0,0,1271220,0
[E3IRT-CSV] 3,379,2657330,1675890,0,0,0,0,662430,0
[E3IRT-CSV] 3,380,3642460,1948020,0,0,0,0,1333000,0
[E3IRT-CSV] 3,381,3418720,2082060,0,0,0,0,1189360,0
[E3IRT-CSV] 3,382,657770,397350,0,0,0,0,218620,0
[E3IRT-CSV] 3,383,1922600,1182340,0,0,0,0,637400,0
[E3IRT-CSV] 3,384,1813630,1138270,0,0,0,0,591360,0
[E3IRT-CSV] 3,385,1667600,1059230,0,0,0,0,539080,0
[E3IRT-CSV] 3,386,1945490,1191250,0,0,0,0,660060,0
[E3IRT-CSV] 3,387,641310,388540,0,0,0,0,196120,0
[E3IRT-CSV] 3,388,1850730,1148930,0,0,0,0,613170,0
[E3IRT-CSV] 3,389,1712410,1084760,0,0,0,0,551170,0
[E3IRT-CSV] 3,390,1766790,1114980,0,0,0,0,573520,0
[E3IRT-CSV] 3,391,1857070,1164860,0,0,0,0,600120,0
[E3IRT-CSV] 3,392,757110,452470,0,0,0,0,261030,0
[E3IRT-CSV] 3,393,1796640,1124300,0,0,0,0,582800,0
[E3IRT-CSV] 3,394,1789240,1125340,0,0,0,0,576810,0
[E3IRT-CSV] 3,395,1711720,1090350,0,0,0,0,547300,0
[E3IRT-CSV] 3,396,1828810,1157210,0,0,0,0,587660,0
[E3IRT-CSV] 3,397,1588170,1016090,0,0,0,0,490620,0
[E3IRT-CSV] 3,398,1860120,1168820,0,0,0,0,599150,0
[E3IRT-CSV] 3,399,1816070,1146040,0,0,0,0,591090,0
[E3IRT-CSV] 3,400,1665690,1066460,0,0,0,0,530600,0
[E3IRT-CSV] 3,401,1857290,1162440,0,0,0,0,609550,0
[E3IRT-CSV] 3,402,429250,227060,0,0,0,0,174430,0
[E3IRT-CSV] 3,403,1872280,1188570,0,0,0,0,596410,0
[E3IRT-CSV] 3,404,3519650,2070240,0,0,0,0,1294210,0
[E3IRT-CSV] 3,405,2906800,1862920,0,0,0,0,732650,0
[E3IRT-CSV] 3,406,1851590,1173010,0,0,0,0,587890,0
[E3IRT-CSV] 3,407,1943880,1234680,0,0,0,0,633900,0
[E3IRT-CSV] 3,408,1849770,1177950,0,0,0,0,583750,0
[E3IRT-CSV] 3,409,1786670,1127720,0,0,0,0,581440,0
[E3IRT-CSV] 3,410,1728590,1095010,0,0,0,0,558010,0
[E3IRT-CSV] 3,411,1723800,1092070,0,0,0,0,554860,0
[E3IRT-CSV] 3,412,1797040,1140930,0,0,0,0,567990,0
[E3IRT-CSV] 3,413,2508900,1214810,0,0,0,0,1190570,0
[E3IRT-CSV] 3,414,2441100,1172340,0,0,0,0,1187890,0
[E3IRT-CSV] 3,415,1754140,1118260,0,0,0,0,560140,0
[E3IRT-CSV] 3,416,1832080,1163550,0,0,0,0,583290,0
[E3IRT-CSV] 3,417,1057590,704880,0,0,0,0,273090,0
[E3IRT-CSV] 3,418,1805870,1136010,0,0,0,0,583090,0
[E3IRT-CSV] 3,419,3502690,1941710,0,0,0,0,1240100,0
[E3IRT-CSV] 3,420,2260720,1083880,0,0,0,0,1084750,0
[E3IRT-CSV] 3,421,1813690,1014370,0,0,0,0,592250,0
[E3IRT-CSV] 3,422,1501630,951920,0,0,0,0,476450,0
[E3IRT-CSV] 3,423,1790680,1123390,0,0,0,0,578090,0
[E3IRT-CSV] 3,424,1809890,1138520,0,0,0,0,583260,0
[E3IRT-CSV] 3,425,1750100,1108100,0,0,0,0,564770,0
[E3IRT-CSV] 3,426,1864070,1174970,0,0,0,0,604320,0
[E3IRT-CSV] 3,427,1766290,885140,0,0,0,0,764920,0
[E3IRT-CSV] 3,428,1930410,923180,0,0,0,0,637510,0
[E3IRT-CSV] 3,429,2567390,1401660,0,0,0,0,909900,0
[E3IRT-CSV] 3,430,1795260,1014340,0,0,0,0,577770,0
[E3IRT-CSV] 3,431,3416940,1748370,0,0,0,0,1513540,0
[E3IRT-CSV] 3,432,539640,324640,0,0,0,0,186020,0
[E3IRT-CSV] 3,433,2209330,1013000,0,0,0,0,912280,0
[E3IRT-CSV] 3,434,1762410,1024500,0,0,0,0,572900,0
[E3IRT-CSV] 3,435,1779060,1010100,0,0,0,0,577820,0
[E3IRT-CSV] 3,436,1766800,1008890,0,0,0,0,582590,0
[E3IRT-CSV] 3,437,425420,257570,0,0,0,0,143890,0
[E3IRT-CSV] 3,438,1820680,1057810,0,0,0,0,593550,0
[E3IRT-CSV] 3,439,1832250,1039580,0,0,0,0,605460,0
[E3IRT-CSV] 3,440,2578870,1767350,0,0,0,0,669720,0
[E3IRT-CSV] 3,441,2647810,1824750,0,0,0,0,686670,0
[E3IRT-CSV] 3,442,1962530,954360,0,0,0,0,776730,0
[E3IRT-CSV] 3,443,1753130,1002110,0,0,0,0,560630,0
[E3IRT-CSV] 3,444,1857010,897740,0,0,0,0,749400,0
[E3IRT-CSV] 3,445,1775170,1014000,0,0,0,0,581500,0
[E3IRT-CSV] 3,446,1793480,1018160,0,0,0,0,581500,0
[E3IRT-CSV] 3,447,479770,313430,0,0,0,0,132700,0
[E3IRT-CSV] 3,448,1863810,1065150,0,0,0,0,592990,0
[E3IRT-CSV] 3,449,1839810,1032720,0,0,0,0,592630,0
[E3IRT-CSV] 3,450,1810870,1015530,0,0,0,0,598570,0
[E3IRT-CSV] 3,451,1825040,1033330,0,0,0,0,595520,0
[E3IRT-CSV] 3,452,2258610,1512600,0,0,0,0,626490,0
[E3IRT-CSV] 3,453,1856710,899640,0,0,0,0,757260,0
[E3IRT-CSV] 3,454,1705090,962800,0,0,0,0,557820,0
[E3IRT-CSV] 3,455,1699620,953770,0,0,0,0,562050,0
[E3IRT-CSV] 3,456,1712850,971180,0,0,0,0,550430,0
[E3IRT-CSV] 3,457,386000,235290,0,0,0,0,125590,0
[E3IRT-CSV] 3,458,1848550,1052380,0,0,0,0,591420,0
[E3IRT-CSV] 3,459,1824290,1028220,0,0,0,0,591460,0
[E3IRT-CSV] 3,460,1729810,979040,0,0,0,0,559280,0
[E3IRT-CSV] 3,461,1774090,1023530,0,0,0,0,591860,0
[E3IRT-CSV] 3,462,1790940,1035200,0,0,0,0,584550,0
[E3IRT-CSV] 3,463,1883690,927500,0,0,0,0,783750,0
[E3IRT-CSV] 3,464,1724250,974230,0,0,0,0,592400,0
[E3IRT-CSV] 3,465,1672940,978550,0,0,0,0,546190,0
[E3IRT-CSV] 3,466,1714900,978750,0,0,0,0,559090,0
[E3IRT-CSV] 3,467,1779370,920830,0,0,0,0,779560,0
[E3IRT-CSV] 3,468,1829610,1059530,0,0,0,0,594600,0
[E3IRT-CSV] 3,469,1755540,989880,0,0,0,0,604760,0
[E3IRT-CSV] 3,470,1730900,1054080,0,0,0,0,586030,0
[E3IRT-CSV] 3,471,1703710,1027570,0,0,0,0,591190,0
[E3IRT-CSV] 3,472,1740890,904150,0,0,0,0,751950,0
[E3IRT-CSV] 3,473,1793000,935870,0,0,0,0,764160,0
[E3IRT-CSV] 3,474,1698350,1032800,0,0,0,0,587140,0
[E3IRT-CSV] 3,475,1560470,959280,0,0,0,0,531870,0
[E3IRT-CSV] 3,476,1661050,993490,0,0,0,0,587070,0
[E3IRT-CSV] 3,477,1657420,1036530,0,0,0,0,548130,0
[E3IRT-CSV] 3,478,1798880,925470,0,0,0,0,784070,0
[E3IRT-CSV] 3,479,1675410,1022950,0,0,0,0,574310,0
[E3IRT-CSV] 3,480,1625530,986720,0,0,0,0,560330,0
[E3IRT-CSV] 3,481,1685140,1010430,0,0,0,0,590200,0
[E3IRT-CSV] 3,482,1757750,920220,0,0,0,0,762070,0
[E3IRT-CSV] 3,483,1807450,924970,0,0,0,0,792310,0
[E3IRT-CSV] 3,484,1666060,1000980,0,0,0,0,588150,0
[E3IRT-CSV] 3,485,1631290,984130,0,0,0,0,565030,0
[E3IRT-CSV] 3,486,1598690,959300,0,0,0,0,563070,0
[E3IRT-CSV] 3,487,1656640,1003200,0,0,0,0,554950,0
[E3IRT-CSV] 3,488,1763190,908660,0,0,0,0,756410,0
[E3IRT-CSV] 3,489,1620300,974460,0,0,0,0,572010,0
[E3IRT-CSV] 3,490,1620500,974000,0,0,0,0,554310,0
[E3IRT-CSV] 3,491,1658000,995200,0,0,0,0,582540,0
[E3IRT-CSV] 3,492,391010,211340,0,0,0,0,130250,0
[E3IRT-CSV] 3,493,1723850,889380,0,0,0,0,745510,0
[E3IRT-CSV] 3,494,1746810,899420,0,0,0,0,760050,0
[E3IRT-CSV] 3,495,1741140,899430,0,0,0,0,751650,0
[E3IRT-CSV] 3,496,1690400,1017830,0,0,0,0,588650,0
[E3IRT-CSV] 3,497,1798980,931030,0,0,0,0,792710,0
[E3IRT-CSV] 3,498,1720230,892630,0,0,0,0,742860,0
[E3IRT-CSV] 3,499,1661640,990770,0,0,0,0,594810,0
[E3IRT-SUMMARY] chain_len=3 e2e_avg=1971607 publish_avg=1108328 sched_avg=756198
