
RTEMS Shell on /dev/console. Use 'help' to list commands.
SHLL [/] # nexus0: <RTEMS Nexus device>
info: lo0: link state changed to UP
=== Exp3inter-ST: Task Chain (n=15) SingleThreadedExecutor ===
Period: 200ms, Rounds: 500
[E3IST-CSV] chain_len,round,e2e_ns,publish_ns,gc_trigger_ns,invoke_cb_ns,getnext_ns,take_data_ns,sched_ns,dispatch_ns
666666
CPP Msg not nullptr
CPP Msg not nullptr
CPP Msg not nullptr
CPP Msg not nullptr
C Msg not NULL
C Msg not NULL
CPP Srv not nullptr
CPP Srv not nullptr
CPP Srv not nullptr
CPP Srv not nullptr
CPP Srv not nullptr
CPP Srv not nullptr
CPP Msg not nullptr
CPP Msg not nullptr
CPP Msg not nullptr
CPP Msg not nullptr
CPP Msg not nullptr
CPP Msg not nullptr
C Msg not NULL
C Msg not NULL
CPP Srv not nullptr
CPP Srv not nullptr
CPP Srv not nullptr
CPP Srv not nullptr
CPP Srv not nullptr
CPP Srv not nullptr
CPP Msg not nullptr
CPP Msg not nullptr
CPP Msg not nullptr
CPP Msg not nullptr
CPP Msg not nullptr
CPP Msg not nullptr
CPP Msg not nullptr
CPP Msg not nullptr
C Msg not NULL
C Msg not NULL
CPP Srv not nullptr
CPP Srv not nullptr
CPP Srv not nullptr
CPP Srv not nullptr
CPP Srv not nullptr
CPP Srv not nullptr
CPP Msg not nullptr
CPP Msg not nullptr
CPP Msg not nullptr
CPP Msg not nullptr
CPP Msg not nullptr
CPP Msg not nullptr
CPP Msg not nullptr
CPP Msg not nullptr
C Msg not NULL
C Msg not NULL
CPP Srv not nullptr
CPP Srv not nullptr
CPP Srv not nullptr
CPP Srv not nullptr
CPP Srv not nullptr
CPP Srv not nullptr
CPP Msg not nullptr
CPP Msg not nullptr
CPP Msg not nullptr
CPP Msg not nullptr
CPP Msg not nullptr
CPP Msg not nullptr
CPP Msg not nullptr
CPP Msg not nullptr
C Msg not NULL
C Msg not NULL
CPP Srv not nullptr
CPP Srv not nullptr
CPP Srv not nullptr
CPP Srv not nullptr
CPP Srv not nullptr
CPP Srv not nullptr
CPP Msg not nullptr
CPP Msg not nullptr
CPP Msg not nullptr
CPP Msg not nullptr
CPP Msg not nullptr
CPP Msg not nullptr
CPP Msg not nullptr
CPP Msg not nullptr
C Msg not NULL
C Msg not NULL
CPP Srv not nullptr
CPP Srv not nullptr
CPP Srv not nullptr
CPP Srv not nullptr
CPP Srv not nullptr
CPP Srv not nullptr
CPP Msg not nullptr
CPP Msg not nullptr
CPP Msg not nullptr
CPP Msg not nullptr
CPP Msg not nullptr
CPP Msg not nullptr
CPP Msg not nullptr
CPP Msg not nullptr
C Msg not NULL
C Msg not NULL
CPP Srv not nullptr
CPP Srv not nullptr
CPP Srv not nullptr
CPP Srv not nullptr
CPP Srv not nullptr
CPP Srv not nullptr
CPP Msg not nullptr
CPP Msg not nullptr
CPP Msg not nullptr
CPP Msg not nullptr
CPP Msg not nullptr
CPP Msg not nullptr
CPP Msg not nullptr
CPP Msg not nullptr
C Msg not NULL
C Msg not NULL
CPP Srv not nullptr
CPP Srv not nullptr
CPP Srv not nullptr
CPP Srv not nullptr
CPP Srv not nullptr
CPP Srv not nullptr
CPP Msg not nullptr
CPP Msg not nullptr
CPP Msg not nullptr
CPP Msg not nullptr
CPP Msg not nullptr
CPP Msg not nullptr
CPP Msg not nullptr
CPP Msg not nullptr
C Msg not NULL
C Msg not NULL
CPP Srv not nullptr
CPP Srv not nullptr
CPP Srv not nullptr
CPP Srv not nullptr
CPP Srv not nullptr
CPP Srv not nullptr
CPP Msg not nullptr
CPP Msg not nullptr
CPP Msg not nullptr
CPP Msg not nullptr
CPP Msg not nullptr
CPP Msg not nullptr
CPP Msg not nullptr
CPP Msg not nullptr
C Msg not NULL
C Msg not NULL
CPP Srv not nullptr
CPP Srv not nullptr
CPP Srv not nullptr
CPP Srv not nullptr
CPP Srv not nullptr
CPP Srv not nullptr
CPP Msg not nullptr
CPP Msg not nullptr
CPP Msg not nullptr
CPP Msg not nullptr
CPP Msg not nullptr
CPP Msg not nullptr
CPP Msg not nullptr
CPP Msg not nullptr
C Msg not NULL
C Msg not NULL
CPP Srv not nullptr
CPP Srv not nullptr
CPP Srv not nullptr
CPP Srv not nullptr
CPP Srv not nullptr
CPP Srv not nullptr
CPP Msg not nullptr
CPP Msg not nullptr
CPP Msg not nullptr
CPP Msg not nullptr
CPP Msg not nullptr
CPP Msg not nullptr
CPP Msg not nullptr
CPP Msg not nullptr
C Msg not NULL
C Msg not NULL
CPP Srv not nullptr
CPP Srv not nullptr
CPP Srv not nullptr
CPP Srv not nullptr
CPP Srv not nullptr
CPP Srv not nullptr
CPP Msg not nullptr
CPP Msg not nullptr
CPP Msg not nullptr
CPP Msg not nullptr
CPP Msg not nullptr
CPP Msg not nullptr
CPP Msg not nullptr
CPP Msg not nullptr
C Msg not NULL
C Msg not NULL
CPP Srv not nullptr
CPP Srv not nullptr
CPP Srv not nullptr
CPP Srv not nullptr
CPP Srv not nullptr
CPP Srv not nullptr
CPP Msg not nullptr
CPP Msg not nullptr
CPP Msg not nullptr
CPP Msg not nullptr
CPP Msg not nullptr
CPP Msg not nullptr
CPP Msg not nullptr
CPP Msg not nullptr
C Msg not NULL
C Msg not NULL
CPP Srv not nullptr
CPP Srv not nullptr
CPP Srv not nullptr
CPP Srv not nullptr
CPP Srv not nullptr
CPP Srv not nullptr
CPP Msg not nullptr
CPP Msg not nullptr
CPP Msg not nullptr
CPP Msg not nullptr
CPP Msg not nullptr
CPP Msg not nullptr
CPP Msg not nullptr
CPP Msg not nullptr
C Msg not NULL
C Msg not NULL
CPP Srv not nullptr
CPP Srv not nullptr
CPP Srv not nullptr
CPP Srv not nullptr
CPP Srv not nullptr
CPP Srv not nullptr
CPP Msg not nullptr
CPP Msg not nullptr
CPP Msg not nullptr
CPP Msg not nullptr
CPP Msg not nullptr
CPP Msg not nullptr
[E3IST-CSV] 15,0,58254610,6646140,0,0,1298750,0,51261700,46960501706
[E3IST-CSV] 15,1,43089880,5618020,0,0,1163220,0,37421700,47793300296
[E3IST-CSV] 15,2,40167280,5262150,0,0,1113980,0,34853070,49951179376
[E3IST-CSV] 15,3,35661300,5458490,0,0,1268030,0,30150960,52696049546
[E3IST-CSV] 15,4,30893960,5443300,0,0,1136100,0,25391770,55845334706
[E3IST-CSV] 15,5,35418700,7053180,0,0,1201480,0,28262270,58447293606
[E3IST-CSV] 15,6,35816680,7137890,0,0,1051750,0,28301150,61254567926
[E3IST-CSV] 15,7,33756110,6951840,0,0,1054710,0,26668090,64040869996
[E3IST-CSV] 15,8,37842310,7716450,0,0,1246500,0,29988910,66878867166
[E3IST-CSV] 15,9,36431680,7556700,0,0,1043590,0,28747480,69668960076
[E3IST-CSV] 15,10,37926950,8009890,0,0,1157230,0,29776780,72478748496
[E3IST-CSV] 15,11,56690010,10896000,0,0,1207040,0,45656550,75548187146
[E3IST-CSV] 15,12,46080210,7943830,0,0,1137270,0,38008000,78215991806
[E3IST-CSV] 15,13,37026300,7605320,0,0,1091880,0,29284680,80877061826
[E3IST-CSV] 15,14,42348200,8207270,0,0,1081860,0,34004950,83747876396
[E3IST-CSV] 15,15,39345150,8287170,0,0,1367340,0,30778960,86507080306
[E3IST-CSV] 15,16,38125740,8156430,0,0,1097810,0,29835390,89297177556
[E3IST-CSV] 15,17,36662200,7736050,0,0,1253500,0,28795420,92076752876
[E3IST-CSV] 15,18,37426520,7756660,0,0,1208810,0,29535700,94891735736
[E3IST-CSV] 15,19,48482240,9144310,0,0,1471680,0,39189680,97835231596
[E3IST-CSV] 15,20,48844200,7510910,0,0,1222800,0,41226960,100722366786
[E3IST-CSV] 15,21,30632650,5717740,0,0,1074340,0,24853300,103118650516
[E3IST-CSV] 15,22,36120060,7124650,0,0,1120570,0,28871810,106077654046
[E3IST-CSV] 15,23,31661240,5968350,0,0,1005630,0,25627150,108756979136
[E3IST-CSV] 15,24,43893070,8920370,0,0,1160960,0,34824710,111764723106
[E3IST-CSV] 15,25,37377580,7612600,0,0,1105240,0,29624150,114486961226
[E3IST-CSV] 15,26,37045870,7564870,0,0,1052550,0,29347850,117279684336
[E3IST-CSV] 15,27,48784260,9897260,0,0,1334190,0,38731930,120340212046
[E3IST-CSV] 15,28,54397270,8689770,0,0,1157730,0,45562170,123125277366
[E3IST-CSV] 15,29,32553150,5893080,0,0,1120320,0,26591190,125549311576
[E3IST-CSV] 15,30,36234310,7378990,0,0,1094120,0,28729820,128464145446
[E3IST-CSV] 15,31,31126890,5893530,0,0,1008270,0,25168760,131144143216
[E3IST-CSV] 15,32,38025670,7735490,0,0,1160090,0,30150400,134103334726
[E3IST-CSV] 15,33,51475170,10104990,0,0,1245780,0,41214580,137104766406
[E3IST-CSV] 15,34,56631920,9104850,0,0,1460440,0,47412110,139921807156
[E3IST-CSV] 15,35,31125340,5757500,0,0,1000360,0,25302650,142327081926
[E3IST-CSV] 15,36,31349560,5675720,0,0,1258320,0,25458910,145207815436
[E3IST-CSV] 15,37,37478480,7798270,0,0,1128640,0,29541110,148076430276
[E3IST-CSV] 15,38,36168960,7331510,0,0,1073850,0,28715090,150854399106
[E3IST-CSV] 15,39,36728280,7463030,0,0,1146210,0,29084110,153673141326
[E3IST-CSV] 15,40,36897130,7602130,0,0,1101020,0,28909770,156473964336
[E3IST-CSV] 15,41,37674190,7909270,0,0,1111370,0,29370060,159281674216
[E3IST-CSV] 15,42,36803140,7505660,0,0,1184490,0,29173110,162074409406
[E3IST-CSV] 15,43,36732010,7588120,0,0,1051880,0,29013340,164865013996
[E3IST-CSV] 15,44,36470120,7565970,0,0,1093630,0,28779200,167670622376
[E3IST-CSV] 15,45,36804470,6577610,0,0,1175250,0,30138380,170332698116
[E3IST-CSV] 15,46,35528220,7035670,0,0,1099560,0,28156680,173254228716
[E3IST-CSV] 15,47,36584470,7760480,0,0,1041530,0,28694990,176072928596
[E3IST-CSV] 15,48,37206500,7764780,0,0,1064650,0,29317690,178870591636
[E3IST-CSV] 15,49,34448880,6861660,0,0,1070560,0,27355400,181626197166
[E3IST-CSV] 15,50,37389200,7857730,0,0,1232920,0,29389810,184475947076
[E3IST-CSV] 15,51,35940190,7250410,0,0,1035730,0,28573430,187254156246
[E3IST-CSV] 15,52,37245150,7646830,0,0,1196250,0,29470540,190074192386
[E3IST-CSV] 15,53,36686400,7316930,0,0,1055830,0,29238720,192867723026
[E3IST-CSV] 15,54,37323220,7637090,0,0,1227200,0,29395030,195677528456
[E3IST-CSV] 15,55,36631840,7707650,0,0,1066970,0,28801010,198471660776
[E3IST-CSV] 15,56,36708270,7739670,0,0,1060580,0,28837190,201266552046
[E3IST-CSV] 15,57,37157960,7473030,0,0,1089960,0,29565460,204071036306
[E3IST-CSV] 15,58,36414160,7396000,0,0,1089480,0,28884610,206861780146
[E3IST-CSV] 15,59,35983550,7174440,0,0,1094930,0,28537930,209659524776
[E3IST-CSV] 15,60,36689310,7546940,0,0,1160420,0,29024090,212477538046
[E3IST-CSV] 15,61,36492610,7354650,0,0,1156150,0,29019120,215264318226
[E3IST-CSV] 15,62,36428060,7414680,0,0,1055690,0,28750200,218066858906
[E3IST-CSV] 15,63,36973120,7467630,0,0,1138240,0,29378500,220874529616
[E3IST-CSV] 15,64,37247500,7789010,0,0,1076730,0,29330750,223678425636
[E3IST-CSV] 15,65,34967220,7165610,0,0,1074260,0,27577650,226428572086
[E3IST-CSV] 15,66,35598740,7098260,0,0,1249110,0,28377060,229248374816
[E3IST-CSV] 15,67,37084440,7584890,0,0,1132960,0,29363130,232076580486
[E3IST-CSV] 15,68,36875520,7846670,0,0,1049890,0,28760130,234869466636
[E3IST-CSV] 15,69,39006440,8234920,0,0,1119060,0,30626160,237705782066
[E3IST-CSV] 15,70,35043540,7968710,0,0,1048380,0,26935840,240468589676
[E3IST-CSV] 15,71,37400710,7535620,0,0,1134810,0,29726240,243263103296
[E3IST-CSV] 15,72,36782530,7823680,0,0,1082430,0,28826080,246067294076
[E3IST-CSV] 15,73,35063900,6605880,0,0,1060160,0,28368870,248808387706
[E3IST-CSV] 15,74,41520400,7307860,0,0,1198780,0,34109980,251705211706
[E3IST-CSV] 15,75,37399580,7708060,0,0,1173480,0,29561660,254479533696
[E3IST-CSV] 15,76,43350670,9882730,0,0,1131640,0,33331310,257379367586
[E3IST-CSV] 15,77,37962740,7895670,0,0,1105990,0,29921620,260058158206
[E3IST-CSV] 15,78,34907020,6710980,0,0,1123350,0,28087450,262815396186
[E3IST-CSV] 15,79,37359560,7855390,0,0,1103960,0,29358510,265674340846
[E3IST-CSV] 15,80,37788690,7986610,0,0,1067360,0,29666760,268478677046
[E3IST-CSV] 15,81,38844430,8425070,0,0,1056860,0,30280090,271290378616
[E3IST-CSV] 15,82,39384420,7197240,0,0,1239040,0,32086160,273990700256
[E3IST-CSV] 15,83,37038170,8018930,0,0,1182750,0,28876250,276871544916
[E3IST-CSV] 15,84,37002420,8325940,0,0,1130010,0,28260000,279672894216
[E3IST-CSV] 15,85,38848840,7688380,0,0,1235210,0,31033820,282484245866
[E3IST-CSV] 15,86,36909580,7968400,0,0,1037550,0,28817400,285267158436
[E3IST-CSV] 15,87,45633250,9674440,0,0,1299890,0,35803230,288171726706
[E3IST-CSV] 15,88,38282550,8024300,0,0,1166730,0,30120440,290876130926
[E3IST-CSV] 15,89,38594070,8537480,0,0,1198900,0,29910880,293682250256
[E3IST-CSV] 15,90,35924800,7137750,0,0,1046000,0,28673620,296446633916
[E3IST-CSV] 15,91,38872330,7766990,0,0,1064390,0,30967150,299294471276
[E3IST-CSV] 15,92,32944400,7672050,0,0,1014320,0,24975610,302015443216
[E3IST-CSV] 15,93,35284440,7186160,0,0,1083880,0,27979500,304872520806
[E3IST-CSV] 15,94,37388010,7760810,0,0,1156040,0,29484150,307673801326
[E3IST-CSV] 15,95,37513570,8027820,0,0,1123090,0,29347720,310477430726
[E3IST-CSV] 15,96,40244280,8229320,0,0,1076710,0,31868820,313221818726
[E3IST-CSV] 15,97,39503080,8435500,0,0,1360550,0,30793180,316093384176
[E3IST-CSV] 15,98,45598220,9759310,0,0,1452100,0,35686950,318962820946
[E3IST-CSV] 15,99,31098250,5753190,0,0,1008760,0,25275640,321525232766
[E3IST-CSV] 15,100,31429710,5850160,0,0,1090240,0,25472810,324342137306
[E3IST-CSV] 15,101,36077070,7020410,0,0,1087330,0,28951180,327234759056
[E3IST-CSV] 15,102,38017490,7778870,0,0,1184360,0,30107310,330048028946
[E3IST-CSV] 15,103,32590980,6030030,0,0,1034530,0,26489130,332731018916
[E3IST-CSV] 15,104,44649260,8120270,0,0,1359880,0,36391990,335764535006
[E3IST-CSV] 15,105,33215060,6315100,0,0,1092470,0,26817840,338395775226
[E3IST-CSV] 15,106,49677500,8690700,0,0,1176700,0,40709120,341413124836
[E3IST-CSV] 15,107,43662140,8998490,0,0,1232730,0,34423910,344141262506
[E3IST-CSV] 15,108,38399210,8194900,0,0,1174330,0,30055000,346877443076
[E3IST-CSV] 15,109,36964470,7621870,0,0,1038050,0,29198910,349666350126
[E3IST-CSV] 15,110,45133550,8882470,0,0,1117380,0,36112260,352587648616
[E3IST-CSV] 15,111,37079910,7572320,0,0,1218830,0,29382270,355272973086
[E3IST-CSV] 15,112,36292090,7662420,0,0,1108210,0,28465750,358061077996
[E3IST-CSV] 15,113,31078790,5813920,0,0,994420,0,25202310,360797151556
[E3IST-CSV] 15,114,35755650,7283010,0,0,1097850,0,28352680,363661752036
[E3IST-CSV] 15,115,36586450,7591730,0,0,1052760,0,28865650,366466324726
[E3IST-CSV] 15,116,43274940,8898510,0,0,1224460,0,34262560,369353527536
[E3IST-CSV] 15,117,38403920,7811520,0,0,1127720,0,30260460,372087993946
[E3IST-CSV] 15,118,44715680,9194330,0,0,1369880,0,35334380,374978143796
[E3IST-CSV] 15,119,34924660,6679170,0,0,1171410,0,28147390,377710079006
[E3IST-CSV] 15,120,51480530,9550280,0,0,1419330,0,41796680,380664242166
[E3IST-CSV] 15,121,35845670,7302030,0,0,1143920,0,28429680,383260938756
[E3IST-CSV] 15,122,36028970,7460390,0,0,1121010,0,28442670,386065488976
[E3IST-CSV] 15,123,36513990,7505450,0,0,1112370,0,28893020,388869616796
[E3IST-CSV] 15,124,37257200,7900120,0,0,1156170,0,29183350,391679988556
[E3IST-CSV] 15,125,43961390,8825580,0,0,1312280,0,34999640,394574785406
[E3IST-CSV] 15,126,44746900,8714610,0,0,1232050,0,35882680,397385766796
[E3IST-CSV] 15,127,46861410,8504210,0,0,1200140,0,38222370,400204089896
[E3IST-CSV] 15,128,30559460,5646440,0,0,1091310,0,24854020,402718225536
[E3IST-CSV] 15,129,49932660,9525540,0,0,1246400,0,40127570,405843653856
[E3IST-CSV] 15,130,36694830,7462240,0,0,1048870,0,29113880,408464602336
[E3IST-CSV] 15,131,37330500,7721390,0,0,1057250,0,29489930,411280924256
[E3IST-CSV] 15,132,30215370,5631840,0,0,998190,0,24525580,413914923786
[E3IST-CSV] 15,133,31078570,5674780,0,0,1046750,0,25341450,416758848536
[E3IST-CSV] 15,134,36677430,7476770,0,0,1151430,0,29077480,419672979686
[E3IST-CSV] 15,135,36774810,7708570,0,0,1096880,0,28938010,422470202936
[E3IST-CSV] 15,136,40406150,8367840,0,0,1225320,0,31891270,425326912406
[E3IST-CSV] 15,137,32582390,6292190,0,0,1118490,0,26222170,427928416066
[E3IST-CSV] 15,138,37312970,7934140,0,0,1051850,0,29250630,430864281786
[E3IST-CSV] 15,139,37156250,7348600,0,0,1178370,0,29705470,433563916886
[E3IST-CSV] 15,140,37052270,7643820,0,0,1047070,0,29278230,436464283536
[E3IST-CSV] 15,141,38924190,8227100,0,0,1064440,0,30551710,439315900486
[E3IST-CSV] 15,142,36343940,7605940,0,0,1042450,0,28602590,442069071766
[E3IST-CSV] 15,143,43411180,8945680,0,0,1179210,0,34316320,445056491476
[E3IST-CSV] 15,144,36327580,7707550,0,0,1053500,0,28488390,447667022126
[E3IST-CSV] 15,145,36918500,7484630,0,0,1153140,0,29306040,450473586176
[E3IST-CSV] 15,146,36375620,7408160,0,0,1091630,0,28827350,453263104586
[E3IST-CSV] 15,147,36078610,7399640,0,0,1249060,0,28559160,456061723036
[E3IST-CSV] 15,148,39201610,8438370,0,0,1066530,0,30614250,458910595206
[E3IST-CSV] 15,149,35577270,7570450,0,0,1088210,0,27877880,461653570896
[E3IST-CSV] 15,150,36496670,7516640,0,0,1051460,0,28691650,464477503376
[E3IST-CSV] 15,151,36793550,7753120,0,0,1058050,0,28900680,467264831376
[E3IST-CSV] 15,152,46320290,7621310,0,0,1167670,0,38573160,470188741576
[E3IST-CSV] 15,153,33118470,6020660,0,0,1058310,0,27027590,472680018816
[E3IST-CSV] 15,154,34612950,6282670,0,0,1230180,0,28181870,475517702746
[E3IST-CSV] 15,155,30877930,5665090,0,0,1111170,0,25145890,478238417726
[E3IST-CSV] 15,156,37327320,6539810,0,0,1270690,0,30710850,481120873736
[E3IST-CSV] 15,157,33997300,6524320,0,0,1098540,0,27392190,483909587746
[E3IST-CSV] 15,158,32425060,6282600,0,0,1005820,0,26061370,486687278146
[E3IST-CSV] 15,159,31479240,5752350,0,0,1095990,0,25658190,489462242426
[E3IST-CSV] 15,160,30968420,5722690,0,0,1112960,0,25179450,492237424296
[E3IST-CSV] 15,161,36286520,6481710,0,0,1074970,0,29721480,495140019316
[E3IST-CSV] 15,162,33878750,6422140,0,0,1041190,0,27376910,497923949816
[E3IST-CSV] 15,163,31194040,5833250,0,0,1103930,0,25290820,500638334246
[E3IST-CSV] 15,164,31040330,5754260,0,0,1024660,0,25220470,503438646446
[E3IST-CSV] 15,165,30751120,5621910,0,0,1157550,0,25065590,506236840076
[E3IST-CSV] 15,166,30721890,5626280,0,0,1187630,0,25028280,509036808006
[E3IST-CSV] 15,167,30706140,5526410,0,0,1056190,0,25066220,511835083966
[E3IST-CSV] 15,168,31600420,6172010,0,0,1032440,0,25358880,514670903206
[E3IST-CSV] 15,169,31281870,5897360,0,0,1103910,0,25307950,517589325606
[E3IST-CSV] 15,170,33106160,6436460,0,0,1033890,0,26578170,520379966156
[E3IST-CSV] 15,171,33430830,6531000,0,0,1166960,0,26800890,523191384476
[E3IST-CSV] 15,172,33373790,6479570,0,0,1061040,0,26763320,525994897406
[E3IST-CSV] 15,173,31158750,5865340,0,0,1043220,0,25224150,528641194346
[E3IST-CSV] 15,174,31520840,5946390,0,0,1010860,0,25494570,531579774646
[E3IST-CSV] 15,175,33441080,6503760,0,0,1031070,0,26847000,534393189796
[E3IST-CSV] 15,176,30600100,5529730,0,0,1057620,0,25009610,537040321926
[E3IST-CSV] 15,177,32960400,6253520,0,0,1187890,0,26610830,539991625546
[E3IST-CSV] 15,178,31053170,5758730,0,0,1005340,0,25189520,542639803276
[E3IST-CSV] 15,179,33380970,6558620,0,0,1024820,0,26727990,545582860396
[E3IST-CSV] 15,180,33492860,6670020,0,0,1062320,0,26727540,548396546006
[E3IST-CSV] 15,181,33100610,6523510,0,0,1015930,0,26484120,551198458216
[E3IST-CSV] 15,182,33442800,6455760,0,0,1152040,0,26895690,553990674336
[E3IST-CSV] 15,183,32778520,6194660,0,0,1043290,0,26503410,556692528396
[E3IST-CSV] 15,184,30885190,5814820,0,0,1004750,0,25007140,559555055906
[E3IST-CSV] 15,185,30702790,5790850,0,0,1039340,0,24852080,562272661606
[E3IST-CSV] 15,186,33667240,6500800,0,0,1114640,0,27074690,565200448726
[E3IST-CSV] 15,187,30746950,5539040,0,0,1037880,0,25148820,567916384396
[E3IST-CSV] 15,188,31425440,5969910,0,0,1012000,0,25385590,570659104996
[E3IST-CSV] 15,189,33936730,6810480,0,0,1168410,0,27020900,573628192666
[E3IST-CSV] 15,190,32735790,6188570,0,0,1068320,0,26461400,576447998676
[E3IST-CSV] 15,191,30651390,5771860,0,0,1011730,0,24819320,579113367296
[E3IST-CSV] 15,192,33188800,6280770,0,0,1130360,0,26713050,581990239166
[E3IST-CSV] 15,193,31740160,6393900,0,0,1005670,0,25269780,584685121576
[E3IST-CSV] 15,194,30733240,5691900,0,0,1012300,0,24978650,587543031496
[E3IST-CSV] 15,195,33773950,6554460,0,0,1055190,0,27118740,590420035506
[E3IST-CSV] 15,196,33779900,6495130,0,0,1076710,0,27188380,593205095006
[E3IST-CSV] 15,197,32196170,6140460,0,0,1114130,0,25973120,595966208786
[E3IST-CSV] 15,198,30759400,5651050,0,0,1017530,0,25038500,598652934736
[E3IST-CSV] 15,199,32293270,6238630,0,0,1055900,0,25923770,601573110846
[E3IST-CSV] 15,200,35257730,7062280,0,0,1035760,0,28073000,604456594846
[E3IST-CSV] 15,201,33441980,6342400,0,0,1199980,0,27006520,607202538586
[E3IST-CSV] 15,202,32692220,6060570,0,0,1011620,0,26547520,610019550996
[E3IST-CSV] 15,203,41202150,7300100,0,0,1233200,0,33811840,612808995036
[E3IST-CSV] 15,204,32031400,6203450,0,0,1005710,0,25742510,615649012676
[E3IST-CSV] 15,205,32547300,6178930,0,0,1207420,0,26280380,618389276586
[E3IST-CSV] 15,206,31968350,5795040,0,0,1108950,0,26097330,621149695236
[E3IST-CSV] 15,207,33080260,6326900,0,0,1109600,0,26666290,623990534746
[E3IST-CSV] 15,208,32521930,6324110,0,0,1021310,0,26120890,626698331326
[E3IST-CSV] 15,209,32272130,6154860,0,0,1059030,0,26035870,629579882336
[E3IST-CSV] 15,210,31171120,5638650,0,0,1193330,0,25470080,632301957166
[E3IST-CSV] 15,211,34033160,6551580,0,0,1116420,0,27384090,635215086026
[E3IST-CSV] 15,212,36154970,7343300,0,0,1085530,0,28690500,638077376186
[E3IST-CSV] 15,213,31773940,5831030,0,0,1135020,0,25878340,640655842376
[E3IST-CSV] 15,214,33070290,6485290,0,0,1116140,0,26494050,643597437006
[E3IST-CSV] 15,215,34554610,6763960,0,0,1124020,0,27697640,646412691756
[E3IST-CSV] 15,216,34257880,6869140,0,0,1228410,0,27287760,649203780556
[E3IST-CSV] 15,217,31129340,5931370,0,0,1012910,0,25122110,651950025716
[E3IST-CSV] 15,218,32531170,6124860,0,0,1161250,0,26323770,654733108516
[E3IST-CSV] 15,219,33462810,6551090,0,0,1368000,0,26818760,657602550616
[E3IST-CSV] 15,220,34268740,6885200,0,0,1154560,0,27287080,660418261996
[E3IST-CSV] 15,221,30934350,5692700,0,0,1027600,0,25178430,663123885076
[E3IST-CSV] 15,222,32950160,6313920,0,0,1075660,0,26548490,665993057516
[E3IST-CSV] 15,223,31837270,5936660,0,0,1068830,0,25833550,668677719216
[E3IST-CSV] 15,224,33544740,6324020,0,0,1140720,0,27129090,671601449956
[E3IST-CSV] 15,225,33996460,6724810,0,0,1193290,0,27181710,674400918366
[E3IST-CSV] 15,226,33493670,6575150,0,0,1214460,0,26800220,677203762496
[E3IST-CSV] 15,227,34665930,6552750,0,0,1076840,0,28021850,680012268926
[E3IST-CSV] 15,228,32515650,6067660,0,0,1063620,0,26379120,682669644916
[E3IST-CSV] 15,229,33195050,6495370,0,0,1108980,0,26609290,685610433756
[E3IST-CSV] 15,230,33318880,6657460,0,0,1032720,0,26574590,688397160876
[E3IST-CSV] 15,231,30796550,5560320,0,0,1059810,0,25174200,691134836956
[E3IST-CSV] 15,232,32113500,6001080,0,0,1065770,0,26025570,693951728516
[E3IST-CSV] 15,233,31843070,6044270,0,0,1011620,0,25730020,696693428696
[E3IST-CSV] 15,234,32368480,6133470,0,0,1074900,0,26155080,699542860846
[E3IST-CSV] 15,235,32814150,6120170,0,0,1205990,0,26605150,702372276006
[E3IST-CSV] 15,236,31171100,5686970,0,0,995380,0,25195370,705200325936
[E3IST-CSV] 15,237,32812810,6194630,0,0,1065080,0,26533230,707985345666
[E3IST-CSV] 15,238,31250710,5885070,0,0,1051540,0,25298270,710655761816
[E3IST-CSV] 15,239,34547620,6499830,0,0,1113310,0,27949490,713625230186
[E3IST-CSV] 15,240,33181860,6373720,0,0,1211540,0,26637610,716386026666
[E3IST-CSV] 15,241,33181370,6311330,0,0,1134090,0,26779210,719186128986
[E3IST-CSV] 15,242,32037730,6185330,0,0,1001120,0,25771060,722049811366
[E3IST-CSV] 15,243,35850750,6409680,0,0,1041770,0,29355760,724749107346
[E3IST-CSV] 15,244,32041370,5971600,0,0,1008600,0,25992750,727569943636
[E3IST-CSV] 15,245,32848410,6263460,0,0,1145070,0,26492750,730390456196
[E3IST-CSV] 15,246,33148710,6415860,0,0,1075440,0,26629300,733193421926
[E3IST-CSV] 15,247,32883760,6210380,0,0,1108360,0,26588700,735987419496
[E3IST-CSV] 15,248,31944860,5883420,0,0,1155880,0,25987850,738686995136
[E3IST-CSV] 15,249,32045770,6036510,0,0,1106770,0,25926670,741546595676
[E3IST-CSV] 15,250,32985820,6449410,0,0,1060400,0,26448270,744379539646
[E3IST-CSV] 15,251,32629310,6189970,0,0,1077830,0,26306940,747169303966
[E3IST-CSV] 15,252,32804530,6494440,0,0,1154500,0,26178650,749981995516
[E3IST-CSV] 15,253,31392360,5837260,0,0,1073270,0,25485830,752661070206
[E3IST-CSV] 15,254,33065590,6310330,0,0,1038650,0,26664530,755590822486
[E3IST-CSV] 15,255,33504200,6496960,0,0,1282330,0,26914150,758362544836
[E3IST-CSV] 15,256,33082080,6359060,0,0,1183300,0,26631200,761187602386
[E3IST-CSV] 15,257,32821880,6241660,0,0,1073240,0,26489840,763973042436
[E3IST-CSV] 15,258,33824250,6851490,0,0,1317900,0,26894670,766675885206
[E3IST-CSV] 15,259,32814860,6249430,0,0,1160910,0,26481950,769561500866
[E3IST-CSV] 15,260,32966430,6202690,0,0,1105190,0,26678260,772371943456
[E3IST-CSV] 15,261,33792310,6489340,0,0,1258050,0,27203060,775215248266
[E3IST-CSV] 15,262,32570260,6288120,0,0,1050130,0,26203470,777967796866
[E3IST-CSV] 15,263,31617570,5923990,0,0,1108130,0,25606640,780732552096
[E3IST-CSV] 15,264,32848680,6333860,0,0,1135170,0,26424740,783574602506
[E3IST-CSV] 15,265,31279250,5716040,0,0,1062240,0,25499200,786341846626
[E3IST-CSV] 15,266,32013960,6119040,0,0,1032790,0,25812720,789180653766
[E3IST-CSV] 15,267,39452460,8183450,0,0,1201440,0,31129150,792154616596
[E3IST-CSV] 15,268,31409850,6016210,0,0,1057490,0,25316660,794704506396
[E3IST-CSV] 15,269,32815420,6275210,0,0,1065770,0,26450650,797590971886
[E3IST-CSV] 15,270,33199250,6524880,0,0,1049850,0,26578850,800404491056
[E3IST-CSV] 15,271,33098880,6207010,0,0,1283360,0,26804440,803213342546
[E3IST-CSV] 15,272,30455100,5473200,0,0,1196490,0,24921190,805974715446
[E3IST-CSV] 15,273,33601220,6234260,0,0,1119470,0,27284730,808723066916
[E3IST-CSV] 15,274,31863000,6110940,0,0,1082690,0,25679910,811575807066
[E3IST-CSV] 15,275,31036010,5693780,0,0,997940,0,25281690,814320988596
[E3IST-CSV] 15,276,32012160,6871870,0,0,1131410,0,25009470,817203575646
[E3IST-CSV] 15,277,31264070,5770390,0,0,1073130,0,25431550,819940850946
[E3IST-CSV] 15,278,31670620,6106180,0,0,1016620,0,25493340,822682594526
[E3IST-CSV] 15,279,32826550,6247800,0,0,1127170,0,26487760,825572589666
[E3IST-CSV] 15,280,37951100,6627470,0,0,1131840,0,31235740,828482107836
[E3IST-CSV] 15,281,33282870,6486250,0,0,1103230,0,26712610,831203139356
[E3IST-CSV] 15,282,33148230,6388040,0,0,1168490,0,26671000,833989045796
[E3IST-CSV] 15,283,32548700,6285300,0,0,1294360,0,26171570,836727016866
[E3IST-CSV] 15,284,33056100,6464910,0,0,1068080,0,26504590,839616356896
[E3IST-CSV] 15,285,33006370,6456750,0,0,1027160,0,26455190,842391949276
[E3IST-CSV] 15,286,30796530,5753470,0,0,1013390,0,24977010,845121088756
[E3IST-CSV] 15,287,32943820,6289770,0,0,1074850,0,26487440,847983543546
[E3IST-CSV] 15,288,32426070,6247190,0,0,1177320,0,26092040,850715059276
[E3IST-CSV] 15,289,33469080,6416990,0,0,1095860,0,26964440,853666110806
[E3IST-CSV] 15,290,33084020,6378250,0,0,1146400,0,26620120,856388496576
[E3IST-CSV] 15,291,32199590,6127200,0,0,1061780,0,25996460,859235505676
[E3IST-CSV] 15,292,30790980,5643600,0,0,1130360,0,25086690,861946069306
[E3IST-CSV] 15,293,31095490,5735170,0,0,1288370,0,25290850,864660987836
[E3IST-CSV] 15,294,31799150,6066250,0,0,1021170,0,25653950,867551185136
[E3IST-CSV] 15,295,33042550,6320500,0,0,1144920,0,26638340,870387733156
[E3IST-CSV] 15,296,31716440,6035970,0,0,1077810,0,25609300,873181603796
[E3IST-CSV] 15,297,30909080,5992240,0,0,1029740,0,24828850,875980536086
[E3IST-CSV] 15,298,31915810,6115000,0,0,1104170,0,25728810,878676610476
[E3IST-CSV] 15,299,30836300,5757620,0,0,1018720,0,25015630,881536985996
[E3IST-CSV] 15,300,35898660,6329150,0,0,1143400,0,29483980,884440906656
[E3IST-CSV] 15,301,33869570,6838610,0,0,1032560,0,26938630,887204825536
[E3IST-CSV] 15,302,31924160,6023150,0,0,1165730,0,25817900,889959547376
[E3IST-CSV] 15,303,31728720,6054700,0,0,1155400,0,25588870,892689087736
[E3IST-CSV] 15,304,33044810,6510720,0,0,1023540,0,26434900,895592572106
[E3IST-CSV] 15,305,32945990,6367830,0,0,1064980,0,26486830,898392069906
[E3IST-CSV] 15,306,31511040,6103000,0,0,1113040,0,25328030,901211232106
[E3IST-CSV] 15,307,39656080,7015510,0,0,1161010,0,32563660,904050447996
[E3IST-CSV] 15,308,32112520,5881380,0,0,1336700,0,26158090,906685363646
[E3IST-CSV] 15,309,34751290,6602630,0,0,1144970,0,28051850,909625591826
[E3IST-CSV] 15,310,33611890,6507580,0,0,1083550,0,26938150,912401701446
[E3IST-CSV] 15,311,32518390,6259640,0,0,1034610,0,26168560,915203558826
[E3IST-CSV] 15,312,33692530,6484760,0,0,1044590,0,27117640,918003019086
[E3IST-CSV] 15,313,31765880,5821580,0,0,1171420,0,25872940,920699160696
[E3IST-CSV] 15,314,33542770,6506970,0,0,1049880,0,26941880,923599236426
[E3IST-CSV] 15,315,30596100,5660750,0,0,1076850,0,24877750,926281502406
[E3IST-CSV] 15,316,30825400,5770400,0,0,1044390,0,24989900,929194288356
[E3IST-CSV] 15,317,31380440,5809780,0,0,1043890,0,25498590,932017882906
[E3IST-CSV] 15,318,32611680,6244630,0,0,1215900,0,26246900,934681156476
[E3IST-CSV] 15,319,32372760,6220190,0,0,1013600,0,26043730,937561001806
[E3IST-CSV] 15,320,31558710,5944030,0,0,1065200,0,25542270,940401541946
[E3IST-CSV] 15,321,35549830,7281220,0,0,1331120,0,28167960,943214256036
[E3IST-CSV] 15,322,33126030,6414620,0,0,1028120,0,26614820,946003536186
[E3IST-CSV] 15,323,32509600,6385930,0,0,1001650,0,25971490,948817147726
[E3IST-CSV] 15,324,32237490,6227820,0,0,1095370,0,25929550,951616073136
[E3IST-CSV] 15,325,32419950,5774770,0,0,1055290,0,26548000,954360115486
[E3IST-CSV] 15,326,32614310,6128380,0,0,1069840,0,26397500,957186969686
[E3IST-CSV] 15,327,30528830,5596200,0,0,1005040,0,24873290,959936650436
[E3IST-CSV] 15,328,32312610,6282660,0,0,1000390,0,25948580,962774961806
[E3IST-CSV] 15,329,30462820,5676500,0,0,1000860,0,24725160,965524093946
[E3IST-CSV] 15,330,32302220,6263630,0,0,1077910,0,25957410,968408519256
[E3IST-CSV] 15,331,34715500,6255450,0,0,1141090,0,28369380,971212777096
[E3IST-CSV] 15,332,33011110,6345870,0,0,1140070,0,26575680,973998574656
[E3IST-CSV] 15,333,31268300,5777140,0,0,1004750,0,25424690,976663314886
[E3IST-CSV] 15,334,32813870,6396060,0,0,1031330,0,26329150,979578145866
[E3IST-CSV] 15,335,33073950,6207850,0,0,1055730,0,26781500,982457924936
[E3IST-CSV] 15,336,33032550,6339880,0,0,1027110,0,26604810,985189224196
[E3IST-CSV] 15,337,34776740,6478810,0,0,1102460,0,28214280,988056343836
[E3IST-CSV] 15,338,31180400,5985610,0,0,1045880,0,25129990,990652681806
[E3IST-CSV] 15,339,33561690,6521690,0,0,1105380,0,26950970,993641858466
[E3IST-CSV] 15,340,31957350,6060010,0,0,998320,0,25814040,996447813706
[E3IST-CSV] 15,341,33468500,6380660,0,0,1079610,0,26988550,999197852006
[E3IST-CSV] 15,342,33134790,6282040,0,0,1121770,0,26762840,1001986736906
[E3IST-CSV] 15,343,33194140,6600240,0,0,1048720,0,26504240,1004777400516
[E3IST-CSV] 15,344,32677990,6241990,0,0,1052820,0,26280090,1007577024816
[E3IST-CSV] 15,345,33262360,6606020,0,0,1165700,0,26564750,1010393590566
[E3IST-CSV] 15,346,33539950,6587080,0,0,1026650,0,26853430,1013202146446
[E3IST-CSV] 15,347,33113860,6499970,0,0,1024430,0,26520630,1015992025696
[E3IST-CSV] 15,348,31457480,5998930,0,0,1051560,0,25392070,1018722914736
[E3IST-CSV] 15,349,33397470,6589660,0,0,1022160,0,26713540,1021605162726
[E3IST-CSV] 15,350,30711820,5771880,0,0,1004950,0,24876490,1024294855896
[E3IST-CSV] 15,351,33672790,6568670,0,0,1075630,0,27000920,1027209798086
[E3IST-CSV] 15,352,33053400,6299500,0,0,1030320,0,26666140,1029990139176
[E3IST-CSV] 15,353,33802420,6522010,0,0,1098040,0,27184590,1032809879536
[E3IST-CSV] 15,354,33037790,6571510,0,0,1106500,0,26374010,1035595990686
[E3IST-CSV] 15,355,33012410,6327090,0,0,1029110,0,26594840,1038388632416
[E3IST-CSV] 15,356,32803090,6740410,0,0,1005440,0,25967810,1041189112196
[E3IST-CSV] 15,357,32790270,6422010,0,0,1063070,0,26209630,1043980145766
[E3IST-CSV] 15,358,34284400,6844190,0,0,1031750,0,27338630,1046807182276
[E3IST-CSV] 15,359,31088370,5710820,0,0,1112830,0,25313440,1049558492726
[E3IST-CSV] 15,360,32156200,6188590,0,0,1044910,0,25889040,1052403642766
[E3IST-CSV] 15,361,32723340,6256070,0,0,1034200,0,26380500,1055250510396
[E3IST-CSV] 15,362,31140180,6231570,0,0,999600,0,24788510,1057992095446
[E3IST-CSV] 15,363,34487690,6256870,0,0,1121520,0,28146030,1060795582986
[E3IST-CSV] 15,364,32033050,6039990,0,0,1057160,0,25905900,1063623523566
[E3IST-CSV] 15,365,32738540,6358730,0,0,1063920,0,26276610,1066375038926
[E3IST-CSV] 15,366,38387450,7883010,0,0,1506840,0,30387050,1069188116866
[E3IST-CSV] 15,367,35523920,7203190,0,0,1058370,0,28198990,1072070175226
[E3IST-CSV] 15,368,34309440,6659910,0,0,1062640,0,27554400,1074814526886
[E3IST-CSV] 15,369,37366880,6228100,0,0,1125750,0,31070320,1077545244296
[E3IST-CSV] 15,370,30762280,5551570,0,0,1057520,0,25151320,1080338932686
[E3IST-CSV] 15,371,30945300,5948200,0,0,995890,0,24918200,1083149985206
[E3IST-CSV] 15,372,30494150,5595860,0,0,997480,0,24838650,1085978005426
[E3IST-CSV] 15,373,32247480,6006800,0,0,1141800,0,26154670,1088838443416
[E3IST-CSV] 15,374,32012000,6050920,0,0,1172050,0,25884560,1091623334506
[E3IST-CSV] 15,375,30552060,5649340,0,0,1000060,0,24845160,1094336017126
[E3IST-CSV] 15,376,30830460,5634860,0,0,1011870,0,25134460,1097163081296
[E3IST-CSV] 15,377,30410990,5688390,0,0,1051380,0,24663020,1100024467636
[E3IST-CSV] 15,378,32156120,5810990,0,0,1088270,0,26276270,1102755518046
[E3IST-CSV] 15,379,32638120,6267610,0,0,1071970,0,26281440,1105571917896
[E3IST-CSV] 15,380,33241410,6490370,0,0,1028690,0,26661410,1108415368476
[E3IST-CSV] 15,381,32704630,6492060,0,0,1018380,0,26120940,1111191013346
[E3IST-CSV] 15,382,33500830,6572350,0,0,1106950,0,26831090,1114005988606
[E3IST-CSV] 15,383,32298530,5901440,0,0,1068130,0,26330720,1116754758036
[E3IST-CSV] 15,384,32666330,6127330,0,0,1018710,0,26456670,1119569532016
[E3IST-CSV] 15,385,31002410,5632030,0,0,1095230,0,25309490,1122369556086
[E3IST-CSV] 15,386,31345790,5878250,0,0,1050920,0,25402520,1125169519696
[E3IST-CSV] 15,387,32241930,6127870,0,0,1155740,0,25951110,1128052485416
[E3IST-CSV] 15,388,33536140,6514720,0,0,1090770,0,26930770,1130782024166
[E3IST-CSV] 15,389,30517100,5468980,0,0,1154960,0,24985390,1133445404586
[E3IST-CSV] 15,390,33502840,6654130,0,0,1063900,0,26655960,1136402890426
[E3IST-CSV] 15,391,32916520,6301640,0,0,1104250,0,26519890,1139188441516
[E3IST-CSV] 15,392,33775510,6572190,0,0,1080400,0,27107360,1142015034426
[E3IST-CSV] 15,393,36869400,6836680,0,0,1190880,0,29937910,1144906659706
[E3IST-CSV] 15,394,36044570,7381080,0,0,1094450,0,28542340,1147672514436
[E3IST-CSV] 15,395,40907450,6848430,0,0,1174430,0,33978630,1150485038386
[E3IST-CSV] 15,396,32387850,5842050,0,0,1007320,0,26480560,1153077150326
[E3IST-CSV] 15,397,33198240,6413300,0,0,1035930,0,26695250,1156001538506
[E3IST-CSV] 15,398,31311230,5945540,0,0,1000930,0,25288690,1158809569446
[E3IST-CSV] 15,399,31049240,5553500,0,0,1191260,0,25432240,1161457283136
[E3IST-CSV] 15,400,34702120,6553110,0,0,1097620,0,28059960,1164447687856
[E3IST-CSV] 15,401,31843220,5893190,0,0,1015580,0,25872480,1167145860116
[E3IST-CSV] 15,402,31802170,6161210,0,0,1097400,0,25549880,1170006788436
[E3IST-CSV] 15,403,33139210,6531900,0,0,1071890,0,26520900,1172803527896
[E3IST-CSV] 15,404,35984810,7166770,0,0,998220,0,28720120,1175618135626
[E3IST-CSV] 15,405,31092250,5728290,0,0,1042480,0,25299940,1178360650056
[E3IST-CSV] 15,406,32671980,6183750,0,0,1019920,0,26392280,1181196502506
[E3IST-CSV] 15,407,30973660,6256880,0,0,1035930,0,24599240,1184004097086
[E3IST-CSV] 15,408,34256660,6518270,0,0,1157640,0,27644860,1186811624326
[E3IST-CSV] 15,409,31923800,6123730,0,0,1014710,0,25718130,1189614144576
[E3IST-CSV] 15,410,33744020,6583190,0,0,1076450,0,26980560,1192402876216
[E3IST-CSV] 15,411,30902780,5749230,0,0,1053510,0,25090750,1195146965476
[E3IST-CSV] 15,412,32638330,6123210,0,0,1035090,0,26430480,1198000307316
[E3IST-CSV] 15,413,31515850,5802360,0,0,1139940,0,25648470,1200723926486
[E3IST-CSV] 15,414,32199690,6264660,0,0,1051610,0,25849280,1203570700136
[E3IST-CSV] 15,415,33047020,6400810,0,0,1077920,0,26553370,1206380981066
[E3IST-CSV] 15,416,32788350,6247240,0,0,1055860,0,26447300,1209173985926
[E3IST-CSV] 15,417,33866910,6954180,0,0,1065350,0,26804900,1212006349196
[E3IST-CSV] 15,418,34082700,6573610,0,0,1204200,0,27414000,1214808804436
[E3IST-CSV] 15,419,31185740,5635550,0,0,1044630,0,25485860,1217529777536
[E3IST-CSV] 15,420,31729180,5795440,0,0,1076900,0,25867740,1220328965086
[E3IST-CSV] 15,421,34272200,6580250,0,0,1098850,0,27593030,1223212567506
[E3IST-CSV] 15,422,33885930,6614530,0,0,1154540,0,27172220,1226007154306
[E3IST-CSV] 15,423,34449350,6899930,0,0,1106250,0,27440320,1228812013486
[E3IST-CSV] 15,424,34112260,6592980,0,0,1250950,0,27420570,1231607960226
[E3IST-CSV] 15,425,33678550,6598790,0,0,1016100,0,26977290,1234400717316
[E3IST-CSV] 15,426,34011260,6588820,0,0,1099930,0,27193920,1237206790286
[E3IST-CSV] 15,427,33864790,6298960,0,0,1021030,0,27478520,1240005086276
[E3IST-CSV] 15,428,41380790,7467640,0,0,1224100,0,33822670,1242935544376
[E3IST-CSV] 15,429,33019980,6466830,0,0,1019670,0,26466620,1245573761696
[E3IST-CSV] 15,430,33335790,6598280,0,0,1068890,0,26644770,1248402278546
[E3IST-CSV] 15,431,33381140,6524670,0,0,1111110,0,26761380,1251198744636
[E3IST-CSV] 15,432,32031400,6201160,0,0,1113100,0,25750280,1253979647086
[E3IST-CSV] 15,433,36217620,6703980,0,0,1089740,0,29419720,1256888380046
[E3IST-CSV] 15,434,31575260,5860820,0,0,1096130,0,25642000,1259576232086
[E3IST-CSV] 15,435,31976430,5847310,0,0,1052960,0,26063110,1262360742956
[E3IST-CSV] 15,436,31597440,5925050,0,0,1182900,0,25591830,1265182961786
[E3IST-CSV] 15,437,35162750,6929850,0,0,1145620,0,28114740,1268052004636
[E3IST-CSV] 15,438,31230380,5601930,0,0,1020930,0,25568200,1270655442306
[E3IST-CSV] 15,439,32793590,6224460,0,0,1119100,0,26483570,1273632798176
[E3IST-CSV] 15,440,31220980,6109080,0,0,1005890,0,25033810,1276348090046
[E3IST-CSV] 15,441,34409090,6552840,0,0,1039710,0,27763690,1279225662196
[E3IST-CSV] 15,442,33805070,6500000,0,0,1294620,0,27214050,1282010001386
[E3IST-CSV] 15,443,38538070,7360670,0,0,1088010,0,30922610,1284880078286
[E3IST-CSV] 15,444,35059330,6987850,0,0,1177800,0,27973020,1287617768146
[E3IST-CSV] 15,445,36366300,7403920,0,0,1095640,0,28671500,1290466032616
[E3IST-CSV] 15,446,33225030,6472260,0,0,1029080,0,26663420,1293200845236
[E3IST-CSV] 15,447,33266090,6461480,0,0,1028930,0,26712950,1296001057966
[E3IST-CSV] 15,448,33702600,6029030,0,0,1384970,0,27602780,1298721932716
[E3IST-CSV] 15,449,34238260,6631510,0,0,1372690,0,27424410,1301607748856
[E3IST-CSV] 15,450,34414720,7398390,0,0,1243940,0,26917080,1304405865366
[E3IST-CSV] 15,451,33791580,6391760,0,0,1100110,0,27311430,1307207977966
[E3IST-CSV] 15,452,30956880,5700770,0,0,1027100,0,25191780,1309984969686
[E3IST-CSV] 15,453,31296850,5822150,0,0,1057130,0,25403730,1312741788066
[E3IST-CSV] 15,454,33068640,6467320,0,0,1015430,0,26511690,1315614513326
[E3IST-CSV] 15,455,35496040,6463950,0,0,1077370,0,28940470,1318411966936
[E3IST-CSV] 15,456,32179880,5973300,0,0,1127710,0,26079810,1321184415526
[E3IST-CSV] 15,457,32776480,6530430,0,0,1081890,0,26080710,1324003360826
[E3IST-CSV] 15,458,33686010,6712540,0,0,1027720,0,26879290,1326798589106
[E3IST-CSV] 15,459,30721100,5666400,0,0,1051300,0,24987320,1329474842486
[E3IST-CSV] 15,460,33812640,6415620,0,0,1296890,0,27295550,1332408505526
[E3IST-CSV] 15,461,31702140,6072440,0,0,1009190,0,25535130,1335286990816
[E3IST-CSV] 15,462,32348710,6234820,0,0,1097780,0,26030040,1337962895416
[E3IST-CSV] 15,463,34295230,6589450,0,0,1077280,0,27612390,1340805401326
[E3IST-CSV] 15,464,31657000,5858460,0,0,1024790,0,25719770,1343635286606
[E3IST-CSV] 15,465,32927020,6195330,0,0,1024470,0,26636820,1346398888606
[E3IST-CSV] 15,466,36410830,6977990,0,0,1068110,0,29336710,1349241317856
[E3IST-CSV] 15,467,32316010,6192200,0,0,1023800,0,26035110,1351979834876
[E3IST-CSV] 15,468,32074640,6936270,0,0,1134420,0,25030510,1354799562846
[E3IST-CSV] 15,469,35571470,7095840,0,0,1090840,0,28363830,1357663101506
[E3IST-CSV] 15,470,37573810,7562490,0,0,1113280,0,29903880,1360452409336
[E3IST-CSV] 15,471,33365270,6559930,0,0,1169340,0,26706450,1363204315066
[E3IST-CSV] 15,472,31940430,6113790,0,0,1082000,0,25747100,1366015487466
[E3IST-CSV] 15,473,34361810,6655810,0,0,1051500,0,27609560,1368810107726
[E3IST-CSV] 15,474,30829910,5592440,0,0,1001040,0,25172710,1371522617526
[E3IST-CSV] 15,475,33065850,6491350,0,0,1067470,0,26480710,1374390211046
[E3IST-CSV] 15,476,35166560,7273950,0,0,1044980,0,27768480,1377354100086
[E3IST-CSV] 15,477,32188970,6137850,0,0,1056560,0,25972740,1380000144946
[E3IST-CSV] 15,478,34360330,6709800,0,0,1056690,0,27556800,1382810144676
[E3IST-CSV] 15,479,33697250,6507620,0,0,1148640,0,27089900,1385608330486
[E3IST-CSV] 15,480,30776580,5492520,0,0,1148510,0,25223330,1388339275816
[E3IST-CSV] 15,481,31841030,5971860,0,0,1103260,0,25790040,1391179758986
[E3IST-CSV] 15,482,38632730,6897230,0,0,1148110,0,31656740,1393996661856
[E3IST-CSV] 15,483,34129430,6641730,0,0,1097890,0,27390460,1396796746776
[E3IST-CSV] 15,484,30827210,5562360,0,0,1049530,0,25201470,1399556287876
[E3IST-CSV] 15,485,31964470,6159520,0,0,1011310,0,25725340,1402369610706
[E3IST-CSV] 15,486,32949580,6149370,0,0,1092700,0,26714990,1405261731366
[E3IST-CSV] 15,487,33379130,6393860,0,0,1025170,0,26852000,1407998430366
[E3IST-CSV] 15,488,31643560,6088800,0,0,1007360,0,25486920,1410728831096
[E3IST-CSV] 15,489,32149350,6038410,0,0,1193910,0,26033430,1413622451986
[E3IST-CSV] 15,490,30638770,5872410,0,0,990440,0,24670470,1416388560746
[E3IST-CSV] 15,491,38514610,6597950,0,0,1169100,0,31846790,1419242293026
[E3IST-CSV] 15,492,31949080,5912220,0,0,1088540,0,25975500,1421977034806
[E3IST-CSV] 15,493,31159890,5818150,0,0,1025940,0,25281150,1424727055656
[E3IST-CSV] 15,494,32326800,6055920,0,0,1047700,0,26192390,1427577612336
[E3IST-CSV] 15,495,33122920,6504760,0,0,1099670,0,26527860,1430400242406
[E3IST-CSV] 15,496,33529900,6797590,0,0,1028030,0,26635790,1433202020966
[E3IST-CSV] 15,497,30997700,6032770,0,0,1002300,0,24880410,1436045903406
[E3IST-CSV] 15,498,34266290,6815020,0,0,1070290,0,27352330,1438816197356
[E3IST-CSV] 15,499,33411120,6512800,0,0,1309730,0,26803290,1441595498166
[E3IST-SUMMARY] chain_len=15 e2e_avg=34583082 publish_avg=6686034 gc_trigger_avg=0 invoke_cb_avg=0 getnext_avg=1106383 take_data_avg=0 sched_avg=27789058 dispatch_avg=743014978932

*** FATAL ***
fatal source: 9 (RTEMS_FATAL_SOURCE_EXCEPTION)

R0   = 0x01596bb8 R8  = 0x00000000
R1   = 0x00000000 R9  = 0x00000000
R2   = 0x00000010 R10 = 0x00000000
R3   = 0x01596cb8 R11 = 0x00000000
R4   = 0x00c00c88 R12 = 0x01596cb8
R5   = 0x0030cbd1 SP  = 0x01596ba8
R6   = 0x00000000 LR  = 0x00000000
R7   = 0x01596ba8 PC  = 0x0030cc58
CPSR = 0x600d0173 VEC = 0x00000001
FPEXC = 0x40000000
FPSCR = 0x60000010
D00 = 0x0000000000000000
D01 = 0x0000000000000001
D02 = 0x000800020100007f
D03 = 0x0000000000000014
D04 = 0x00000c3f00040058
D05 = 0x0000000200080062
D06 = 0x0010002c0000002f
D07 = 0x0000000000000800
D08 = 0x0000000000000000
D09 = 0x0000000000000000
D10 = 0x0000000000000000
D11 = 0x0000000000000000
D12 = 0x0000000000000000
D13 = 0x0000000000000000
D14 = 0x0000000000000000
D15 = 0x0000000000000000
D16 = 0x0000000000000000
D17 = 0x0000000000000000
D18 = 0x0000000000000000
D19 = 0x0000000000000000
D20 = 0x00abcaac00abca98
D21 = 0x00abcadc00abcac0
D22 = 0x00abc9f400abc9e4
D23 = 0x00abca1400abca04
D24 = 0x00abc9b400abc9a4
D25 = 0x00abc9d400abc9c4
D26 = 0x00abc94000abc918
D27 = 0x00abc98000abc964
D28 = 0x00abc8c000abc890
D29 = 0x00abc8f800abc8dc
D30 = 0x00abcd7800abcd78
D31 = 0x00abc88400abc878
RTEMS version: 6.1.0.not-released
RTEMS tools: 13.3.0 20240521 (RTEMS 6, RSB no-repo, Newlib 1b3dcfd)
executing thread ID: 0x0a010001
executing thread name: UI1 
