audio: Device lm4549: audiodev default parameter is deprecated, please specify audiodev=none

RTEMS Shell on /dev/console. Use 'help' to list commands.
SHLL [/] # nexus0: <RTEMS Nexus device>
info: lo0: link state changed to UP
=== Exp2-MT: Task Chain (n=4) MultiThreadedExecutor ===
Period: 200ms, Rounds: 500
[E2MT-CSV] chain_len,round,e2e_ns,publish_ns,gc_trigger_ns,invoke_cb_ns,getnext_ns,take_data_ns,sched_ns,dispatch_ns
666666
CPP Msg not nullptr
CPP Msg not nullptr
CPP Msg not nullptr
CPP Msg not nullptr
C Msg not NULL
C Msg not NULL
CPP Srv not nullptr
CPP Srv not nullptr
CPP Srv not nullptr
CPP Srv not nullptr
CPP Srv not nullptr
CPP Srv not nullptr
CPP Msg not nullptr
CPP Msg not nullptr
CPP Msg not nullptr
CPP Msg not nullptr
CPP Msg not nullptr
CPP Msg not nullptr
C Msg not NULL
C Msg not NULL
CPP Srv not nullptr
CPP Srv not nullptr
CPP Srv not nullptr
CPP Srv not nullptr
CPP Srv not nullptr
CPP Srv not nullptr
CPP Msg not nullptr
CPP Msg not nullptr
CPP Msg not nullptr
CPP Msg not nullptr
CPP Msg not nullptr
CPP Msg not nullptr
CPP Msg not nullptr
CPP Msg not nullptr
C Msg not NULL
C Msg not NULL
CPP Srv not nullptr
CPP Srv not nullptr
CPP Srv not nullptr
CPP Srv not nullptr
CPP Srv not nullptr
CPP Srv not nullptr
CPP Msg not nullptr
CPP Msg not nullptr
CPP Msg not nullptr
CPP Msg not nullptr
CPP Msg not nullptr
CPP Msg not nullptr
CPP Msg not nullptr
CPP Msg not nullptr
C Msg not NULL
C Msg not NULL
CPP Srv not nullptr
CPP Srv not nullptr
CPP Srv not nullptr
CPP Srv not nullptr
CPP Srv not nullptr
CPP Srv not nullptr
CPP Msg not nullptr
CPP Msg not nullptr
CPP Msg not nullptr
CPP Msg not nullptr
CPP Msg not nullptr
CPP Msg not nullptr
[E2MT-CSV] 4,10,18924720,1346290,100280,30200,639950,264080,17457610,292000
[E2MT-CSV] 4,11,14030430,897530,57570,18990,589400,110910,13040470,35330
[E2MT-CSV] 4,12,5654390,333930,24870,7910,345130,132780,5297010,52060
[E2MT-CSV] 4,13,18867100,1352170,96910,30230,603710,247800,17403840,295970
[E2MT-CSV] 4,14,18901720,1384970,96160,30800,782150,409710,17398070,101510
[E2MT-CSV] 4,15,18592020,1356970,96030,30240,626150,251500,17116480,271130
[E2MT-CSV] 4,16,19312600,1352850,94030,30010,650960,262440,17848370,272070
[E2MT-CSV] 4,17,18147640,1355480,96980,30580,821560,326640,16678940,96760
[E2MT-CSV] 4,18,19090620,1382410,98140,31310,763830,251840,17598610,101120
[E2MT-CSV] 4,19,18756460,1356940,95490,27910,862160,475990,17284490,97830
[E2MT-CSV] 4,20,25756170,3194140,122400,38670,1001870,367960,22447300,138650
[E2MT-CSV] 4,21,18769420,1534480,107340,35520,939260,338340,17139210,98560
[E2MT-CSV] 4,22,24911660,1490980,108080,35290,1394090,499750,23303560,161010
[E2MT-CSV] 4,23,19058450,1370160,95350,31460,648720,261030,17575040,123400
[E2MT-CSV] 4,24,18757710,1507160,95260,30150,873880,249830,17129640,99940
[E2MT-CSV] 4,25,7690910,1004060,63200,21090,245300,100240,6582130,40660
[E2MT-CSV] 4,26,19163600,1713210,99930,31430,915810,264590,17339220,100200
[E2MT-CSV] 4,27,8044280,1153760,67110,20480,239870,100080,6795160,40810
[E2MT-CSV] 4,28,23308840,1969590,111280,33930,748020,312590,21211270,120130
[E2MT-CSV] 4,29,18098720,1362390,94710,35140,801840,396230,16617070,94030
[E2MT-CSV] 4,30,15285920,1441900,64790,20680,757660,232840,13728790,94080
[E2MT-CSV] 4,31,8634790,952710,63870,20260,250820,106310,7582690,45390
[E2MT-CSV] 4,32,8632990,1037690,62970,20640,271810,96800,7496570,38490
[E2MT-CSV] 4,33,8776010,1019010,59860,19740,229500,93720,7665080,37110
[E2MT-CSV] 4,34,19574630,1762570,107380,31610,980940,302750,17702270,120990
[E2MT-CSV] 4,35,7591070,963780,62710,20600,276340,97290,6528090,39010
[E2MT-CSV] 4,36,18677590,1647290,368690,30120,968900,249790,16923920,86480
[E2MT-CSV] 4,37,16700360,1352220,87010,31430,648190,345650,15248070,86890
[E2MT-CSV] 4,38,19244660,1733600,372720,31520,659960,272750,17402120,112570
[E2MT-CSV] 4,39,19477350,1647850,109560,33670,668100,271710,17708450,111320
[E2MT-CSV] 4,40,25425740,1918700,117220,36780,1079270,578010,23388110,131330
[E2MT-CSV] 4,41,8409720,1031870,62320,19590,230940,94370,7281520,77550
[E2MT-CSV] 4,42,20339510,1039160,86470,28250,770890,406370,19201430,85540
[E2MT-CSV] 4,43,18137540,1584500,99990,29750,595330,238540,16443300,92690
[E2MT-CSV] 4,44,8621930,1055260,66540,20240,251460,107840,7457180,42690
[E2MT-CSV] 4,45,19037520,1567770,96610,31380,897130,534320,17361430,99330
[E2MT-CSV] 4,46,25783250,1643030,104380,33410,1417320,562390,24014240,163720
[E2MT-CSV] 4,47,24600100,2056070,137380,46610,789640,328480,22099730,136170
[E2MT-CSV] 4,48,7917060,926570,61600,20110,235270,99210,6890970,38330
[E2MT-CSV] 4,49,18670180,1613730,223290,29510,624580,254720,16937650,97440
[E2MT-CSV] 4,50,18599920,1373480,96100,30820,804140,258240,17107680,113800
[E2MT-CSV] 4,51,19579320,1625090,94450,30750,1114100,416430,17845870,96970
[E2MT-CSV] 4,52,18719470,1777380,103140,30270,637760,261090,16830080,109780
[E2MT-CSV] 4,53,8363990,1128090,63410,20040,263920,93220,7131250,35830
[E2MT-CSV] 4,54,23789430,1777050,115440,36110,1051510,562030,21891660,147550
[E2MT-CSV] 4,55,14881620,1222580,85030,25480,455560,185850,13534340,119240
[E2MT-CSV] 4,56,18816560,1319420,96330,29320,762020,256110,17386680,93790
[E2MT-CSV] 4,57,20317020,1311920,98390,28120,719630,373970,18886020,196170
[E2MT-CSV] 4,58,18764400,1306130,92630,30850,1070720,625330,17362420,97570
[E2MT-CSV] 4,59,19934840,1371150,100810,30530,776630,364720,18438360,117140
[E2MT-CSV] 4,60,18628150,1350840,91960,29640,791790,249820,17164140,101350
[E2MT-CSV] 4,61,18818280,1367380,93570,30540,805100,417300,17343690,93650
[E2MT-CSV] 4,62,18856610,1514100,107660,29910,626010,254700,17236110,98680
[E2MT-CSV] 4,63,8422620,937870,63260,20360,271160,133720,7382030,37790
[E2MT-CSV] 4,64,10439470,1063660,71410,20740,247770,107020,8921600,82980
[E2MT-CSV] 4,65,7904930,1159650,65040,20580,230870,96260,6637640,39820
[E2MT-CSV] 4,66,18064180,1459950,96300,29420,612910,252580,16496040,96040
[E2MT-CSV] 4,67,18636810,1513660,114080,29760,715720,256880,17017480,102970
[E2MT-CSV] 4,68,17814760,1291710,101070,28920,872080,245660,16415150,94780
[E2MT-CSV] 4,69,18757180,1386400,99890,30850,770070,407720,17257140,98850
[E2MT-CSV] 4,70,17665240,1486290,90690,28660,583000,240920,16067930,85350
[E2MT-CSV] 4,71,18490000,1492630,112970,30000,643870,265120,16893900,142640
[E2MT-CSV] 4,72,19021030,1517060,96560,30060,667250,269680,17404220,95270
[E2MT-CSV] 4,73,18968700,1475710,94920,29310,655830,261920,17393750,105960
[E2MT-CSV] 4,74,27261310,1725760,121570,37740,1160620,566150,25413350,315910
[E2MT-CSV] 4,75,18769850,1378080,102090,31120,643430,255520,17281820,263000
[E2MT-CSV] 4,76,18129970,1496460,100940,28730,602940,247140,16530100,91220
[E2MT-CSV] 4,77,18809350,1524220,97540,31540,652490,270940,17181320,97720
[E2MT-CSV] 4,78,18974580,1578680,356430,31940,953780,274100,17297130,105150
[E2MT-CSV] 4,79,18998620,1386000,99670,29890,672200,250940,17487760,248860
[E2MT-CSV] 4,80,23922300,1605200,131480,27750,1005900,273520,22204260,139200
[E2MT-CSV] 4,81,19552300,1320080,96230,29610,829580,256290,18128380,91390
[E2MT-CSV] 4,82,18905980,1325380,95470,30020,775820,395140,17474370,99410
[E2MT-CSV] 4,83,18059740,1652020,93920,29920,583500,229700,16295870,90830
[E2MT-CSV] 4,84,18745080,1343600,95030,33920,754110,257240,17288480,97700
[E2MT-CSV] 4,85,24789170,1475860,103990,33260,1208410,390690,23200500,141250
[E2MT-CSV] 4,86,19831620,1378250,98680,32040,854040,296840,18348980,104740
[E2MT-CSV] 4,87,17988900,1318890,252550,29390,629570,259290,16559570,104000
[E2MT-CSV] 4,88,19308630,1507730,98130,31140,979720,272850,17701430,99510
[E2MT-CSV] 4,89,15593860,1105410,92940,28370,548010,204380,14215600,280990
[E2MT-CSV] 4,90,8118830,795730,65310,20500,239180,100200,7218450,82520
[E2MT-CSV] 4,91,19159090,1507380,103630,30670,663910,266100,17542530,101690
[E2MT-CSV] 4,92,19201700,1501650,263990,29480,660420,272600,17600190,95360
[E2MT-CSV] 4,93,8830490,940730,64130,20240,280540,93780,7791240,36260
[E2MT-CSV] 4,94,18979420,1391330,105440,34070,780240,270450,17470730,108380
[E2MT-CSV] 4,95,16686900,1395730,97340,28450,587250,275770,15177830,83870
[E2MT-CSV] 4,96,19746730,1556390,239860,32470,884020,282610,18078070,106320
[E2MT-CSV] 4,97,22853540,2541290,385590,48310,753140,312790,20143720,123740
[E2MT-CSV] 4,98,10277090,531980,42260,14420,611030,307390,9389480,160590
[E2MT-CSV] 4,99,19053730,1555400,221170,32450,665160,271590,17386510,104790
[E2MT-CSV] 4,100,18924560,1366640,104730,31630,623810,255190,17448430,251300
[E2MT-CSV] 4,101,18793630,1456910,95160,197460,636620,250680,17235170,92210
[E2MT-CSV] 4,102,7973640,904060,60090,19870,226720,93610,6976760,36980
[E2MT-CSV] 4,103,19354430,1504700,94860,31040,653690,262800,17749330,100930
[E2MT-CSV] 4,104,17936550,1531330,396670,34090,466770,166090,15996520,68330
[E2MT-CSV] 4,105,18234890,1579200,241910,30050,882160,253760,16552790,98080
[E2MT-CSV] 4,106,19545930,1838900,112370,37070,463630,206310,17171920,73410
[E2MT-CSV] 4,107,21731170,1856720,114100,36070,769380,308990,19756870,114730
[E2MT-CSV] 4,108,21681660,2128470,130250,41900,523210,212890,19395750,85380
[E2MT-CSV] 4,109,16624680,1396840,92150,27170,516220,244940,15117790,75090
[E2MT-CSV] 4,110,18741410,1366930,96210,30870,771760,381160,17264210,101070
[E2MT-CSV] 4,111,18605260,1450110,94120,29450,748340,248500,17055060,99470
[E2MT-CSV] 4,112,18677650,1448250,228300,212320,1021900,258250,17137380,97050
[E2MT-CSV] 4,113,18705080,1432330,90810,193680,705540,251020,17178910,93040
[E2MT-CSV] 4,114,9144630,969550,224420,20070,250400,104970,8065700,44380
[E2MT-CSV] 4,115,8248990,935610,62900,185140,271740,136140,7204250,39390
[E2MT-CSV] 4,116,20306620,1268750,93750,28350,958230,268780,18929960,89420
[E2MT-CSV] 4,117,9816630,912520,60020,20400,234420,97110,8808040,36170
[E2MT-CSV] 4,118,9079580,934520,60690,19990,229730,96140,8048330,37900
[E2MT-CSV] 4,119,25928180,1928560,122880,38690,1160870,479020,23879450,137290
[E2MT-CSV] 4,120,19135740,1355020,95440,30810,789040,405410,17675440,108350
[E2MT-CSV] 4,121,9333610,969730,63030,20570,251900,107360,8258660,43760
[E2MT-CSV] 4,122,7920450,811310,65020,20160,239260,100410,7002060,40130
[E2MT-CSV] 4,123,15711810,1444550,247430,31250,765860,246370,14171100,92610
[E2MT-CSV] 4,124,16436410,1255760,87880,26650,563600,261170,15066710,82360
[E2MT-CSV] 4,125,22771230,1809570,115620,35790,791640,313970,20846360,118970
[E2MT-CSV] 4,126,20401450,1673040,260370,33280,935480,294570,18625600,107460
[E2MT-CSV] 4,127,21669880,1863600,107980,33350,762840,314310,19697440,121700
[E2MT-CSV] 4,128,18670490,1283180,254200,30530,1021440,558720,17285290,94030
[E2MT-CSV] 4,129,18148230,1371790,94430,34900,770870,239600,16662190,100640
[E2MT-CSV] 4,130,18394220,1821450,116470,37530,564490,234310,16278110,89790
[E2MT-CSV] 4,131,8108980,956430,64600,20890,293460,105870,7042060,44320
[E2MT-CSV] 4,132,8701430,859080,62920,20150,259240,112950,7575840,41880
[E2MT-CSV] 4,133,8332890,961740,60790,20030,236530,98460,7272970,38950
[E2MT-CSV] 4,134,8475760,974620,69190,20170,256370,110820,7394480,43000
[E2MT-CSV] 4,135,9208650,998110,63100,21040,295870,148890,8109880,46470
[E2MT-CSV] 4,136,18778850,1525000,99360,31080,665740,268880,17152070,100330
[E2MT-CSV] 4,137,12641920,1000240,62640,20090,233080,98070,11542580,38590
[E2MT-CSV] 4,138,18638490,1466080,95080,29200,649300,265350,17064210,100850
[E2MT-CSV] 4,139,7756750,1094910,84010,20820,256870,111290,6554590,46000
[E2MT-CSV] 4,140,10403920,813700,66090,20260,288640,106860,9312970,45850
[E2MT-CSV] 4,141,18401560,1525280,259750,29040,618490,245820,16770530,96520
[E2MT-CSV] 4,142,7277540,743460,58780,20050,227200,94350,6287680,75330
[E2MT-CSV] 4,143,18863820,1472580,251430,28750,956560,273560,17286780,93930
[E2MT-CSV] 4,144,10117950,978890,65400,21630,255500,110390,9025430,83440
[E2MT-CSV] 4,145,21841950,1834160,122740,33930,743350,301830,19889340,124400
[E2MT-CSV] 4,146,18095300,1289780,94850,28730,871130,258430,16705180,92780
[E2MT-CSV] 4,147,18660330,1302560,256950,31160,1050130,357360,17256360,94750
[E2MT-CSV] 4,148,18638870,1308110,92820,192830,1044870,318960,17233610,98600
[E2MT-CSV] 4,149,24760610,1783750,118820,36380,841990,342810,22862860,136090
[E2MT-CSV] 4,150,14049350,1142340,92850,29840,701540,219840,12795770,91590
[E2MT-CSV] 4,151,22664970,2104510,130470,43510,719240,299560,20004500,120020
[E2MT-CSV] 4,152,15910190,1291780,97610,27780,493730,203540,14366160,81850
[E2MT-CSV] 4,153,18611230,1482420,98190,30110,775070,257310,17021690,106630
[E2MT-CSV] 4,154,18185840,1860020,109200,33560,596330,264410,16141640,89700
[E2MT-CSV] 4,155,27031800,1752000,115540,37500,1392120,578690,25155650,184450
[E2MT-CSV] 4,156,8148340,931280,63920,19240,271860,135160,7119910,36420
[E2MT-CSV] 4,157,18960180,1482950,96930,30770,944670,279850,17366900,107430
[E2MT-CSV] 4,158,13156400,897220,222590,19540,232390,96280,12166340,82280
[E2MT-CSV] 4,159,20608070,1767490,106000,187280,950740,366750,18725550,115940
[E2MT-CSV] 4,160,20132850,1530200,103810,32440,737510,309970,18490410,117950
[E2MT-CSV] 4,161,7765360,737410,58530,18960,225260,92610,6930640,33900
[E2MT-CSV] 4,162,15526140,1390770,95930,31150,764400,409060,14022150,94050
[E2MT-CSV] 4,163,15092080,1015730,66780,20770,803660,378130,14039380,105310
[E2MT-CSV] 4,164,19126910,1496730,107480,30570,781480,268800,17513640,111610
[E2MT-CSV] 4,165,20726820,1636750,105690,31710,716100,299150,18975560,264200
[E2MT-CSV] 4,166,8832070,1005570,63450,21040,241900,99740,7723260,41310
[E2MT-CSV] 4,167,8058480,718310,59680,19680,270480,94880,7245770,38430
[E2MT-CSV] 4,168,18880900,1509620,99080,30910,672020,266770,17258740,95770
[E2MT-CSV] 4,169,8006680,985430,66870,19940,278540,101890,6911450,42030
[E2MT-CSV] 4,170,18051070,1541670,93370,29920,597660,239230,16399540,93610
[E2MT-CSV] 4,171,8276150,719740,58090,19360,261840,129410,7304570,34820
[E2MT-CSV] 4,172,8566860,714260,58450,18830,221550,92390,7763090,34550
[E2MT-CSV] 4,173,8389760,908470,61730,19860,233470,94960,7384840,36030
[E2MT-CSV] 4,174,18859880,1368230,107870,31080,784830,413660,17372700,99660
[E2MT-CSV] 4,175,17911980,1402780,95060,30060,703010,371960,16395550,91140
[E2MT-CSV] 4,176,18635640,1479620,92340,30100,641260,259580,17054430,93990
[E2MT-CSV] 4,177,8424800,913570,61200,20340,231050,95140,7415150,36830
[E2MT-CSV] 4,178,18551110,1482500,92680,30480,639140,259770,16965440,97870
[E2MT-CSV] 4,179,19284620,1497990,100600,31840,1090140,328470,17670510,130650
[E2MT-CSV] 4,180,13685860,979930,62940,21210,274390,135340,12603570,40500
[E2MT-CSV] 4,181,18719210,1436000,231390,31600,1006770,271120,17180820,96380
[E2MT-CSV] 4,182,7937900,746880,61190,19490,223040,92550,6936640,35840
[E2MT-CSV] 4,183,18759140,1335060,89920,30100,770700,390630,17315130,93270
[E2MT-CSV] 4,184,8548970,1076140,71320,30470,248320,103870,7363530,42790
[E2MT-CSV] 4,185,17562610,1878230,357410,34680,467630,190380,15521570,72900
[E2MT-CSV] 4,186,19358180,1251250,104570,33520,645120,271110,17995540,247560
[E2MT-CSV] 4,187,19169220,1477360,92800,29670,659950,257950,17575210,94090
[E2MT-CSV] 4,188,19112300,1309830,94710,29370,638200,260880,17698150,245830
[E2MT-CSV] 4,189,23077740,1762690,115510,35970,948520,498370,21192440,127300
[E2MT-CSV] 4,190,27864280,1962460,144490,40920,1419740,706350,25778300,170820
[E2MT-CSV] 4,191,26156300,1778990,120990,37310,1038310,373300,24270560,133190
[E2MT-CSV] 4,192,19307820,1486950,102450,31570,960570,281800,17711550,101150
[E2MT-CSV] 4,193,19331190,1515590,97760,31180,668080,266930,17715220,102890
[E2MT-CSV] 4,194,19445010,1546950,97950,31420,812290,268380,17781000,285580
[E2MT-CSV] 4,195,18945370,1333090,103630,29320,636170,252340,17502440,270460
[E2MT-CSV] 4,196,19085280,1495860,97270,30630,681430,274400,17482160,110510
[E2MT-CSV] 4,197,19158660,1322410,96430,32260,944460,541840,17727990,109620
[E2MT-CSV] 4,198,19082820,1337690,96740,30830,657370,271170,17638140,245920
[E2MT-CSV] 4,199,19776590,1452000,109670,30340,659600,266030,18208360,103170
[E2MT-CSV] 4,200,18875830,1219360,98320,31560,791110,263400,17383900,102110
[E2MT-CSV] 4,201,20783190,1470890,110850,33390,827570,305550,19037600,120500
[E2MT-CSV] 4,202,19457210,1326800,93400,31700,979710,567950,18032590,109710
[E2MT-CSV] 4,203,19096030,1476150,94670,31140,956040,284580,17507560,101220
[E2MT-CSV] 4,204,20295540,1449070,101590,32010,863600,395110,18587990,128350
[E2MT-CSV] 4,205,7967720,940770,66090,19740,234140,97590,6925250,39530
[E2MT-CSV] 4,206,19231880,1489860,91790,30770,956770,285590,17639250,110470
[E2MT-CSV] 4,207,19400620,1532530,96970,31170,699760,287230,17765500,101840
[E2MT-CSV] 4,208,18392730,1463600,95700,28980,687290,323080,16831120,96240
[E2MT-CSV] 4,209,19709110,1587790,266150,31050,817460,270870,18008510,110440
[E2MT-CSV] 4,210,7505290,913220,235940,19950,259520,97760,6484130,38280
[E2MT-CSV] 4,211,19163540,1474970,98010,114880,821590,425700,17581280,104760
[E2MT-CSV] 4,212,7573800,875140,59660,18960,220360,91340,6606190,34460
[E2MT-CSV] 4,213,7878370,711340,57320,18920,260820,92610,7079420,34450
[E2MT-CSV] 4,214,26052620,2583260,144720,44380,848480,371370,23292330,142400
[E2MT-CSV] 4,215,17811260,1369690,101960,28970,589340,232240,16328760,219050
[E2MT-CSV] 4,216,7644520,869570,56720,18510,260390,131460,6677970,34410
[E2MT-CSV] 4,217,19169810,1477120,100170,30500,676470,273880,17594560,97790
[E2MT-CSV] 4,218,19174920,1528420,99880,31620,698360,285020,17530020,110230
[E2MT-CSV] 4,219,8776320,1021200,119150,20380,242690,101260,7646800,42530
[E2MT-CSV] 4,220,19242260,1387400,96740,31270,827810,264080,17738930,104130
[E2MT-CSV] 4,221,19034040,1473860,258140,29970,946370,283380,17446830,103290
[E2MT-CSV] 4,222,8262800,963980,61150,20110,226990,93180,7201980,37260
[E2MT-CSV] 4,223,7879350,894760,60390,19390,227380,92170,6892210,36380
[E2MT-CSV] 4,224,8064150,1010350,67360,19990,241920,102270,6945940,41980
[E2MT-CSV] 4,225,7686910,952220,64430,20340,274170,97610,6631610,40550
[E2MT-CSV] 4,226,20096200,1554210,255600,33950,869870,275470,18435810,122340
[E2MT-CSV] 4,227,19718660,1195730,96070,31820,974780,302330,18415520,113330
[E2MT-CSV] 4,228,8848230,754170,59520,19290,230790,93920,7836770,37560
[E2MT-CSV] 4,229,21616640,1907460,115480,34090,745570,299000,19588290,286880
[E2MT-CSV] 4,230,18649300,1220180,88360,26630,631050,218410,17314070,86950
[E2MT-CSV] 4,231,19098740,1350670,261490,34810,798760,277320,17644880,95150
[E2MT-CSV] 4,232,18941860,1452400,91860,185860,634940,253850,17387250,93970
[E2MT-CSV] 4,233,19783130,1518140,96160,30290,645200,253290,18147240,108930
[E2MT-CSV] 4,234,16825870,1315650,85890,32750,828530,214860,15399340,94020
[E2MT-CSV] 4,235,18777830,1448830,93650,28950,588310,251780,17215470,90570
[E2MT-CSV] 4,236,17442990,1270150,96630,27840,563980,224580,15906190,88340
[E2MT-CSV] 4,237,19400740,1419170,97380,30910,733210,247910,17705100,92690
[E2MT-CSV] 4,238,19146970,1360230,94860,29140,727780,416450,17571810,100760
[E2MT-CSV] 4,239,9042730,976690,63680,20760,255310,106740,7956460,43600
[E2MT-CSV] 4,240,21919550,1342560,96470,31090,699260,251030,20463250,245550
[E2MT-CSV] 4,241,18300920,1580110,101430,30150,633610,260420,16605910,97650
[E2MT-CSV] 4,242,7799600,765710,63950,19770,279540,99510,6778550,38100
[E2MT-CSV] 4,243,19241620,1371800,98620,31200,674990,265870,17752250,250460
[E2MT-CSV] 4,244,20202660,1597380,107480,29750,686510,295600,18455870,107340
[E2MT-CSV] 4,245,24767100,2290620,381510,45140,755870,318790,22302350,272570
[E2MT-CSV] 4,246,12494200,891190,66510,20260,264900,106950,11229860,62800
[E2MT-CSV] 4,247,19200970,1454410,97090,31680,811440,422450,17631990,113420
[E2MT-CSV] 4,248,26983220,1666600,133690,38700,918170,376910,25188280,458560
[E2MT-CSV] 4,249,16305460,1381640,86970,185250,604770,233080,14810600,83930
[E2MT-CSV] 4,250,18805040,1508530,97840,30100,654510,259480,17176590,98500
[E2MT-CSV] 4,251,8317470,929240,57780,19510,242870,108740,7294410,35320
[E2MT-CSV] 4,252,19037320,1529770,97270,31790,669910,268610,17385320,106010
[E2MT-CSV] 4,253,8204310,951930,58100,19770,253200,94210,7163220,35830
[E2MT-CSV] 4,254,7659460,999750,68580,20860,303380,153750,6546320,48130
[E2MT-CSV] 4,255,19157780,1363930,257790,31860,738170,229990,17683850,94730
[E2MT-CSV] 4,256,20303530,1534770,106940,32790,935560,303980,18503540,108130
[E2MT-CSV] 4,257,19113840,1403990,119570,37140,800860,415900,17592200,98470
[E2MT-CSV] 4,258,19158290,1492510,99470,29900,662820,272090,17563810,99140
[E2MT-CSV] 4,259,14811540,1057780,72190,20140,664270,340870,13640290,47150
[E2MT-CSV] 4,260,22559260,1790360,118280,46090,768750,323250,20578990,124540
[E2MT-CSV] 4,261,19177750,1336350,95840,45420,803080,409670,17729740,101400
[E2MT-CSV] 4,262,19219950,1373260,103740,30610,664130,263340,17720940,255310
[E2MT-CSV] 4,263,18918940,1349850,92230,30900,781780,260220,17452200,94550
[E2MT-CSV] 4,264,18593990,1367970,96600,30530,782530,250320,17094900,99600
[E2MT-CSV] 4,265,7886070,953720,64330,20010,235350,99430,6834660,37830
[E2MT-CSV] 4,266,19127740,1517400,100960,30900,677340,276850,17506670,105790
[E2MT-CSV] 4,267,8944820,793700,70730,19230,256090,121130,7899810,38220
[E2MT-CSV] 4,268,16734730,1397720,96320,30660,761150,405310,15227090,93050
[E2MT-CSV] 4,269,7370840,1016870,67780,20970,251950,104900,6240350,44090
[E2MT-CSV] 4,270,13507260,947960,66390,20550,295720,111280,12446170,40860
[E2MT-CSV] 4,271,19013920,1392450,99310,31280,679870,277850,17501570,243280
[E2MT-CSV] 4,272,18906720,1535510,96950,33700,662760,263490,17259300,99660
[E2MT-CSV] 4,273,17977370,1419600,97270,30260,596650,236010,16452870,179010
[E2MT-CSV] 4,274,18741050,1396580,99320,29330,754430,269560,17225520,107350
[E2MT-CSV] 4,275,19097900,1498410,101210,30440,654640,272000,17490620,98910
[E2MT-CSV] 4,276,17492100,1532510,95720,30200,648880,297680,15838470,92260
[E2MT-CSV] 4,277,28297730,2056110,128120,39420,976930,410040,26121580,148940
[E2MT-CSV] 4,278,18767660,1335090,96860,30810,628200,251170,17319580,243650
[E2MT-CSV] 4,279,25448680,1924820,124560,36860,1073660,360940,23402270,152260
[E2MT-CSV] 4,280,19103290,1433350,95290,31150,789220,254610,17559130,104830
[E2MT-CSV] 4,281,19538970,1407610,97890,31950,1012790,463620,18008090,102050
[E2MT-CSV] 4,282,19334270,1423930,94580,29420,822370,266410,17802910,99210
[E2MT-CSV] 4,283,20218580,1407290,99520,183090,962810,371830,18552130,113390
[E2MT-CSV] 4,284,19128670,1389860,97170,31280,790070,276620,17606640,104750
[E2MT-CSV] 4,285,19291490,1497900,209950,32000,931240,265510,17682520,103150
[E2MT-CSV] 4,286,25011980,1688970,109310,35040,1019240,361320,23209720,143400
[E2MT-CSV] 4,287,18630350,1330770,98830,29260,593710,237310,17189100,88420
[E2MT-CSV] 4,288,16529560,2121970,383200,37260,429760,173790,14248410,66920
[E2MT-CSV] 4,289,19649810,1548550,106670,30880,862620,410890,17980060,111060
[E2MT-CSV] 4,290,19015540,1492090,98200,30070,657820,280430,17414080,99570
[E2MT-CSV] 4,291,24847850,1680070,114750,34840,1158340,554130,23053080,126670
[E2MT-CSV] 4,292,17637740,1302540,251550,29950,587900,231790,16224720,93270
[E2MT-CSV] 4,293,16962870,1436060,90350,27860,546620,223000,15414010,81230
[E2MT-CSV] 4,294,19404770,1524360,94510,29720,854720,274640,17764150,103780
[E2MT-CSV] 4,295,20050890,1575250,96900,30280,687820,281160,18360320,120560
[E2MT-CSV] 4,296,18843230,1394180,95820,30140,768970,266060,17340180,97520
[E2MT-CSV] 4,297,19657460,1570420,97210,31000,960380,364340,17974050,100640
[E2MT-CSV] 4,298,19287430,1620340,248410,34860,716210,326820,17551960,102960
[E2MT-CSV] 4,299,18889250,1335600,92740,30540,819800,270100,17423650,103240
[E2MT-CSV] 4,300,17877200,1169680,104550,30170,644070,237860,16412730,84130
[E2MT-CSV] 4,301,20628050,1628590,105800,32340,843090,284220,18884120,102900
[E2MT-CSV] 4,302,17909150,1421160,92780,29030,716430,381190,16371870,89180
[E2MT-CSV] 4,303,8958070,955970,62280,20050,279220,101240,7897200,39660
[E2MT-CSV] 4,304,7962200,991380,66150,19690,249890,105480,6865410,42890
[E2MT-CSV] 4,305,8760480,972680,66470,20570,241800,101930,7680090,81020
[E2MT-CSV] 4,306,8204580,947110,64770,19770,289830,150100,7157460,52180
[E2MT-CSV] 4,307,19491100,1477070,224350,33350,1014180,651300,17756920,102880
[E2MT-CSV] 4,308,8052360,959500,64900,20220,251500,102740,6975520,42180
[E2MT-CSV] 4,309,19932410,1573600,107220,31640,693750,282620,18237870,105360
[E2MT-CSV] 4,310,18758010,1349750,96840,31370,771520,396100,17296710,97330
[E2MT-CSV] 4,311,18554110,1396800,99850,29790,828510,262950,17044110,99470
[E2MT-CSV] 4,312,22134810,2368970,122080,37560,655170,294650,19650740,124040
[E2MT-CSV] 4,313,18814260,1400040,97710,30130,783920,253760,17304870,98440
[E2MT-CSV] 4,314,18520070,1347660,94730,30750,795820,379550,17044240,101290
[E2MT-CSV] 4,315,23649760,1691140,98490,33050,1127680,539230,21848370,147170
[E2MT-CSV] 4,316,18885940,1508540,95390,29660,667880,282320,17263230,105620
[E2MT-CSV] 4,317,18875400,1509850,95190,29280,590310,237820,17251670,92120
[E2MT-CSV] 4,318,19573230,1531560,100980,33630,808290,364420,17932980,101330
[E2MT-CSV] 4,319,18804420,1592110,102400,31640,592480,242070,17093760,95270
[E2MT-CSV] 4,320,19250130,1605880,95850,31400,619250,254110,17530720,104380
[E2MT-CSV] 4,321,19605850,1482660,98430,31360,846390,272810,17998070,102610
[E2MT-CSV] 4,322,18898520,1484740,92150,30150,624560,255900,17290700,95740
[E2MT-CSV] 4,323,19181150,1319290,93420,30520,832840,261700,17757740,107180
[E2MT-CSV] 4,324,18179470,1338860,93490,30700,821800,456090,16712500,93100
[E2MT-CSV] 4,325,21658750,1698940,107180,33760,764130,321400,19851580,118320
[E2MT-CSV] 4,326,18784260,1365870,98570,29750,611580,249270,17305000,95670
[E2MT-CSV] 4,327,18872310,1379040,95250,32150,828060,274590,17383230,98810
[E2MT-CSV] 4,328,18812900,1317340,100600,29370,664090,275780,17379280,244700
[E2MT-CSV] 4,329,18752950,1631030,247470,30520,627410,250220,17000910,100590
[E2MT-CSV] 4,330,9236910,967250,66610,20940,247940,105380,8141730,43420
[E2MT-CSV] 4,331,15315050,1101270,87600,28290,722750,375190,13954530,84460
[E2MT-CSV] 4,332,8153170,958640,65190,20060,280550,101650,7087010,40430
[E2MT-CSV] 4,333,9725210,897700,60940,19580,262430,130820,8732440,35370
[E2MT-CSV] 4,334,19863330,1412310,100040,30830,794530,415180,18331900,105240
[E2MT-CSV] 4,335,17920520,1283930,91660,34440,687740,233370,16527540,162350
[E2MT-CSV] 4,336,18658760,1470620,91900,29180,769890,259490,17092070,93440
[E2MT-CSV] 4,337,9180300,752090,61740,19780,273850,136710,8330730,40130
[E2MT-CSV] 4,338,18274850,1347540,90990,30260,887290,252990,16820200,103770
[E2MT-CSV] 4,339,17308280,2057100,125060,207100,711610,239680,14804950,90100
[E2MT-CSV] 4,340,17720320,1245610,87220,28570,558420,226390,16370380,87130
[E2MT-CSV] 4,341,18661580,1308280,92220,29630,776420,389050,17243380,92290
[E2MT-CSV] 4,342,10601120,974560,66200,21180,245460,102020,9516930,44010
[E2MT-CSV] 4,343,8568400,787510,62310,20560,234670,96850,7515110,38660
[E2MT-CSV] 4,344,19991150,1632840,104700,32380,670690,278690,18245020,108900
[E2MT-CSV] 4,345,10642810,1016370,67830,24620,253420,109610,9450840,41870
[E2MT-CSV] 4,346,8492520,778150,62980,20170,224610,92690,7430040,36210
[E2MT-CSV] 4,347,18878940,1483910,251130,32750,940510,271030,17297910,102900
[E2MT-CSV] 4,348,10407570,929980,61920,19980,228550,94840,9378230,36810
[E2MT-CSV] 4,349,9332140,1006850,69390,20270,318160,126010,8218060,48300
[E2MT-CSV] 4,350,15626040,1421580,85750,27010,491830,203880,14089310,72040
[E2MT-CSV] 4,351,22448990,1978560,121230,40110,639810,272580,20035550,110080
[E2MT-CSV] 4,352,18985300,1512790,96740,29360,665310,270640,17372220,96640
[E2MT-CSV] 4,353,8401260,949270,62360,19210,229130,94820,7358750,36640
[E2MT-CSV] 4,354,16960940,1364880,93310,27990,667470,231760,15486930,88350
[E2MT-CSV] 4,355,8907200,508190,39300,13990,424880,210750,8067570,64290
[E2MT-CSV] 4,356,23205220,1537550,114420,36080,1072950,497410,21540730,121050
[E2MT-CSV] 4,357,18426170,1552740,232040,30930,907050,264840,16771000,96660
[E2MT-CSV] 4,358,19048840,1499710,264480,30200,655890,261370,17451750,103560
[E2MT-CSV] 4,359,18970920,1412850,111040,31270,803300,268350,17430000,110210
[E2MT-CSV] 4,360,11229720,1513210,100770,33360,422600,209610,9308720,60750
[E2MT-CSV] 4,361,19174530,1397160,101610,29890,839510,449290,17663190,102680
[E2MT-CSV] 4,362,19445590,1521620,98410,31090,659650,264670,17809900,99820
[E2MT-CSV] 4,363,18449560,1451640,265530,30000,929260,253860,16822610,94010
[E2MT-CSV] 4,364,15042630,989240,69860,20710,768900,258780,13940970,42790
[E2MT-CSV] 4,365,7666710,991150,64340,21220,244330,103380,6571150,46620
[E2MT-CSV] 4,366,15480880,1445140,92280,28910,601800,269800,13924650,97840
[E2MT-CSV] 4,367,19029910,1553060,259440,32790,644910,260970,17376390,103090
[E2MT-CSV] 4,368,19730710,1488200,95190,29260,765620,360480,18141590,100020
[E2MT-CSV] 4,369,21154790,1413640,108230,32700,1041830,591680,19463630,118150
[E2MT-CSV] 4,370,19157310,1403170,100650,31380,659620,273280,17644130,251290
[E2MT-CSV] 4,371,19111960,1402040,96530,30910,826110,435920,17599560,100960
[E2MT-CSV] 4,372,28868670,1871150,135330,38180,1062360,458220,26881440,160300
[E2MT-CSV] 4,373,19900780,1403570,99860,31990,909220,350080,18383560,112010
[E2MT-CSV] 4,374,18919010,1665470,95210,113330,615030,254410,17133930,98640
[E2MT-CSV] 4,375,21275820,1656120,109280,33700,745230,310060,19333070,125160
[E2MT-CSV] 4,376,18974480,1380360,95730,30290,819370,417670,17478010,100590
[E2MT-CSV] 4,377,8592280,774830,63930,20030,238700,99580,7711590,40830
[E2MT-CSV] 4,378,16813980,1575430,103250,33650,487250,200230,15089270,78940
[E2MT-CSV] 4,379,19731120,1365050,97880,30320,939170,519520,18247840,132320
[E2MT-CSV] 4,380,18882630,1369150,102170,30920,764570,247590,17405970,96140
[E2MT-CSV] 4,381,20115050,1582440,96660,29040,594400,248350,18425920,91120
[E2MT-CSV] 4,382,19845770,1508810,93920,31300,851200,270350,18215020,100060
[E2MT-CSV] 4,383,20452830,1499820,101660,31900,993440,514030,18847310,113420
[E2MT-CSV] 4,384,25883990,2659250,148300,66380,1174020,517110,23045180,128990
[E2MT-CSV] 4,385,19113520,1534470,282000,30690,624110,257670,17464040,96910
[E2MT-CSV] 4,386,19199580,1480840,101790,29870,618590,255610,17620650,100350
[E2MT-CSV] 4,387,19359850,1339570,101320,30430,682260,271810,17917570,254930
[E2MT-CSV] 4,388,19133560,1530190,260580,30130,656370,267690,17496150,101890
[E2MT-CSV] 4,389,10432260,1016340,64770,21360,280560,99150,9308610,41110
[E2MT-CSV] 4,390,16782440,1194410,91120,27260,512800,213210,15310680,83840
[E2MT-CSV] 4,391,27288900,1812070,288320,39530,1154500,568400,25365940,163920
[E2MT-CSV] 4,392,19354360,1318330,92620,30190,645840,262830,17940330,99960
[E2MT-CSV] 4,393,19113000,1523350,95940,201760,650540,267950,17483980,104010
[E2MT-CSV] 4,394,24948480,2456410,294080,38480,983190,342720,22061540,143030
[E2MT-CSV] 4,395,19140200,1447360,97170,30670,789150,409490,17586150,105240
[E2MT-CSV] 4,396,18494650,1513260,98660,29610,711200,339300,16866970,101640
[E2MT-CSV] 4,397,28191360,1830310,126900,38150,1411710,800340,26248360,153830
[E2MT-CSV] 4,398,8076500,918330,68710,22840,225120,92530,7059600,36550
[E2MT-CSV] 4,399,17984800,1563000,96090,30240,608630,244840,16301700,94310
[E2MT-CSV] 4,400,23210020,2273380,134030,43090,594020,243460,20512060,93620
[E2MT-CSV] 4,401,19161420,1343450,96280,30550,614090,251410,17706940,331710
[E2MT-CSV] 4,402,19496040,1621830,271430,30260,674360,279250,17767350,106370
[E2MT-CSV] 4,403,7648210,708540,55640,19070,223740,90930,6848030,75200
[E2MT-CSV] 4,404,21508600,2080420,129470,40830,683210,274500,18969530,102840
[E2MT-CSV] 4,405,8625310,928040,61520,20290,231060,95280,7597280,37580
[E2MT-CSV] 4,406,25075230,1662600,101870,31740,965460,383780,23310130,146980
[E2MT-CSV] 4,407,11343900,904480,58370,19820,486100,190620,10343790,72820
[E2MT-CSV] 4,408,9389860,741710,61340,19780,270900,94270,8385030,36950
[E2MT-CSV] 4,409,17029110,1111710,89580,27620,674270,363070,15798070,89660
[E2MT-CSV] 4,410,19167440,1548010,108470,31560,648610,265550,17511350,107090
[E2MT-CSV] 4,411,18907020,1528650,96650,28990,619520,252740,17261670,95610
[E2MT-CSV] 4,412,19323540,1533160,106170,50220,640110,260120,17693130,115550
[E2MT-CSV] 4,413,19525230,1561600,100810,31030,662940,264150,17862730,98890
[E2MT-CSV] 4,414,18126310,1290180,90510,28850,713400,363030,16721850,91350
[E2MT-CSV] 4,415,16848640,2319560,403760,41720,593350,225730,14349660,85250
[E2MT-CSV] 4,416,9265690,924920,59090,20030,228240,95150,8245370,37490
[E2MT-CSV] 4,417,19400650,1449200,99250,32140,901240,504710,17847100,107950
[E2MT-CSV] 4,418,20213740,1550790,112410,33910,971550,291710,18565780,113060
[E2MT-CSV] 4,419,11142960,1007980,65590,20780,290660,108810,10023800,43890
[E2MT-CSV] 4,420,19229790,1411460,271870,31020,636220,261770,17704730,263780
[E2MT-CSV] 4,421,18777220,1494920,104950,28120,629060,255330,17164420,102940
[E2MT-CSV] 4,422,19213800,1522210,97330,40480,642210,265410,17592480,96740
[E2MT-CSV] 4,423,19186640,1341490,94410,29870,621770,254770,17747070,100430
[E2MT-CSV] 4,424,18179490,1337470,94690,28860,649530,246520,16722890,227270
[E2MT-CSV] 4,425,24227440,1874210,419470,37410,1007290,351350,22237730,135870
[E2MT-CSV] 4,426,17802030,1237940,102530,192260,581190,239350,16462260,83610
[E2MT-CSV] 4,427,19293220,1496260,98240,29620,635210,258910,17697940,98460
[E2MT-CSV] 4,428,19002940,1511850,95340,29800,638430,258830,17385820,97210
[E2MT-CSV] 4,429,23169680,1753790,111680,38150,961010,511860,21298510,122020
[E2MT-CSV] 4,430,19362120,1512470,198240,33140,825870,275280,17733910,109420
[E2MT-CSV] 4,431,19181330,1409860,270620,30310,655650,272670,17660230,273680
[E2MT-CSV] 4,432,9241080,919920,61350,19540,227160,92530,8226050,36030
[E2MT-CSV] 4,433,19387180,1461960,100930,30620,801120,422210,17806540,102160
[E2MT-CSV] 4,434,18818690,1375840,99730,31010,776010,409800,17328240,100550
[E2MT-CSV] 4,435,19597920,1497680,109270,32050,747070,280460,17982500,266730
[E2MT-CSV] 4,436,21148330,1840120,106530,33960,727160,302690,19197110,117670
[E2MT-CSV] 4,437,19150850,1498630,93560,30490,761420,234380,17528120,88280
[E2MT-CSV] 4,438,16178510,1511890,94580,30780,564750,244820,14539770,91780
[E2MT-CSV] 4,439,19931820,1518760,104650,30260,689380,285440,18119720,116470
[E2MT-CSV] 4,440,20755380,1639010,112150,33210,826030,395140,19004840,114630
[E2MT-CSV] 4,441,17045840,1518330,90350,28770,524250,219910,15415020,87810
[E2MT-CSV] 4,442,18854830,1520830,101220,30150,630270,259900,17226040,104960
[E2MT-CSV] 4,443,19391480,1674340,101710,30440,673340,282900,17610720,107060
[E2MT-CSV] 4,444,22286480,1584850,112130,32980,1035250,511030,20576930,143810
[E2MT-CSV] 4,445,17521560,1460990,91230,27760,574790,238380,15954310,96060
[E2MT-CSV] 4,446,18600310,1348330,98060,30290,664810,302380,17133180,258650
[E2MT-CSV] 4,447,18634300,1499830,96210,29360,683420,257300,17024700,105660
[E2MT-CSV] 4,448,17950440,1320040,92240,28700,594360,245210,16518350,95890
[E2MT-CSV] 4,449,19044510,1362720,101320,29600,755970,405390,17565840,101850
[E2MT-CSV] 4,450,18446530,1621840,292880,32410,666820,322920,16716130,103180
[E2MT-CSV] 4,451,8015540,955410,242990,21570,300990,110030,6961980,45240
[E2MT-CSV] 4,452,7883990,942290,63610,20510,286370,98010,6839550,38790
[E2MT-CSV] 4,453,13075830,984480,237870,21060,289650,109350,11990700,45060
[E2MT-CSV] 4,454,8315740,863650,68970,20590,283700,120790,7168090,52040
[E2MT-CSV] 4,455,19436780,1652100,359320,31820,674090,283510,17678110,120850
[E2MT-CSV] 4,456,8251940,931660,231200,20070,239530,100870,7221180,39880
[E2MT-CSV] 4,457,8876120,1113610,71490,26330,246120,103200,7653680,41890
[E2MT-CSV] 4,458,19379470,1634600,98770,30780,648540,261690,17629510,107730
[E2MT-CSV] 4,459,18394150,1393260,100310,31150,584200,247080,16728650,96850
[E2MT-CSV] 4,460,18100240,1365020,93730,30000,586710,247360,16613930,320060
[E2MT-CSV] 4,461,19383160,1567110,430870,30100,612220,250780,17708580,102160
[E2MT-CSV] 4,462,7261270,931950,61910,19400,278990,140150,6230190,38780
[E2MT-CSV] 4,463,19269830,1273180,87410,28480,758290,255960,17898050,91320
[E2MT-CSV] 4,464,19623720,1683870,110770,30530,619680,249810,17825240,97610
[E2MT-CSV] 4,465,19319860,1577120,105230,31180,785790,414960,17628500,100800
[E2MT-CSV] 4,466,19287490,1580200,276670,31080,644560,263650,17595010,104180
[E2MT-CSV] 4,467,19430650,1669700,100860,214150,672640,280160,17652000,104820
[E2MT-CSV] 4,468,19258140,1414920,102160,30570,628250,260950,17724310,280110
[E2MT-CSV] 4,469,19634320,1384850,98680,30490,910880,547610,18126260,98400
[E2MT-CSV] 4,470,19203670,1590090,101010,215800,660930,276080,17506540,104680
[E2MT-CSV] 4,471,16876370,1288670,91130,27560,684710,219920,15475820,90480
[E2MT-CSV] 4,472,19133830,1330770,100360,29930,809560,269290,17698650,107290
[E2MT-CSV] 4,473,19226500,1530440,101130,31790,647960,269010,17582580,100630
[E2MT-CSV] 4,474,17221160,1288430,90600,29240,772690,308410,15817780,104460
[E2MT-CSV] 4,475,19275360,1550280,99290,203140,664390,271960,17613570,104140
[E2MT-CSV] 4,476,19404160,1539010,97680,30740,679260,279900,17751780,110090
[E2MT-CSV] 4,477,20834210,1653740,202350,30890,875990,305980,19060080,126680
[E2MT-CSV] 4,478,16972790,1257150,85270,27960,526490,208600,15475230,80380
[E2MT-CSV] 4,479,14834900,1440930,239870,29920,602140,251950,13279710,96780
[E2MT-CSV] 4,480,18787940,1509880,94930,29840,607920,247870,17172670,102860
[E2MT-CSV] 4,481,19393160,1498340,278790,32280,652270,268400,17780200,256550
[E2MT-CSV] 4,482,6407330,451400,35540,11050,353010,196400,5909870,43580
[E2MT-CSV] 4,483,8386840,701440,55880,19370,309350,106830,7597560,42280
[E2MT-CSV] 4,484,19394970,1493590,101920,30180,806430,269580,17797640,111010
[E2MT-CSV] 4,485,18625260,1126820,95170,30930,887240,252340,17396090,98770
[E2MT-CSV] 4,486,19353200,1567360,101050,31960,679280,278930,17676740,106310
[E2MT-CSV] 4,487,19294170,1324990,97610,31460,657490,264700,17871390,103440
[E2MT-CSV] 4,488,7921980,279040,22660,7630,262310,91930,7623350,35740
[E2MT-CSV] 4,489,19363120,1574610,94310,30070,644500,272620,17687920,101160
[E2MT-CSV] 4,490,19875360,1339620,102430,30120,751270,277900,18438680,98950
[E2MT-CSV] 4,491,19276110,1321410,95630,30360,640830,259980,17854750,100200
[E2MT-CSV] 4,492,19530770,1244170,97240,29820,787400,266320,18188850,108520
[E2MT-CSV] 4,493,19158720,1504660,95570,30980,634060,263750,17551640,101390
[E2MT-CSV] 4,494,19094180,1315400,291910,28960,779070,406400,17670080,101070
[E2MT-CSV] 4,495,19518110,1499150,100710,31750,837960,272910,17911170,103890
[E2MT-CSV] 4,496,19165470,1506730,94090,30020,658190,273800,17552600,101030
[E2MT-CSV] 4,497,19139980,1297820,93800,30720,648880,263850,17747250,101980
[E2MT-CSV] 4,498,19374350,1309110,245470,29930,659770,268550,17967270,100160
[E2MT-CSV] 4,499,18813810,1377980,96920,27650,771240,258620,17323520,101000
[E2MT-CSV] 4,500,19199190,1363760,294020,30950,645440,257380,17725560,262620
[E2MT-CSV] 4,501,18812270,1474340,118210,34140,742740,236280,17232230,90850
[E2MT-CSV] 4,502,18435760,1301980,94080,28520,583510,240070,17024170,92320
[E2MT-CSV] 4,503,19259470,1596890,111780,30690,835380,448680,17546010,125610
[E2MT-CSV] 4,504,16151620,1358690,85240,217650,560970,269420,14683250,86180
[E2MT-CSV] 4,505,15778790,1020370,83010,26900,606390,202990,14472710,74070
[E2MT-CSV] 4,506,19461960,1499220,94620,30980,680970,273450,17862890,105860
[E2MT-CSV] 4,507,8008380,695230,58650,18960,275720,91900,7226920,33920
[E2MT-CSV] 4,508,19109060,1311100,271940,31770,770420,412900,17701680,103050
[E2MT-CSV] 4,509,17313740,1421660,92120,27880,535710,219470,15786760,81490
[E2MT-SUMMARY] chain_len=4 e2e_avg=17145145 publish_avg=1377409 gc_trigger_avg=115436 invoke_cb_avg=34846 getnext_avg=650481 take_data_avg=264754 sched_avg=15638080 dispatch_avg=104031
