audio: Device lm4549: audiodev default parameter is deprecated, please specify audiodev=none

RTEMS Shell on /dev/console. Use 'help' to list commands.
SHLL [/] # nexus0: <RTEMS Nexus device>
info: lo0: link state changed to UP
=== Exp2-ST: Task Chain (n=3) SingleThreadedExecutor ===
Period: 200ms, Rounds: 500
[E2ST-CSV] chain_len,round,e2e_ns,publish_ns,gc_trigger_ns,invoke_cb_ns,getnext_ns,take_data_ns,sched_ns,dispatch_ns
666666
CPP Msg not nullptr
CPP Msg not nullptr
CPP Msg not nullptr
CPP Msg not nullptr
C Msg not NULL
C Msg not NULL
CPP Srv not nullptr
CPP Srv not nullptr
CPP Srv not nullptr
CPP Srv not nullptr
CPP Srv not nullptr
CPP Srv not nullptr
CPP Msg not nullptr
CPP Msg not nullptr
CPP Msg not nullptr
CPP Msg not nullptr
CPP Msg not nullptr
CPP Msg not nullptr
C Msg not NULL
C Msg not NULL
CPP Srv not nullptr
CPP Srv not nullptr
CPP Srv not nullptr
CPP Srv not nullptr
CPP Srv not nullptr
CPP Srv not nullptr
CPP Msg not nullptr
CPP Msg not nullptr
CPP Msg not nullptr
CPP Msg not nullptr
CPP Msg not nullptr
CPP Msg not nullptr
CPP Msg not nullptr
CPP Msg not nullptr
C Msg not NULL
C Msg not NULL
CPP Srv not nullptr
CPP Srv not nullptr
CPP Srv not nullptr
CPP Srv not nullptr
CPP Srv not nullptr
CPP Srv not nullptr
CPP Msg not nullptr
CPP Msg not nullptr
CPP Msg not nullptr
CPP Msg not nullptr
CPP Msg not nullptr
CPP Msg not nullptr
[E2ST-CSV] 3,10,14249400,1388870,89900,26450,593000,245900,12769710,133190
[E2ST-CSV] 3,11,15089900,1439830,276980,28050,792480,252810,13550430,109020
[E2ST-CSV] 3,12,6397260,911370,62630,18720,170500,73130,5382010,33160
[E2ST-CSV] 3,13,14387110,1260410,93390,26740,649670,266820,13018290,110170
[E2ST-CSV] 3,14,6030450,834120,58840,16620,147680,65030,5101180,30360
[E2ST-CSV] 3,15,15182110,1366250,264390,26490,593420,241550,13714050,102280
[E2ST-CSV] 3,16,14727070,1381230,87830,26240,619450,256330,13250870,103600
[E2ST-CSV] 3,17,5835880,895520,61590,17710,167070,72810,4839940,33640
[E2ST-CSV] 3,18,14750030,1478280,92790,26940,620070,260930,13169480,110350
[E2ST-CSV] 3,19,11677450,1267560,93020,27520,247520,124020,10303800,266410
[E2ST-CSV] 3,20,14449940,1260990,95860,25880,908200,345690,13080740,113140
[E2ST-CSV] 3,21,14317250,1336210,87210,25190,798710,256310,12890200,115360
[E2ST-CSV] 3,22,6645100,988650,63520,16900,174010,75080,5556160,33680
[E2ST-CSV] 3,23,14470340,1417530,93740,26290,716930,255670,12949720,112220
[E2ST-CSV] 3,24,14491130,1374460,90480,26200,714700,247130,13022090,112760
[E2ST-CSV] 3,25,14566780,1477730,91330,26070,594270,243660,13000140,206530
[E2ST-CSV] 3,26,6520000,805080,52840,15940,154180,68640,5628870,28940
[E2ST-CSV] 3,27,14908210,1486980,284400,29430,825420,270650,13315920,111810
[E2ST-CSV] 3,28,14466210,1229510,96520,26800,896590,544800,13129150,113340
[E2ST-CSV] 3,29,13698080,1191470,86890,24400,550590,226830,12400800,105090
[E2ST-CSV] 3,30,14610540,1232430,91650,26320,792180,431970,13271760,107130
[E2ST-CSV] 3,31,6246460,870700,58320,16250,158920,68730,5276960,76880
[E2ST-CSV] 3,32,6707250,713240,59630,16000,174820,78700,5888900,36540
[E2ST-CSV] 3,33,13704690,1251740,87610,25250,774550,256020,12195340,116660
[E2ST-CSV] 3,34,15418160,1259430,98720,26990,1029930,454580,13860460,142770
[E2ST-CSV] 3,35,14282370,1245000,91680,27440,595520,243610,12929800,281280
[E2ST-CSV] 3,36,14125940,1415200,92030,25850,609260,248660,12618990,103810
[E2ST-CSV] 3,37,14628270,1469840,97970,27360,802080,254340,13047330,109100
[E2ST-CSV] 3,38,14287530,1447620,90130,26260,898470,258900,12729610,110390
[E2ST-CSV] 3,39,14438930,1270360,94070,27800,891820,433930,13058120,113570
[E2ST-CSV] 3,40,14274500,1364840,89210,26040,600270,242870,12817920,101400
[E2ST-CSV] 3,41,14543430,1393790,91550,26430,723030,254040,13057380,111410
[E2ST-CSV] 3,42,14792050,1469020,94670,26380,796090,271470,13208740,115280
[E2ST-CSV] 3,43,15056850,1379600,94990,25620,773850,251220,13577120,110050
[E2ST-CSV] 3,44,14480390,1295270,94330,27970,911050,439770,13078350,111440
[E2ST-CSV] 3,45,5774410,861180,56310,185560,161490,68860,4821770,31470
[E2ST-CSV] 3,46,14414840,1240040,91540,26970,894360,527380,13070930,114430
[E2ST-CSV] 3,47,6291620,728720,59920,17230,208090,75290,5465230,34460
[E2ST-CSV] 3,48,14489790,1226990,88220,25940,788550,262860,13014910,108200
[E2ST-CSV] 3,49,15448220,1275550,95710,27180,946580,286640,13812250,122620
[E2ST-CSV] 3,50,14524740,1398610,91090,26450,735610,375470,13028490,110450
[E2ST-CSV] 3,51,13181500,1467920,92110,27400,484390,199800,11610380,82080
[E2ST-CSV] 3,52,14745230,1466730,98190,27230,861090,498310,13167560,115030
[E2ST-CSV] 3,53,14474040,1227300,91190,25970,718380,354880,13143190,297760
[E2ST-CSV] 3,54,14522830,1239550,92910,26180,898640,417880,13180070,109830
[E2ST-CSV] 3,55,14235210,1230230,91680,25980,794050,417810,12901570,104870
[E2ST-CSV] 3,56,14268870,1375500,89860,26040,599240,245160,12795880,102530
[E2ST-CSV] 3,57,16051570,1324220,97020,26560,850700,456990,14611600,116480
[E2ST-CSV] 3,58,14435920,1263870,90700,27340,881910,536540,13061930,107010
[E2ST-CSV] 3,59,13077880,1496520,95430,28650,496920,205690,11477710,90410
[E2ST-CSV] 3,60,14783050,1459380,280260,28710,787970,252200,13210880,107520
[E2ST-CSV] 3,61,14189100,1242410,93090,26910,794930,439670,12848320,107550
[E2ST-CSV] 3,62,14885350,1335940,95760,27360,609310,256100,13271780,106130
[E2ST-CSV] 3,63,6142440,871480,58600,174100,158400,68050,5175730,31460
[E2ST-CSV] 3,64,16119600,1480870,94260,27850,951470,340040,14532790,140650
[E2ST-CSV] 3,65,14549440,1278740,92190,27310,891390,442760,13167680,108340
[E2ST-CSV] 3,66,13778790,1184740,88750,25910,796930,250820,12492380,96440
[E2ST-CSV] 3,67,13257860,983500,84870,24680,693980,241940,12158860,94630
[E2ST-CSV] 3,68,14427290,1440060,256090,26570,910510,370560,12868970,104130
[E2ST-CSV] 3,69,14831990,1243850,90950,27680,805320,442630,13481400,111060
[E2ST-CSV] 3,70,14529760,1254810,93690,27570,905050,449750,13169980,111100
[E2ST-CSV] 3,71,8513520,688210,56350,16790,153110,65320,7497570,30770
[E2ST-CSV] 3,72,14912220,1456570,93700,26350,813690,274720,13343260,115160
[E2ST-CSV] 3,73,12765640,960080,81970,22630,666480,228960,11695840,91310
[E2ST-CSV] 3,74,14584120,1350090,88210,24790,784010,278080,13129800,117380
[E2ST-CSV] 3,75,16979050,1100000,94560,26510,1104790,646800,15774110,136960
[E2ST-CSV] 3,76,7383780,881040,60730,17230,203950,69350,6403480,31890
[E2ST-CSV] 3,77,15002370,1332210,94020,27090,611440,255460,13379870,108900
[E2ST-CSV] 3,78,15175250,1110270,95000,28030,788090,253650,13812660,248520
[E2ST-CSV] 3,79,14902240,1428920,99650,26060,791890,263350,13372560,103790
[E2ST-CSV] 3,80,14980460,1620650,411200,29100,808350,261250,13256800,113540
[E2ST-CSV] 3,81,14950280,1428790,96030,26950,818780,455890,13417140,109390
[E2ST-CSV] 3,82,15334930,1096740,90690,26130,931020,392050,13940690,133650
[E2ST-CSV] 3,83,14538510,1428130,93790,36750,816100,263930,13006710,104640
[E2ST-CSV] 3,84,8268800,890230,63840,16700,161130,69750,7273450,31650
[E2ST-CSV] 3,85,5990130,847370,56330,15850,199800,69080,5038250,32820
[E2ST-CSV] 3,86,14616290,1237420,105590,27720,782550,259460,13266660,117140
[E2ST-CSV] 3,87,14421270,1450610,94040,27510,929810,274800,12858700,111780
[E2ST-CSV] 3,88,14366970,1229350,91500,26830,600190,251370,13019240,398290
[E2ST-CSV] 3,89,14565670,1378610,88660,25820,841740,297540,13082400,110180
[E2ST-CSV] 3,90,14715330,1413960,94280,25890,788990,274390,13197340,114210
[E2ST-CSV] 3,91,14100220,1219830,88120,25920,901370,275990,12770790,107220
[E2ST-CSV] 3,92,15140400,1264440,96000,25930,636780,262420,13767490,112820
[E2ST-CSV] 3,93,14041700,1259540,244580,26390,793250,266250,12534980,108990
[E2ST-CSV] 3,94,13328800,1750050,121640,35870,647130,381410,10970800,82230
[E2ST-CSV] 3,95,14367190,1245680,94600,26730,599430,250350,13006160,219120
[E2ST-CSV] 3,96,14498480,1254390,93970,25910,912390,377610,13136930,136690
[E2ST-CSV] 3,97,14965020,1843240,230700,35840,500150,209160,12959930,89450
[E2ST-CSV] 3,98,5390350,697230,56160,15630,336850,142830,4603960,66280
[E2ST-CSV] 3,99,17755810,1191810,87510,26630,1049640,330120,16464760,126390
[E2ST-CSV] 3,100,14455080,1023620,88580,26470,769560,417690,13186600,116310
[E2ST-CSV] 3,101,14452240,1397040,91300,26710,593790,246810,12955970,217620
[E2ST-CSV] 3,102,14864060,1503350,96960,26590,593590,248790,13251480,109580
[E2ST-CSV] 3,103,14479000,1256280,93680,26610,715240,358680,13122410,293290
[E2ST-CSV] 3,104,15163590,1237750,90140,25440,839210,285720,13819020,111540
[E2ST-CSV] 3,105,15763280,1431380,97420,25990,920400,328910,14220500,141290
[E2ST-CSV] 3,106,14188330,1364250,102090,26510,603940,248420,12731910,102240
[E2ST-CSV] 3,107,18287890,1180490,95930,27610,799220,334000,16845690,491160
[E2ST-CSV] 3,108,14695590,1448400,97730,26840,608690,255090,12993570,117710
[E2ST-CSV] 3,109,17030320,1970570,119880,35630,706530,300070,14920290,128320
[E2ST-CSV] 3,110,14587220,1387520,97560,26870,716760,363500,13106640,102390
[E2ST-CSV] 3,111,6487780,654110,53760,16220,159020,67870,5601800,30230
[E2ST-CSV] 3,112,5993420,872860,222250,18930,202780,73460,5020640,33270
[E2ST-CSV] 3,113,14537990,1246550,95360,26540,909460,441350,13186410,128700
[E2ST-CSV] 3,114,17483840,1443340,96560,27020,947810,327630,15928790,149500
[E2ST-CSV] 3,115,6947410,664090,53710,16200,146860,63870,6027460,29150
[E2ST-CSV] 3,116,7006510,605720,50400,15940,145680,60190,6176920,25530
[E2ST-CSV] 3,117,12154690,1005060,80420,23020,639320,223780,11034940,83590
[E2ST-CSV] 3,118,14491900,1425220,92350,26120,972430,450860,12940480,116560
[E2ST-CSV] 3,119,8362350,1021170,59690,19230,151480,66140,7235260,29960
[E2ST-CSV] 3,120,9243120,993680,71280,19310,145900,62660,8157440,26690
[E2ST-CSV] 3,121,14460510,1422920,268760,27870,593660,245530,12935260,103710
[E2ST-CSV] 3,122,15032860,1487050,105980,27250,847950,282430,13438730,116250
[E2ST-CSV] 3,123,14240000,1238280,103820,27290,709330,343820,12731390,100050
[E2ST-CSV] 3,124,13148380,1071410,81070,23600,569810,222690,11978650,87470
[E2ST-CSV] 3,125,13996450,1422580,94090,25170,866120,486100,12461330,126980
[E2ST-CSV] 3,126,14046990,1186570,87020,23990,749170,401540,12757630,109320
[E2ST-CSV] 3,127,14473350,1286830,93300,26000,609050,252290,12906070,103270
[E2ST-CSV] 3,128,17712540,1335860,107230,26280,1701550,362260,16104180,101860
[E2ST-CSV] 3,129,17663400,2068360,216980,31210,756450,270740,15452230,107440
[E2ST-CSV] 3,130,14188370,1398540,92440,26050,606610,252400,12695900,106440
[E2ST-CSV] 3,131,17789890,1930210,490710,32070,753340,321530,15457130,135880
[E2ST-CSV] 3,132,19186610,1816050,123310,37210,790150,337290,16750050,456900
[E2ST-CSV] 3,133,8296800,1026820,59860,16950,150800,65280,7177850,30510
[E2ST-CSV] 3,134,15492950,1747330,107210,32590,699080,213900,13330730,79500
[E2ST-CSV] 3,135,15638470,2065340,100010,148520,638750,218410,13426780,81680
[E2ST-CSV] 3,136,12216540,1301970,95220,27830,684490,375570,10773370,87390
[E2ST-CSV] 3,137,18190910,3725990,113650,28650,668200,284850,14009610,250220
[E2ST-CSV] 3,138,14835490,1085750,89780,25360,609410,260660,13483910,282880
[E2ST-CSV] 3,139,6938620,709690,54670,56840,150120,65640,6136790,29650
[E2ST-CSV] 3,140,14040960,1384490,90220,25790,597480,247340,12560060,105450
[E2ST-CSV] 3,141,14011450,1399410,87580,184860,765170,253570,12507810,99530
[E2ST-CSV] 3,142,14717500,1299060,93030,26620,617540,252540,13132890,106360
[E2ST-CSV] 3,143,14165830,1057270,87930,26050,739130,384850,13002990,101060
[E2ST-CSV] 3,144,14458590,1246780,91990,26270,988860,428100,13105360,130280
[E2ST-CSV] 3,145,14272870,1255070,93950,26870,947640,439280,12766780,106800
[E2ST-CSV] 3,146,12567420,1407830,100630,27050,653570,205490,11060020,86900
[E2ST-CSV] 3,147,16728380,1423230,106330,27610,905780,495420,15190830,122270
[E2ST-CSV] 3,148,8298300,700300,59520,16030,151680,65380,7501100,30410
[E2ST-CSV] 3,149,14215860,1189470,88500,26500,583660,238130,12928810,107190
[E2ST-CSV] 3,150,14779120,1029150,87860,25530,791410,423740,13653520,105960
[E2ST-CSV] 3,151,14030590,1199330,89790,26060,748130,411030,12727830,114960
[E2ST-CSV] 3,152,13871760,1287110,94980,39600,788500,255850,12470020,113350
[E2ST-CSV] 3,153,6328290,938030,84160,16700,155410,68430,5297400,31390
[E2ST-CSV] 3,154,15703490,1221210,91840,26700,1090160,497860,14381260,146460
[E2ST-CSV] 3,155,15272440,1299920,95070,27320,787840,424480,13866090,109260
[E2ST-CSV] 3,156,14274650,1208520,96580,26680,595030,244160,12796680,115940
[E2ST-CSV] 3,157,14671420,1321660,267170,28090,780130,257000,13237510,211520
[E2ST-CSV] 3,158,14406320,1391120,92010,25780,772790,422430,12900870,103970
[E2ST-CSV] 3,159,4869360,538080,129450,10530,245140,111300,4278680,49450
[E2ST-CSV] 3,160,17722910,1745230,105660,27410,794980,331250,15856160,140200
[E2ST-CSV] 3,161,14194930,1380820,89460,25930,589220,241520,12719750,106190
[E2ST-CSV] 3,162,13515380,1405990,266070,26610,585540,251630,11999190,106530
[E2ST-CSV] 3,163,14529920,1447730,94570,27440,952270,275950,12975040,107850
[E2ST-CSV] 3,164,15914900,1682730,103190,27800,494380,198790,14115690,93640
[E2ST-CSV] 3,165,15397720,1166860,84440,24250,902220,476800,13969160,132800
[E2ST-CSV] 3,166,6534460,831650,55140,15700,147620,63980,5612780,28090
[E2ST-CSV] 3,167,14034410,1241840,92590,24600,858690,473630,12681120,121080
[E2ST-CSV] 3,168,6250000,865520,61640,16650,171160,74100,5291920,34000
[E2ST-CSV] 3,169,10950520,1416830,260920,35140,654830,206230,9432040,88420
[E2ST-CSV] 3,170,14180250,1383370,91540,25870,600040,245260,12704110,105170
[E2ST-CSV] 3,171,7248470,887820,58890,17350,157490,69520,6266800,30830
[E2ST-CSV] 3,172,13739390,1371880,94290,24400,754460,261470,12257570,106030
[E2ST-CSV] 3,173,6453280,848830,219210,17620,164300,70600,5507690,31240
[E2ST-CSV] 3,174,7742130,709050,56670,16630,149580,64950,6781210,29180
[E2ST-CSV] 3,175,14434410,1455200,92070,25800,631120,264290,12872540,105600
[E2ST-CSV] 3,176,14121180,1366510,90590,26230,601090,248350,12657810,102940
[E2ST-CSV] 3,177,11062050,1285010,96020,17550,649960,201380,9663820,92350
[E2ST-CSV] 3,178,7748190,679410,58350,17120,151190,64410,6815150,30210
[E2ST-CSV] 3,179,6482490,842650,219030,17140,150650,65670,5545370,30810
[E2ST-CSV] 3,180,6202410,618300,52610,14710,149840,65920,5497720,28670
[E2ST-CSV] 3,181,19593570,2221860,132740,37870,1094070,660900,16957860,131190
[E2ST-CSV] 3,182,9656960,358190,28000,7540,673430,218310,9135730,86780
[E2ST-CSV] 3,183,14332060,1241260,254160,27340,900810,265490,12835280,107680
[E2ST-CSV] 3,184,14714840,1275630,93550,27720,802910,278590,13339360,294460
[E2ST-CSV] 3,185,14589700,1400360,90040,34520,724060,353240,13091090,110210
[E2ST-CSV] 3,186,6175090,826910,55770,15580,154880,66210,5250090,29930
[E2ST-CSV] 3,187,7574180,744220,59150,16770,166340,72620,6723500,38570
[E2ST-CSV] 3,188,15179540,1468230,107610,26270,645030,269220,13593950,110220
[E2ST-CSV] 3,189,14517320,1263100,91510,27040,791660,435660,13148120,109390
[E2ST-CSV] 3,190,14705820,1243260,100800,26680,805240,440140,13358890,112400
[E2ST-CSV] 3,191,6247570,645500,52880,15130,156920,70160,5505840,26960
[E2ST-CSV] 3,192,17735190,1432860,99300,30300,780840,325850,16191930,133180
[E2ST-CSV] 3,193,13959190,1240020,90430,25820,785220,426870,12616460,108380
[E2ST-CSV] 3,194,18086340,1466980,94260,26940,818030,325420,16515080,135180
[E2ST-CSV] 3,195,14564030,1188070,88470,23730,788420,266580,13281330,117120
[E2ST-CSV] 3,196,14202990,1327310,88690,25910,613060,258530,12777910,101010
[E2ST-CSV] 3,197,16395820,1615340,353350,29560,911160,514700,14666170,121350
[E2ST-CSV] 3,198,15289550,1240220,103910,25320,698000,252920,13786000,115810
[E2ST-CSV] 3,199,12292920,1275630,91790,26350,643990,359730,10911010,84210
[E2ST-CSV] 3,200,14213430,1362250,89640,35100,630610,260560,12754860,114420
[E2ST-CSV] 3,201,14635370,1264840,93790,27500,786600,431700,13267600,107260
[E2ST-CSV] 3,202,16222930,1503530,101340,29760,834260,279430,14609590,125870
[E2ST-CSV] 3,203,19405780,2448760,128570,38010,940920,289190,16842700,123820
[E2ST-CSV] 3,204,14602560,1259000,92420,27420,778160,418020,13238520,109970
[E2ST-CSV] 3,205,15372640,1453080,95100,32080,999860,305420,13815280,218320
[E2ST-CSV] 3,206,7506960,704830,57950,15360,160050,69430,6704440,31590
[E2ST-CSV] 3,207,14624810,1266290,94360,26100,633860,276330,13248680,109240
[E2ST-CSV] 3,208,17005590,2135560,110130,28510,855870,324060,14684930,121640
[E2ST-CSV] 3,209,10035730,1088490,62720,16020,461830,187120,8851210,248880
[E2ST-CSV] 3,210,7344670,826780,54240,15850,142530,60460,6434050,26240
[E2ST-CSV] 3,211,15373780,1353500,93630,27280,1173230,722030,13961880,168330
[E2ST-CSV] 3,212,13801800,1225690,89280,25670,762560,255310,12462050,108600
[E2ST-CSV] 3,213,14588080,1236690,88330,27160,794600,432840,13253680,112590
[E2ST-CSV] 3,214,14529010,1233510,91410,35610,700720,249300,13187470,281950
[E2ST-CSV] 3,215,14694130,1395710,93030,26740,664770,211930,13199870,84830
[E2ST-CSV] 3,216,15421700,2248130,178490,32930,624650,271260,12767540,112900
[E2ST-CSV] 3,217,9550160,1216330,76830,18140,218810,75840,7610310,36880
[E2ST-CSV] 3,218,6339260,858360,62640,17080,153970,67310,5383680,31980
[E2ST-CSV] 3,219,13156120,1470800,106710,27510,511010,206720,11580140,93740
[E2ST-CSV] 3,220,15478830,1804090,604300,35760,681220,189050,13274920,78630
[E2ST-CSV] 3,221,14037410,1217580,90270,26160,606910,254250,12715570,277230
[E2ST-CSV] 3,222,14433520,1438040,94490,26320,924460,266110,12884510,111800
[E2ST-CSV] 3,223,16104850,1602610,108330,27020,722790,273480,14384480,114580
[E2ST-CSV] 3,224,14373940,1242300,98950,27280,892350,520040,13018730,113410
[E2ST-CSV] 3,225,16113990,1436970,92470,26740,711910,295570,14567160,298750
[E2ST-CSV] 3,226,13589470,1351100,90390,25000,764660,244900,12145310,107590
[E2ST-CSV] 3,227,17839100,2012100,141510,38890,667810,288810,15667470,124210
[E2ST-CSV] 3,228,14388180,1237680,253520,27740,795360,261620,12899200,110680
[E2ST-CSV] 3,229,16420850,1611190,100560,29970,684490,354640,14246080,87380
[E2ST-CSV] 3,230,16517770,1716550,123110,37690,1001340,310840,14696990,132780
[E2ST-CSV] 3,231,15099260,1349580,90040,26120,607170,255130,13653120,99780
[E2ST-CSV] 3,232,14321620,1403920,94410,26100,596920,257890,12804270,103820
[E2ST-CSV] 3,233,6213320,862750,59620,17020,150080,65260,5251890,30460
[E2ST-CSV] 3,234,17599080,1303590,96130,27780,979200,502820,16182080,315300
[E2ST-CSV] 3,235,15089690,1448450,267210,29480,642560,266970,13539210,113310
[E2ST-CSV] 3,236,14157210,1258060,94450,27390,774850,425660,12760540,107520
[E2ST-CSV] 3,237,19928610,2214690,124830,36400,1196130,500050,17550790,147850
[E2ST-CSV] 3,238,6162050,838470,57560,16680,166540,65620,5230380,30030
[E2ST-CSV] 3,239,13771900,1234930,92790,25760,745760,408520,12419820,102700
[E2ST-CSV] 3,240,15589600,1563010,122970,33830,441550,182150,13433620,77200
[E2ST-CSV] 3,241,15078920,1309440,91550,27130,828200,441570,13658810,115360
[E2ST-CSV] 3,242,14575520,1456820,96460,26950,794800,260730,13006120,116870
[E2ST-CSV] 3,243,6022620,1652050,287540,9870,247060,112290,4224600,48440
[E2ST-CSV] 3,244,15165040,1343170,93550,26500,809130,443590,13704610,110360
[E2ST-CSV] 3,245,13671340,1349000,87980,24620,707710,229010,12213580,106530
[E2ST-CSV] 3,246,15531220,1730670,104000,32830,461040,184980,13194310,80490
[E2ST-CSV] 3,247,6090050,965360,66680,27080,177990,79810,5016250,37370
[E2ST-CSV] 3,248,13554400,2144410,139760,27110,894120,584440,10998540,97240
[E2ST-CSV] 3,249,14164480,1261820,94930,25860,795320,437910,12798690,106620
[E2ST-CSV] 3,250,17683270,1534430,102310,27120,964740,507790,16040160,142030
[E2ST-CSV] 3,251,15930930,1514040,106200,29790,776090,394780,14249640,97870
[E2ST-CSV] 3,252,14961040,1278870,93460,26660,791100,427690,13562750,112550
[E2ST-CSV] 3,253,6625630,1031230,78570,24470,203920,70190,5498660,30240
[E2ST-CSV] 3,254,16557070,1321130,105760,28340,1016000,316480,15115240,133510
[E2ST-CSV] 3,255,6341730,849390,59340,16850,150760,66420,5399380,33400
[E2ST-CSV] 3,256,15639110,1321610,98350,26500,766670,377050,14206140,321040
[E2ST-CSV] 3,257,18807790,1972710,128120,37150,937460,283690,16646870,129060
[E2ST-CSV] 3,258,14538210,1239050,99340,25490,799990,429100,13201120,116830
[E2ST-CSV] 3,259,14837430,1177260,87290,25040,781780,441970,13560370,103420
[E2ST-CSV] 3,260,14432040,1400420,94940,26430,741510,264200,12931240,108240
[E2ST-CSV] 3,261,14691230,1230520,104540,26780,644310,263750,13353260,271880
[E2ST-CSV] 3,262,14931850,1439560,93810,26880,743850,286330,13381570,127690
[E2ST-CSV] 3,263,7054020,914550,61480,17760,173850,78450,6041580,33670
[E2ST-CSV] 3,264,16629080,1928170,109310,28370,1027720,300440,14542850,139510
[E2ST-CSV] 3,265,10539010,1756480,66600,18410,479590,191660,8649570,51670
[E2ST-CSV] 3,266,13201860,1474490,100830,27920,495810,207290,11613710,87540
[E2ST-CSV] 3,267,9900180,1046830,81010,22180,372990,156550,8748760,69640
[E2ST-CSV] 3,268,23088720,2156790,124660,38660,1107670,333680,20777690,137990
[E2ST-CSV] 3,269,14103930,1373810,89240,26620,646920,262590,12631880,113800
[E2ST-CSV] 3,270,13921280,1247340,87680,34440,762220,250940,12566650,109560
[E2ST-CSV] 3,271,8148120,861860,58950,16110,156720,70330,7190200,31560
[E2ST-CSV] 3,272,15071800,1304490,95670,27430,801090,433930,13650290,114290
[E2ST-CSV] 3,273,14315780,1228090,88310,24930,709410,255840,12829690,113250
[E2ST-CSV] 3,274,15952360,1430350,93930,27070,948940,333120,14418130,138600
[E2ST-CSV] 3,275,12940480,840740,58210,18100,224450,97900,12014840,49310
[E2ST-CSV] 3,276,14554490,1433790,98890,25910,770960,252800,13012350,107280
[E2ST-CSV] 3,277,11966730,1164800,76630,29240,474200,157820,10687460,71550
[E2ST-CSV] 3,278,7671760,947350,60010,17000,312320,130850,6636620,57170
[E2ST-CSV] 3,279,13023220,1364940,86360,26110,159330,70890,11073350,31050
[E2ST-CSV] 3,280,12381270,1043910,91740,26810,448380,198070,11238810,81660
[E2ST-CSV] 3,281,14038520,1418330,88670,26140,615940,253280,12519120,101960
[E2ST-CSV] 3,282,14520670,1587500,127530,32990,562390,310270,12769380,78390
[E2ST-CSV] 3,283,9520580,1628850,83210,23600,156020,68190,7725660,31140
[E2ST-CSV] 3,284,8362720,1024560,57200,16090,159560,70940,7239020,32550
[E2ST-CSV] 3,285,14169860,1264380,93970,27000,778730,423110,12798840,111470
[E2ST-CSV] 3,286,7532060,869940,59310,17120,161060,71040,6566140,33580
[E2ST-CSV] 3,287,16439770,1299610,150590,46620,879800,302610,15034500,137000
[E2ST-CSV] 3,288,16035460,1537660,107940,26460,711420,302860,14381660,122230
[E2ST-CSV] 3,289,8148090,821170,57350,17200,147920,64070,7232170,31860
[E2ST-CSV] 3,290,6979290,830630,55840,15450,185420,64460,6056930,29040
[E2ST-CSV] 3,291,14551520,1257740,93530,26880,780360,422170,13184970,113020
[E2ST-CSV] 3,292,16032620,1508870,308650,28150,791560,257390,14408970,116080
[E2ST-CSV] 3,293,13557210,1491190,97360,28360,663370,213070,11950960,91360
[E2ST-CSV] 3,294,14533940,1446060,94810,36300,623170,255580,12976290,129010
[E2ST-CSV] 3,295,14612600,1413590,92620,26530,994950,264070,13097180,106710
[E2ST-CSV] 3,296,14570760,1244320,95850,27050,970080,421670,13226880,112780
[E2ST-CSV] 3,297,15116310,1480210,97220,27210,828660,441690,13506280,124430
[E2ST-CSV] 3,298,16528040,1461870,97330,27620,862070,315720,14958420,128430
[E2ST-CSV] 3,299,6017910,291790,21530,5650,332970,140580,5696720,62760
[E2ST-CSV] 3,300,14349120,1242210,89280,27410,886520,417390,13002740,113410
[E2ST-CSV] 3,301,7646210,939270,75890,24020,156960,68370,6612220,31970
[E2ST-CSV] 3,302,7504980,906820,70710,16840,166540,73400,6488700,35310
[E2ST-CSV] 3,303,7176790,872000,59930,16590,153630,67680,6216180,31790
[E2ST-CSV] 3,304,7312840,724080,58340,16320,163770,74100,6493450,31680
[E2ST-CSV] 3,305,16670370,1239700,91300,26440,1092090,493570,15312570,135990
[E2ST-CSV] 3,306,16213170,2370970,128790,37390,544280,222040,13416190,86700
[E2ST-CSV] 3,307,18115290,2826190,133660,38480,929650,312850,15124810,125320
[E2ST-CSV] 3,308,11803040,1421050,263650,28470,653700,200340,10273820,84850
[E2ST-CSV] 3,309,16573800,1643760,107640,31690,591030,320740,14775390,79620
[E2ST-CSV] 3,310,15798660,1635060,120570,31760,813960,417470,14060990,149360
[E2ST-CSV] 3,311,14459770,1232010,93320,27260,781220,419180,13125820,301490
[E2ST-CSV] 3,312,13995710,1444240,92360,25910,594470,237950,12437390,106470
[E2ST-CSV] 3,313,21961800,1817380,442390,31490,1693290,642080,20023780,437850
[E2ST-CSV] 3,314,6361340,689000,66030,16510,194760,106610,5430380,31190
[E2ST-CSV] 3,315,13978970,1045380,84520,25110,767320,311830,12806490,93130
[E2ST-CSV] 3,316,5989870,1415460,37070,9180,244940,110440,4168880,49160
[E2ST-CSV] 3,317,7048370,827100,55060,15220,208240,76680,6128660,35580
[E2ST-CSV] 3,318,10935580,1422550,99040,25430,492760,161360,9346420,70670
[E2ST-CSV] 3,319,7226260,836990,55270,16250,146460,62320,6289010,29320
[E2ST-CSV] 3,320,14296830,1189520,86780,26350,773960,419800,13004570,105410
[E2ST-CSV] 3,321,7583820,857000,59040,17030,196650,108780,6636870,30580
[E2ST-CSV] 3,322,10268450,861260,58980,17470,413840,160590,9309300,34480
[E2ST-CSV] 3,323,16725950,1234550,100620,26880,1345230,615490,15391200,170630
[E2ST-CSV] 3,324,14392470,1190140,86960,25580,769980,422620,13096990,301150
[E2ST-CSV] 3,325,14097990,1379690,91750,26670,620410,264100,12613020,112660
[E2ST-CSV] 3,326,13999560,1331870,89330,25910,589600,242800,12576110,115520
[E2ST-CSV] 3,327,14888510,1358160,269490,29040,944910,290950,13414270,129240
[E2ST-CSV] 3,328,12179550,1883660,109530,27210,900390,220530,10142180,88760
[E2ST-CSV] 3,329,14632240,1232130,90480,25860,1012090,255910,13300320,120790
[E2ST-CSV] 3,330,14734700,1366060,90550,25890,1065080,391710,13274400,112560
[E2ST-CSV] 3,331,14668080,1246490,102680,27280,612280,239720,13317200,373100
[E2ST-CSV] 3,332,15000200,1455060,94190,27370,636110,269270,13433140,114870
[E2ST-CSV] 3,333,12152910,955390,77650,22160,462750,192260,10928540,316480
[E2ST-CSV] 3,334,13528720,1178560,82620,24250,825050,231670,12238250,100840
[E2ST-CSV] 3,335,9120580,966040,58620,16280,148100,65000,8021270,37820
[E2ST-CSV] 3,336,14625680,1397210,91930,26850,820040,467350,13136090,111880
[E2ST-CSV] 3,337,13851410,1411110,91930,26430,578610,238800,12324490,101070
[E2ST-CSV] 3,338,14135880,1256320,95390,27620,788610,423330,12768360,110510
[E2ST-CSV] 3,339,3478380,636800,21100,5790,163130,73900,2739660,31640
[E2ST-CSV] 3,340,14271530,1188450,88620,26760,616220,249940,12977220,273860
[E2ST-CSV] 3,341,14639660,1236860,91610,26280,1044980,270510,13284860,116040
[E2ST-CSV] 3,342,8290910,800080,66970,18450,324160,136280,7391580,60890
[E2ST-CSV] 3,343,14624370,1329170,88030,24040,749580,236250,13191990,92610
[E2ST-CSV] 3,344,11063320,1196720,75440,21250,439390,175250,9765510,72820
[E2ST-CSV] 3,345,16969250,1359090,90320,25590,720090,311080,15498140,133910
[E2ST-CSV] 3,346,13272810,1399350,254340,26280,534430,224470,11765920,94070
[E2ST-CSV] 3,347,6061140,885940,59560,16370,188870,85680,5071010,39750
[E2ST-CSV] 3,348,14392370,910140,70380,21210,420410,175430,13235060,185520
[E2ST-CSV] 3,349,14725250,1233100,95280,26060,791480,258520,13385080,106530
[E2ST-CSV] 3,350,14305430,1360650,88600,26270,619110,255870,12849510,102940
[E2ST-CSV] 3,351,14295570,1191490,89240,26150,616740,266870,12843080,104760
[E2ST-CSV] 3,352,6793550,855190,54460,14560,296820,135790,5857690,53460
[E2ST-CSV] 3,353,12068600,1289950,81250,174330,380310,163110,10670540,69320
[E2ST-CSV] 3,354,17231970,1447030,97080,26910,801190,338870,15669850,134340
[E2ST-CSV] 3,355,11367100,1234420,91210,27230,477280,193980,9890960,79830
[E2ST-CSV] 3,356,14288920,1384760,89270,25870,624880,259760,12808580,115200
[E2ST-CSV] 3,357,14589520,1347870,91250,26040,724750,270510,13132670,115200
[E2ST-CSV] 3,358,16524180,1645830,97640,27300,834080,427970,14763860,123540
[E2ST-CSV] 3,359,14216750,1214770,92150,27520,604410,256090,12901630,276530
[E2ST-CSV] 3,360,14649250,1197830,92720,25590,816900,458080,13351140,110540
[E2ST-CSV] 3,361,14251380,1348170,87640,26090,613460,251750,12806890,104740
[E2ST-CSV] 3,362,13825120,1190580,76280,22460,681070,282020,12556010,138640
[E2ST-CSV] 3,363,14588920,1428120,95630,26460,800620,266640,13063330,117270
[E2ST-CSV] 3,364,14525570,1247720,92760,26420,1006680,626950,13161250,116070
[E2ST-CSV] 3,365,16515370,1329880,88880,26790,920920,477500,15090100,139560
[E2ST-CSV] 3,366,14066670,1369990,89880,26490,595170,247850,12598600,103280
[E2ST-CSV] 3,367,9342910,1001770,67910,19600,539780,218640,8232190,70540
[E2ST-CSV] 3,368,14111160,1251540,104450,24920,799040,254590,12754570,104610
[E2ST-CSV] 3,369,14316480,1414030,88780,26590,623910,262180,12801380,108040
[E2ST-CSV] 3,370,13933200,1201270,85680,24920,768860,418830,12631960,103170
[E2ST-CSV] 3,371,6293130,786410,52960,16790,139740,59600,5418050,25100
[E2ST-CSV] 3,372,13982260,1450100,257860,27570,625260,264440,12422280,108900
[E2ST-CSV] 3,373,6127080,880960,63230,16920,154370,67630,5143790,35240
[E2ST-CSV] 3,374,14878480,1227200,89930,25900,813660,434320,13542630,113090
[E2ST-CSV] 3,375,13159320,1967530,84650,25900,541880,237460,11022090,91960
[E2ST-CSV] 3,376,7490010,880250,57610,15350,307100,126360,6523030,56600
[E2ST-CSV] 3,377,6686730,730870,51000,14270,354750,197050,5869310,53670
[E2ST-CSV] 3,378,9022480,741780,69450,16930,184090,82430,8172450,39060
[E2ST-CSV] 3,379,15136520,1441070,91510,26960,622050,260150,13577480,117400
[E2ST-CSV] 3,380,6759930,835800,58360,16860,150280,64590,5834510,28940
[E2ST-CSV] 3,381,15858850,1241360,91820,194130,941630,551680,14328300,118790
[E2ST-CSV] 3,382,16557300,1452590,93490,27690,542540,232660,14984090,115770
[E2ST-CSV] 3,383,15294230,1262930,100450,25330,689520,260540,13925620,125310
[E2ST-CSV] 3,384,6727380,858780,58380,16530,155350,66750,5762380,32100
[E2ST-CSV] 3,385,14239670,1386690,88950,25940,599040,247220,12756940,113720
[E2ST-CSV] 3,386,14197030,1199090,89700,26070,595630,251300,12896930,286860
[E2ST-CSV] 3,387,11015830,656750,57240,17000,719750,406490,10298810,262830
[E2ST-CSV] 3,388,15391510,1608510,394270,28210,657150,266330,13659420,126480
[E2ST-CSV] 3,389,11537950,1068380,81270,23380,440480,179650,10361370,89610
[E2ST-CSV] 3,390,14554330,1259430,93410,26760,989480,610240,13184530,112930
[E2ST-CSV] 3,391,15790050,1448320,96980,27130,890720,465490,14229460,132570
[E2ST-CSV] 3,392,6280660,516830,43720,12350,347150,150920,5708790,64320
[E2ST-CSV] 3,393,14368610,1425620,90070,25510,882700,266440,12845760,109460
[E2ST-CSV] 3,394,17194290,1464560,97910,26670,983420,344300,15626960,141940
[E2ST-CSV] 3,395,12094640,1443020,96000,26590,669400,207860,10555800,84750
[E2ST-CSV] 3,396,14217390,1388640,88730,25600,603310,249540,12739300,101070
[E2ST-CSV] 3,397,3702920,296600,23540,6220,223590,99910,3374590,45180
[E2ST-CSV] 3,398,6065580,929560,65310,17120,153170,67660,5036170,31950
[E2ST-CSV] 3,399,16012800,1509190,99920,26790,910050,595860,14394440,98220
[E2ST-CSV] 3,400,14868750,1277800,90440,27200,629410,258960,13465910,297310
[E2ST-CSV] 3,401,15025100,1237620,93100,26250,737090,366340,13678430,122200
[E2ST-CSV] 3,402,3351590,383370,88650,6700,185950,84660,2931790,37240
[E2ST-CSV] 3,403,13860700,1212410,88110,26670,764590,416510,12540600,104800
[E2ST-CSV] 3,404,14368560,1209340,89730,23790,667220,226190,13054700,94130
[E2ST-CSV] 3,405,14068360,1225660,93700,26680,593660,243750,12573810,113330
[E2ST-CSV] 3,406,14326540,1372810,88540,26270,618860,258980,12854810,115020
[E2ST-CSV] 3,407,3406790,296580,24010,6300,237810,82800,3076680,39830
[E2ST-CSV] 3,408,9919150,1774580,95630,47980,219100,98550,7988410,43410
[E2ST-CSV] 3,409,6326090,892550,58870,17750,159700,70790,5344040,29720
[E2ST-CSV] 3,410,5989680,805100,55140,16080,141840,60320,5091060,26850
[E2ST-CSV] 3,411,10910110,1264520,90530,27130,645330,354650,9545410,79590
[E2ST-CSV] 3,412,3173240,298990,23990,5930,214000,74140,2837750,34420
[E2ST-CSV] 3,413,15352720,1657620,98310,27730,582680,210810,13258980,84730
[E2ST-CSV] 3,414,5493050,1248010,30100,9140,236430,104390,4097850,46450
[E2ST-CSV] 3,415,16062020,1447390,95400,27470,829040,281740,14508050,136180
[E2ST-CSV] 3,416,14601670,1226300,90300,26160,1015850,428800,13266510,108280
[E2ST-CSV] 3,417,13537210,1188850,81270,23120,753680,378680,12268670,129240
[E2ST-CSV] 3,418,15007760,1464640,104670,25550,808680,278190,13438970,127730
[E2ST-CSV] 3,419,15476220,1234350,89270,27180,912950,273530,14136860,114500
[E2ST-CSV] 3,420,14273860,1362740,92630,26480,603830,248230,12821150,103000
[E2ST-CSV] 3,421,14667640,1203520,88770,26310,1067620,520490,13366300,114760
[E2ST-CSV] 3,422,4155150,395380,31210,8010,208850,91780,3715140,41570
[E2ST-CSV] 3,423,14488440,1262240,90080,27050,641090,272660,12971010,111350
[E2ST-CSV] 3,424,14899910,1236910,92850,26460,815130,435550,13558570,105450
[E2ST-CSV] 3,425,14573210,1230070,89910,26990,819870,455220,13238150,280220
[E2ST-CSV] 3,426,14438390,1241130,91220,26220,988990,454040,13095200,108850
[E2ST-CSV] 3,427,3838140,357400,29430,8070,189390,82090,3368160,39210
[E2ST-CSV] 3,428,15340970,1458490,97690,27040,727900,358690,13771500,124200
[E2ST-CSV] 3,429,16217100,1712980,119710,27040,846940,286780,14402170,129930
[E2ST-CSV] 3,430,7318750,629660,52220,16040,178990,97040,6450000,27200
[E2ST-CSV] 3,431,14736120,1221270,91870,26400,1013740,443010,13413380,115110
[E2ST-CSV] 3,432,4017030,385210,31910,8110,204180,88260,3582000,45990
[E2ST-CSV] 3,433,10970530,1454850,97500,27890,496860,206310,9408690,86700
[E2ST-CSV] 3,434,7579840,668140,54900,15540,156090,69150,6817660,31610
[E2ST-CSV] 3,435,10860040,807350,54680,16410,586590,181100,9959660,74480
[E2ST-CSV] 3,436,13794610,1218020,87340,24640,778580,432110,12471520,106540
[E2ST-CSV] 3,437,6331450,561140,46430,13670,327730,144790,5706850,63520
[E2ST-CSV] 3,438,6274400,875320,57790,173900,156030,68690,5304090,32130
[E2ST-CSV] 3,439,17224830,1469260,99830,26830,772120,324180,15648750,152810
[E2ST-CSV] 3,440,6290320,856580,59500,16570,157280,71680,5339230,72360
[E2ST-CSV] 3,441,6087620,843880,56550,16830,153540,67380,5154970,29370
[E2ST-CSV] 3,442,7543640,720950,63400,15950,340030,143210,6738860,220540
[E2ST-CSV] 3,443,12439710,1499670,100010,27780,518770,218790,10837910,86700
[E2ST-CSV] 3,444,15807290,1329940,98170,27940,693820,291640,14201640,122820
[E2ST-CSV] 3,445,14678280,1255300,91390,26880,821340,459980,13316190,114160
[E2ST-CSV] 3,446,15734910,1660130,98690,29910,507370,220220,13923520,104420
[E2ST-CSV] 3,447,3685050,488470,27990,7630,195580,84770,3156760,40130
[E2ST-CSV] 3,448,14123260,1251950,94870,26710,788530,432070,12763370,112010
[E2ST-CSV] 3,449,14861440,1253640,95090,26920,827020,462230,13498330,114800
[E2ST-CSV] 3,450,13650150,1206080,89800,25630,753350,402880,12342440,104480
[E2ST-CSV] 3,451,14941010,1470310,107600,197740,824010,277120,13363390,112920
[E2ST-CSV] 3,452,4950870,536810,38920,11030,228850,102710,4260250,45590
[E2ST-CSV] 3,453,15197690,1300140,92480,28110,837210,451100,13778020,120980
[E2ST-CSV] 3,454,14886610,1455880,98040,27150,739270,208390,13329260,86190
[E2ST-CSV] 3,455,14187920,1243900,87950,26290,765210,412170,12840090,106010
[E2ST-CSV] 3,456,13780440,1204650,87120,24520,784870,436340,12463900,108980
[E2ST-CSV] 3,457,5255850,509550,36150,10240,278610,121180,4692420,55610
[E2ST-CSV] 3,458,14191390,1246920,93170,27310,805860,447000,12838060,122320
[E2ST-CSV] 3,459,14441610,1225900,87800,26100,975440,444080,13106610,116470
[E2ST-CSV] 3,460,14678420,1176950,86710,25410,913200,239220,13402110,100170
[E2ST-CSV] 3,461,10682360,1386260,93820,210100,667040,212920,9194310,83680
[E2ST-CSV] 3,462,4929690,486970,42890,10170,227340,98550,4387010,45890
[E2ST-CSV] 3,463,14456140,1421370,95180,26910,760230,410930,12927070,122760
[E2ST-CSV] 3,464,12755230,1131320,82150,23450,660060,374650,11523720,84940
[E2ST-CSV] 3,465,16717340,1483820,96280,27270,694540,291240,15129610,125880
[E2ST-CSV] 3,466,14604500,1247780,91520,26270,706600,254200,13253810,281020
[E2ST-CSV] 3,467,7397740,697350,58280,15920,309070,133360,6619520,235180
[E2ST-CSV] 3,468,14725400,1116800,94950,26890,607080,251260,13488520,113320
[E2ST-CSV] 3,469,14422540,1059600,91050,26180,989920,443340,13107600,113970
[E2ST-CSV] 3,470,14129560,1238750,91480,25710,784330,257970,12781430,108240
[E2ST-CSV] 3,471,19252040,2338900,136480,35670,963830,344640,16491610,308980
[E2ST-CSV] 3,472,3762140,357760,28440,7670,184070,81150,3273040,37550
[E2ST-CSV] 3,473,5166090,915270,31650,8760,218350,95810,4081970,43430
[E2ST-CSV] 3,474,16536620,1241690,93160,27030,974180,408390,15190210,122720
[E2ST-CSV] 3,475,15260800,1468420,93650,26820,646420,274150,13689130,114810
[E2ST-CSV] 3,476,14545280,1455670,95760,27150,1023640,269880,12983940,110430
[E2ST-CSV] 3,477,14512640,1025490,86000,24320,823050,450150,13187000,117460
[E2ST-CSV] 3,478,14505260,1247330,92570,27490,990640,440670,13154400,113640
[E2ST-CSV] 3,479,17282750,1241330,94330,25750,736630,408050,15934280,86140
[E2ST-CSV] 3,480,6398190,861990,62870,17140,163540,72450,5443090,31690
[E2ST-CSV] 3,481,14806010,1453000,295750,27350,809310,259210,13249290,113970
[E2ST-CSV] 3,482,5051400,453630,37100,10400,336380,115280,4545610,51810
[E2ST-CSV] 3,483,15143230,1083270,93170,26950,809650,445030,13786900,111900
[E2ST-CSV] 3,484,15020350,1214080,91390,26050,627770,254720,13700180,288000
[E2ST-CSV] 3,485,14485460,1250360,93110,26340,976470,438150,13126380,106020
[E2ST-CSV] 3,486,5961690,705540,57530,17030,164260,72590,5160430,31650
[E2ST-CSV] 3,487,4939510,696540,58250,17110,167250,74350,3988000,34080
[E2ST-CSV] 3,488,13671010,1202700,88450,25500,601760,253810,12364460,277730
[E2ST-CSV] 3,489,14448130,1212900,92940,26360,616630,257690,13131580,482270
[E2ST-CSV] 3,490,14290600,1388400,92600,25990,597310,249590,12799700,105530
[E2ST-CSV] 3,491,14596120,1433210,91910,26030,995150,270730,13053500,107230
[E2ST-CSV] 3,492,5309110,545390,39230,11190,223770,97850,4700580,47690
[E2ST-CSV] 3,493,6644240,674800,57100,16470,156140,69030,5874780,32490
[E2ST-CSV] 3,494,14636830,1227210,94640,25950,820530,464370,13307060,291450
[E2ST-CSV] 3,495,14671630,1244440,92490,26200,794390,435930,13318540,109620
[E2ST-CSV] 3,496,13890480,1182070,89710,25410,582420,240570,12605100,279420
[E2ST-CSV] 3,497,6331420,725830,55290,13450,327100,118720,5535130,51350
[E2ST-CSV] 3,498,13854700,1198710,85310,25490,774510,430930,12560790,109020
[E2ST-CSV] 3,499,15500220,1438490,93940,27500,768880,390770,13960090,120800
[E2ST-CSV] 3,500,14718210,1246500,92310,26430,827900,451120,13366670,109740
[E2ST-CSV] 3,501,17135240,1490350,97260,27320,769570,328440,15537170,135310
[E2ST-CSV] 3,502,4563750,454360,41120,9790,280260,158920,4055750,42350
[E2ST-CSV] 3,503,14933890,1232470,88470,25990,792060,425990,13588520,110760
[E2ST-CSV] 3,504,5263370,880160,32200,8990,245800,108390,4223550,49190
[E2ST-CSV] 3,505,14697750,1272530,92500,25820,832180,464870,13313090,112250
[E2ST-CSV] 3,506,14543370,1458440,275680,29470,1005150,276030,12983580,105580
[E2ST-CSV] 3,507,7467010,831300,56960,16020,313100,132670,6553660,55790
[E2ST-CSV] 3,508,15174820,1314700,94460,26480,803550,281280,13755770,122450
[E2ST-CSV] 3,509,16178320,1462980,96450,27980,855040,283000,14602470,115030
[E2ST-SUMMARY] chain_len=3 e2e_avg=12829181 publish_avg=1239807 gc_trigger_avg=98864 invoke_cb_avg=27400 getnext_avg=627248 take_data_avg=267574 sched_avg=11456252 dispatch_avg=109704
