audio: Device lm4549: audiodev default parameter is deprecated, please specify audiodev=none

RTEMS Shell on /dev/console. Use 'help' to list commands.
SHLL [/] # nexus0: <RTEMS Nexus device>
info: lo0: link state changed to UP
=== Exp2-ST: Task Chain (n=5) SingleThreadedExecutor ===
Period: 200ms, Rounds: 500
[E2ST-CSV] chain_len,round,e2e_ns,publish_ns,gc_trigger_ns,invoke_cb_ns,getnext_ns,take_data_ns,sched_ns,dispatch_ns
666666
CPP Msg not nullptr
CPP Msg not nullptr
CPP Msg not nullptr
CPP Msg not nullptr
C Msg not NULL
C Msg not NULL
CPP Srv not nullptr
CPP Srv not nullptr
CPP Srv not nullptr
CPP Srv not nullptr
CPP Srv not nullptr
CPP Srv not nullptr
CPP Msg not nullptr
CPP Msg not nullptr
CPP Msg not nullptr
CPP Msg not nullptr
CPP Msg not nullptr
CPP Msg not nullptr
C Msg not NULL
C Msg not NULL
CPP Srv not nullptr
CPP Srv not nullptr
CPP Srv not nullptr
CPP Srv not nullptr
CPP Srv not nullptr
CPP Srv not nullptr
CPP Msg not nullptr
CPP Msg not nullptr
CPP Msg not nullptr
CPP Msg not nullptr
CPP Msg not nullptr
CPP Msg not nullptr
CPP Msg not nullptr
CPP Msg not nullptr
C Msg not NULL
C Msg not NULL
CPP Srv not nullptr
CPP Srv not nullptr
CPP Srv not nullptr
CPP Srv not nullptr
CPP Srv not nullptr
CPP Srv not nullptr
CPP Msg not nullptr
CPP Msg not nullptr
CPP Msg not nullptr
CPP Msg not nullptr
CPP Msg not nullptr
CPP Msg not nullptr
CPP Msg not nullptr
CPP Msg not nullptr
C Msg not NULL
C Msg not NULL
CPP Srv not nullptr
CPP Srv not nullptr
CPP Srv not nullptr
CPP Srv not nullptr
CPP Srv not nullptr
CPP Srv not nullptr
CPP Msg not nullptr
CPP Msg not nullptr
CPP Msg not nullptr
CPP Msg not nullptr
CPP Msg not nullptr
CPP Msg not nullptr
CPP Msg not nullptr
CPP Msg not nullptr
C Msg not NULL
C Msg not NULL
CPP Srv not nullptr
CPP Srv not nullptr
CPP Srv not nullptr
CPP Srv not nullptr
CPP Srv not nullptr
CPP Srv not nullptr
CPP Msg not nullptr
CPP Msg not nullptr
CPP Msg not nullptr
CPP Msg not nullptr
CPP Msg not nullptr
CPP Msg not nullptr
[E2ST-CSV] 5,10,20837870,1432070,93170,26660,816810,235780,19300180,110010
[E2ST-CSV] 5,11,21305330,1635760,104240,30010,698850,360200,19550940,97360
[E2ST-CSV] 5,12,21322900,1722200,98370,356050,623220,246840,19493660,102040
[E2ST-CSV] 5,13,21533500,1331880,219720,28880,607080,234010,20103150,94620
[E2ST-CSV] 5,14,21335240,1261550,96430,27480,595590,234440,19971060,90970
[E2ST-CSV] 5,15,20730710,1641740,443480,30690,680240,228620,18975890,91780
[E2ST-CSV] 5,16,13108560,1281980,75020,24800,402720,206180,11720620,56660
[E2ST-CSV] 5,17,15158570,1373850,73860,455480,316380,126100,13679280,53590
[E2ST-CSV] 5,18,26328890,1956070,303960,42620,1075350,360620,24259710,163590
[E2ST-CSV] 5,19,25148910,1625090,112940,31050,824160,285210,23416990,121260
[E2ST-CSV] 5,20,10401270,1032530,71360,20460,304940,118720,9243010,86010
[E2ST-CSV] 5,21,24390040,1756310,155300,32680,897510,381490,22508230,121710
[E2ST-CSV] 5,22,27151970,1630600,111880,32380,863020,335160,25404900,133690
[E2ST-CSV] 5,23,21749860,1528020,99910,28870,821740,371850,20112210,102840
[E2ST-CSV] 5,24,20964110,1658950,101410,28840,597020,241800,19187930,99280
[E2ST-CSV] 5,25,20238750,1341580,92810,26410,547520,213680,18790730,87860
[E2ST-CSV] 5,26,22601690,1440000,104460,30690,767640,251690,21040580,103520
[E2ST-CSV] 5,27,24430730,1481760,116360,31140,844150,280450,22837740,113940
[E2ST-CSV] 5,28,20967000,1344800,106110,27830,631460,279740,19508850,94520
[E2ST-CSV] 5,29,21283910,1389940,290010,38810,862470,506830,19777750,100660
[E2ST-CSV] 5,30,22344960,1420050,102500,29670,843560,243130,20815260,105270
[E2ST-CSV] 5,31,21685930,1412960,267080,30440,652970,298700,20153120,381920
[E2ST-CSV] 5,32,22919550,1402140,105280,30170,763450,379300,21398060,121170
[E2ST-CSV] 5,33,12692440,1105360,74850,21540,350240,144390,11479010,64730
[E2ST-CSV] 5,34,19163270,1393050,99650,25750,514780,201560,17661320,89630
[E2ST-CSV] 5,35,33342900,1936590,133220,38160,1121360,377410,31288710,150270
[E2ST-CSV] 5,36,32888970,1815860,136660,48520,1316220,714010,30946800,159930
[E2ST-CSV] 5,37,22627500,1399720,119670,30760,1015820,327550,21121550,116520
[E2ST-CSV] 5,38,13857910,1026700,84600,20360,324020,126910,12736690,52160
[E2ST-CSV] 5,39,21901060,1612430,269860,31830,615770,242210,20185120,98720
[E2ST-CSV] 5,40,30054270,1820130,128600,47500,808050,322320,28106950,380390
[E2ST-CSV] 5,41,17454560,1352930,252880,28130,657660,250240,15987620,105200
[E2ST-CSV] 5,42,21755770,1477020,99780,28640,665820,244670,20167690,173200
[E2ST-CSV] 5,43,21755850,1609310,102250,33060,781790,351590,20039250,97000
[E2ST-CSV] 5,44,9951330,1027750,73040,184850,311830,122650,8819730,54400
[E2ST-CSV] 5,45,21520600,1474410,104810,28470,593800,232750,19943830,92760
[E2ST-CSV] 5,46,29453790,1927140,134750,36470,998840,344080,27347780,139450
[E2ST-CSV] 5,47,21835430,1480690,108780,28980,737500,301970,20248660,103430
[E2ST-CSV] 5,48,9851080,1077560,254000,22230,323070,126140,8663280,56080
[E2ST-CSV] 5,49,21584230,1400340,113490,36780,942030,344830,20073120,110790
[E2ST-CSV] 5,50,21712560,1144440,96130,28650,611270,238430,20464460,159520
[E2ST-CSV] 5,51,22373050,1486820,105020,29520,766270,295550,20769170,317980
[E2ST-CSV] 5,52,16540460,1251750,403340,23490,430060,167550,15184940,56320
[E2ST-CSV] 5,53,20850680,1320540,96310,27840,569960,221170,19428600,92920
[E2ST-CSV] 5,54,21605100,1459430,141910,28690,649500,294560,20046840,92570
[E2ST-CSV] 5,55,21418170,1424460,100920,36850,580210,227820,19891910,91980
[E2ST-CSV] 5,56,26944660,1881890,136110,37790,1096250,574320,24920880,148830
[E2ST-CSV] 5,57,21049290,1588170,288870,33720,570990,223490,19353290,94330
[E2ST-CSV] 5,58,21786810,1118070,95590,27690,846470,273030,20563000,160490
[E2ST-CSV] 5,59,21327210,1626240,98700,28090,595150,238040,19589220,94810
[E2ST-CSV] 5,60,21314160,1586270,101300,28810,595920,233930,19623290,94960
[E2ST-CSV] 5,61,19594200,1331190,102910,28120,693700,213740,18148470,96650
[E2ST-CSV] 5,62,21400020,1673840,105140,28700,619640,251610,19614230,99450
[E2ST-CSV] 5,63,22051770,1644700,105300,28430,667510,290310,20298920,107140
[E2ST-CSV] 5,64,21296590,1381040,100470,28910,639950,231590,19815880,322100
[E2ST-CSV] 5,65,11366470,1144780,80140,22250,343500,138650,10116590,63090
[E2ST-CSV] 5,66,19313860,1372970,100490,26790,546300,226760,17826700,92430
[E2ST-CSV] 5,67,11507130,1056650,77060,20920,323070,125950,10346000,53830
[E2ST-CSV] 5,68,21995340,1590700,100860,28830,930580,236980,20301270,97310
[E2ST-CSV] 5,69,21399830,1360640,280340,29690,646690,296900,19925830,311440
[E2ST-CSV] 5,70,21638090,1447710,100340,28360,656840,296580,20085400,95050
[E2ST-CSV] 5,71,21131210,1366040,100610,28460,804520,247660,19650340,92610
[E2ST-CSV] 5,72,15133450,1186360,112110,22190,319040,127950,13845910,53730
[E2ST-CSV] 5,73,10562680,1043660,72260,21110,318550,127430,9414930,57330
[E2ST-CSV] 5,74,22330780,1427280,100930,29290,629710,244440,20727550,98880
[E2ST-CSV] 5,75,21239790,1398910,310270,27870,581160,224580,19742060,97200
[E2ST-CSV] 5,76,23394700,1707100,121760,33330,636080,216370,21522550,95300
[E2ST-CSV] 5,77,32584150,2168550,164410,44270,1099100,370070,29970460,154770
[E2ST-CSV] 5,78,9893130,1044740,71060,184080,318500,127720,8742960,54640
[E2ST-CSV] 5,79,21202380,1406740,100680,27890,791620,229640,19696990,94560
[E2ST-CSV] 5,80,17450490,1074520,67970,176210,649510,260410,16340850,100940
[E2ST-CSV] 5,81,27079140,1860690,124590,36060,783240,311500,25096630,135170
[E2ST-CSV] 5,82,21471580,1642950,105660,200450,669170,303680,19719960,98720
[E2ST-CSV] 5,83,21418450,1593830,277450,29250,658430,243670,19712590,105480
[E2ST-CSV] 5,84,21631250,1380590,101420,28960,912730,298830,20141430,104300
[E2ST-CSV] 5,85,32814040,2092970,144520,39290,1128680,393940,30609530,148020
[E2ST-CSV] 5,86,21640190,1412630,102470,29960,727730,358170,20104100,106390
[E2ST-CSV] 5,87,22499420,1558090,234690,32130,716870,321000,20829990,179550
[E2ST-CSV] 5,88,25384940,1788460,163330,43410,898580,278150,23478390,121610
[E2ST-CSV] 5,89,19505950,1036720,72350,20520,680260,267750,18430670,106140
[E2ST-CSV] 5,90,21245810,1163470,98640,28520,598650,241520,19973700,98060
[E2ST-CSV] 5,91,22353680,1214250,103960,28090,741960,372670,20797200,103720
[E2ST-CSV] 5,92,10738460,933280,74590,21180,317770,126890,9528000,53880
[E2ST-CSV] 5,93,21907270,1369850,282590,33730,903610,254930,20421730,104440
[E2ST-CSV] 5,94,20813370,1552330,101490,27230,565260,223630,19166340,95580
[E2ST-CSV] 5,95,28761340,2352670,434420,59660,820000,320330,25997120,135630
[E2ST-CSV] 5,96,21675380,2377080,100330,28600,661490,309810,19176950,106730
[E2ST-CSV] 5,97,22520860,1929390,206430,43230,557200,215760,20172960,91650
[E2ST-CSV] 5,98,25843060,1374660,112680,32040,1030210,450450,24061240,138390
[E2ST-CSV] 5,99,24396520,1602330,105350,30370,680780,272820,22666230,240460
[E2ST-CSV] 5,100,31155870,1935640,350630,37710,1055960,407690,29108840,166320
[E2ST-CSV] 5,101,10460770,899110,74330,20810,322780,130030,9451920,56380
[E2ST-CSV] 5,102,20517050,1525310,97740,28190,555080,220920,18873670,95250
[E2ST-CSV] 5,103,21192680,1163880,98300,27310,716460,235040,19928370,104200
[E2ST-CSV] 5,104,22754010,1384730,102690,29630,897030,261900,21268300,104190
[E2ST-CSV] 5,105,25596370,1013830,83310,24630,715610,285480,24475420,107610
[E2ST-CSV] 5,106,21247770,1555750,100350,29330,772650,348180,19576620,97210
[E2ST-CSV] 5,107,30654440,2269950,168820,44210,1175350,385930,27961480,165710
[E2ST-CSV] 5,108,21209150,1156300,97420,27740,625380,261320,19945440,94850
[E2ST-CSV] 5,109,17319220,1469190,114080,29830,425370,136930,15684960,53770
[E2ST-CSV] 5,110,27769470,1652080,117720,33930,1084380,522840,26002060,158480
[E2ST-CSV] 5,111,30047170,2286670,142470,45970,1102520,474690,27627290,158640
[E2ST-CSV] 5,112,24230270,1831500,125360,35810,781120,319090,22284090,141400
[E2ST-CSV] 5,113,10767200,1032390,71310,20620,309300,121680,9636630,51020
[E2ST-CSV] 5,114,22359060,1531770,247650,32140,801230,331340,20717400,101490
[E2ST-CSV] 5,115,21438520,1613830,100330,28670,652760,293020,19702870,101150
[E2ST-CSV] 5,116,10373150,1271550,79800,21090,337290,134900,8993800,60230
[E2ST-CSV] 5,117,31093530,2023740,315010,38950,887060,351060,28947690,142420
[E2ST-CSV] 5,118,23346760,1651690,91630,33290,539350,215800,21580340,90260
[E2ST-CSV] 5,119,10713810,877210,72400,21100,318580,126470,9585050,54000
[E2ST-CSV] 5,120,21294460,1158930,96680,27360,605610,255980,20037510,95330
[E2ST-CSV] 5,121,26561250,1974120,138200,39470,898600,357880,24395650,123770
[E2ST-CSV] 5,122,21232180,1534700,97780,199930,577030,230100,19582080,95630
[E2ST-CSV] 5,123,21400280,1435700,382850,28840,584580,226510,19855450,93160
[E2ST-CSV] 5,124,20256100,1253970,92950,29620,545530,214480,18889000,85860
[E2ST-CSV] 5,125,21224670,1532520,95590,27850,617010,230830,19582060,93290
[E2ST-CSV] 5,126,25616720,1891080,116510,33760,894130,454040,23603060,125180
[E2ST-CSV] 5,127,21109440,1680990,105560,29860,579690,233670,19310440,100940
[E2ST-CSV] 5,128,24675280,1338700,105050,29850,699180,282890,23234240,110130
[E2ST-CSV] 5,129,21609910,1137760,96310,27020,818210,222740,20367730,92100
[E2ST-CSV] 5,130,21259850,1150420,97110,27840,591860,237390,20013500,93780
[E2ST-CSV] 5,131,31603020,2010710,151570,38670,1031270,502450,29466160,148420
[E2ST-CSV] 5,132,11831300,1038350,74720,21130,319120,127890,10689630,54330
[E2ST-CSV] 5,133,10752920,1021630,71600,21220,329160,126490,9634450,52040
[E2ST-CSV] 5,134,21347180,1647340,98780,248290,591570,225910,19590530,95080
[E2ST-CSV] 5,135,14715290,1130970,85780,25280,436590,171000,13328590,72090
[E2ST-CSV] 5,136,19206840,1720470,114330,49110,628770,288890,17052010,84740
[E2ST-CSV] 5,137,18098620,1080520,74740,21810,325660,129350,16911400,56040
[E2ST-CSV] 5,138,31173730,1914680,129660,37300,958510,362760,29139980,145710
[E2ST-CSV] 5,139,20747030,1520540,94140,27290,568350,227550,19125340,94700
[E2ST-CSV] 5,140,26606800,2011100,138120,37550,945980,479200,24330520,134480
[E2ST-CSV] 5,141,23941800,1381260,107660,30460,704420,281020,22274500,114610
[E2ST-CSV] 5,142,21533270,1318330,218170,29750,588640,230950,19938060,100750
[E2ST-CSV] 5,143,21181980,1605610,268770,30210,609740,238920,19453100,98380
[E2ST-CSV] 5,144,19653260,1414480,93410,27020,580660,261660,18128250,91330
[E2ST-CSV] 5,145,23205060,1596770,109190,30830,658530,258230,21478670,109080
[E2ST-CSV] 5,146,21197120,1408840,105740,29860,863240,502820,19672070,99380
[E2ST-CSV] 5,147,19521790,1329790,110640,26280,647980,222370,18078600,87300
[E2ST-CSV] 5,148,21260910,1671790,352750,30730,590780,233530,19470250,98290
[E2ST-CSV] 5,149,10208910,1045510,71080,21490,310100,120210,9071160,50970
[E2ST-CSV] 5,150,11121680,565870,42440,11920,418020,160630,10526050,69840
[E2ST-CSV] 5,151,10622960,1133080,79570,22230,398500,160020,9380580,64770
[E2ST-CSV] 5,152,10012640,1061250,84220,20870,351040,160330,8855220,52590
[E2ST-CSV] 5,153,25018620,1579040,116460,33610,997980,451840,23317780,132410
[E2ST-CSV] 5,154,19479370,1301400,96260,25970,632200,224860,18070810,90210
[E2ST-CSV] 5,155,21128950,1656690,280070,30330,573650,238360,19357340,94180
[E2ST-CSV] 5,156,28340270,1855830,133490,38630,1088060,342510,26357160,148300
[E2ST-CSV] 5,157,20490260,1394300,95300,27310,545420,217090,18993560,93830
[E2ST-CSV] 5,158,30527370,2119080,136980,40200,1091160,368950,28016690,143710
[E2ST-CSV] 5,159,19584680,2011230,353390,35830,620350,210910,17411290,86250
[E2ST-CSV] 5,160,21215140,1371410,98370,27640,584980,236350,19745780,99490
[E2ST-CSV] 5,161,29424400,1916920,141070,36700,864840,348960,27373620,145190
[E2ST-CSV] 5,162,17822560,1466550,103580,28360,847600,343450,16298890,135850
[E2ST-CSV] 5,163,21125540,1133840,92640,26610,586310,221700,19892740,90150
[E2ST-CSV] 5,164,22024920,1638680,102240,30050,672590,239830,20278100,102200
[E2ST-CSV] 5,165,21216250,1264280,95850,27420,580080,235970,19850450,95970
[E2ST-CSV] 5,166,23320980,1731520,264230,32330,687490,272350,21472690,109170
[E2ST-CSV] 5,167,27838390,1772570,121000,35310,2174250,1622100,25949970,142870
[E2ST-CSV] 5,168,21952340,1383330,98700,216140,667860,263450,20453820,108510
[E2ST-CSV] 5,169,21071750,1557110,258650,28880,581390,232150,19401760,98360
[E2ST-CSV] 5,170,21177700,1519770,100320,189340,598340,244470,19539400,97150
[E2ST-CSV] 5,171,22784450,1257320,100500,28600,717000,280390,21257690,111520
[E2ST-CSV] 5,172,21285020,1583840,270880,30930,572750,228970,19588840,95860
[E2ST-CSV] 5,173,17911680,1514640,90370,26570,493620,196710,16286940,83070
[E2ST-CSV] 5,174,27292200,2508210,143670,286060,874960,396380,24611410,130640
[E2ST-CSV] 5,175,21573160,1348710,103630,28040,927310,460510,20116860,108610
[E2ST-CSV] 5,176,28093980,2067340,129410,201240,963380,487700,25897370,134160
[E2ST-CSV] 5,177,28225310,1337710,103900,29570,823690,364360,26628730,270190
[E2ST-CSV] 5,178,20160320,1418340,272020,31240,946410,459560,18635570,116600
[E2ST-CSV] 5,179,21476340,1620260,96490,27480,597630,235510,19684810,97400
[E2ST-CSV] 5,180,15441350,1184850,143970,183620,324570,130160,14147470,55590
[E2ST-CSV] 5,181,21398540,1560320,106820,73410,592830,238230,19717450,97830
[E2ST-CSV] 5,182,15999340,1500150,97350,28460,371360,133840,14074470,55730
[E2ST-CSV] 5,183,10797680,1197250,73630,20260,396990,130220,9495910,55650
[E2ST-CSV] 5,184,18830770,1049000,71580,20630,726350,129680,17679540,54190
[E2ST-CSV] 5,185,28758500,1691590,132420,36030,835490,327430,26797030,143990
[E2ST-CSV] 5,186,9726780,941850,82730,21390,410070,172520,8673970,100630
[E2ST-CSV] 5,187,20172380,1437740,77910,22330,849500,425420,18600740,112580
[E2ST-CSV] 5,188,15974690,1092690,82380,21790,326110,130120,14775380,56450
[E2ST-CSV] 5,189,16943040,1621550,100830,28050,333450,133840,14916270,59770
[E2ST-CSV] 5,190,25999900,2198930,129730,56080,1087810,313870,23680600,129060
[E2ST-CSV] 5,191,11108280,1284230,79230,22820,348680,143730,9706610,62220
[E2ST-CSV] 5,192,37012680,2940240,292200,57260,886240,341870,33897170,143640
[E2ST-CSV] 5,193,21025470,1273010,100250,25810,486260,193830,19643940,78550
[E2ST-CSV] 5,194,13501170,916910,74600,21580,322990,127110,12308100,58630
[E2ST-CSV] 5,195,26221080,1549520,120830,35200,895610,299270,24398310,126590
[E2ST-CSV] 5,196,16701930,1302910,93980,26320,670390,337250,15007730,98030
[E2ST-CSV] 5,197,17236460,1236100,91180,24950,594350,203980,15891040,81700
[E2ST-CSV] 5,198,11173490,1065480,74680,21640,331340,130490,10007770,119890
[E2ST-CSV] 5,199,29135020,2023520,129940,37220,1196900,376240,26987320,144350
[E2ST-CSV] 5,200,10435450,1058170,73570,21220,315990,124520,9272480,53790
[E2ST-CSV] 5,201,17873480,1210020,93670,26150,533350,216080,16367530,89870
[E2ST-CSV] 5,202,18285450,1411660,92330,26100,588870,288400,16762800,86120
[E2ST-CSV] 5,203,21079280,1430460,94220,25960,570350,266660,19545950,84280
[E2ST-CSV] 5,204,21659980,1565070,105440,28490,660630,238840,19987470,138410
[E2ST-CSV] 5,205,21526890,1522790,102960,27780,647200,290580,19895440,97610
[E2ST-CSV] 5,206,14821300,1406910,96500,22220,339360,143060,13301690,56930
[E2ST-CSV] 5,207,19957410,1918400,120290,34630,839990,275940,17898330,114490
[E2ST-CSV] 5,208,15721010,1373340,206770,27090,546750,224170,14232100,93360
[E2ST-CSV] 5,209,12691800,950730,75840,21050,326780,131160,11632180,57650
[E2ST-CSV] 5,210,12025790,1232350,76500,20570,326110,130270,10687960,57240
[E2ST-CSV] 5,211,12095950,1146550,79910,21640,364020,152360,10835920,69670
[E2ST-CSV] 5,212,18769300,1644260,109180,31800,528660,187020,16718950,75140
[E2ST-CSV] 5,213,21149480,1483300,96500,27970,609450,238300,19558290,97150
[E2ST-CSV] 5,214,20677910,1463570,92980,27100,581680,237930,19114700,93940
[E2ST-CSV] 5,215,20690790,1340620,277710,28900,639720,223280,19239480,92650
[E2ST-CSV] 5,216,15977840,1375850,152740,27910,552620,204920,14485670,87270
[E2ST-CSV] 5,217,27693710,1475950,113520,33530,940320,356500,26101610,148260
[E2ST-CSV] 5,218,10608660,946410,77240,21400,359040,130430,9559960,55780
[E2ST-CSV] 5,219,21047440,1473330,389080,31610,591520,239490,19464700,99840
[E2ST-CSV] 5,220,18225860,1245200,78520,22030,324970,130660,16851150,55940
[E2ST-CSV] 5,221,17544050,2009760,104420,30200,343340,141500,15376980,59700
[E2ST-CSV] 5,222,25734450,2247880,149960,34740,770930,301860,23320130,135450
[E2ST-CSV] 5,223,22590580,1446550,212600,34920,630910,211360,21032500,89730
[E2ST-CSV] 5,224,21435380,1378080,100870,215710,625480,220950,19949030,222680
[E2ST-CSV] 5,225,18629390,1778670,335050,30290,682450,266630,16436170,271960
[E2ST-CSV] 5,226,22868440,1649340,124570,35260,723110,306760,21068100,391440
[E2ST-CSV] 5,227,21081280,1473720,101110,29490,593660,245320,19497760,94360
[E2ST-CSV] 5,228,15949360,1469830,91280,26780,326100,130390,14333970,55440
[E2ST-CSV] 5,229,22456090,2064520,125110,35410,997230,362710,20280750,135990
[E2ST-CSV] 5,230,21443870,1498020,99330,28230,661260,298700,19838470,95630
[E2ST-CSV] 5,231,11296630,1087680,73740,20980,326620,131570,9795700,56310
[E2ST-CSV] 5,232,24517210,1622550,118050,45620,1094450,307810,22777610,130260
[E2ST-CSV] 5,233,12269000,883560,75250,20160,319230,128570,11281660,58000
[E2ST-CSV] 5,234,24865550,1570430,163110,34640,939570,439470,23175030,121650
[E2ST-CSV] 5,235,32597400,1992070,254560,38500,1000840,395150,30489850,168240
[E2ST-CSV] 5,236,9893910,1227990,77350,20940,322890,129520,8558220,56950
[E2ST-CSV] 5,237,21505220,1443420,106260,29340,766260,349850,19945700,99210
[E2ST-CSV] 5,238,25332460,2001430,134680,39230,807170,313110,23153070,128780
[E2ST-CSV] 5,239,21185160,1653190,281630,29400,565390,226110,19423920,95090
[E2ST-CSV] 5,240,10927230,917770,71290,29610,356340,163560,9762170,54350
[E2ST-CSV] 5,241,20367440,1184780,79600,22090,381440,180530,19067720,58390
[E2ST-CSV] 5,242,22578840,1445830,106320,30270,644140,258680,20996880,231660
[E2ST-CSV] 5,243,32176910,2107750,141880,40430,1254260,699080,29937590,160810
[E2ST-CSV] 5,244,10679100,1037430,70880,20460,322320,127950,9542830,58450
[E2ST-CSV] 5,245,10035120,889710,74420,20490,318280,127040,9042540,55560
[E2ST-CSV] 5,246,32320150,1984400,135750,37930,974010,392770,30061940,155860
[E2ST-CSV] 5,247,12221340,1258330,77590,21440,496700,179120,10854120,59900
[E2ST-CSV] 5,248,24130510,2000090,122780,30450,880530,390950,21712860,111110
[E2ST-CSV] 5,249,21071000,1573720,102430,28770,572060,222910,19387540,94300
[E2ST-CSV] 5,250,21339440,1432900,102190,28790,596990,229440,19803190,96460
[E2ST-CSV] 5,251,23407060,1731310,110960,36210,698410,276160,21560520,120580
[E2ST-CSV] 5,252,11981820,1098640,77510,21380,324040,130200,10776110,56200
[E2ST-CSV] 5,253,21328340,1143510,96130,26730,623380,255160,20079050,93700
[E2ST-CSV] 5,254,18406650,957090,140170,21390,331700,125630,17358510,52940
[E2ST-CSV] 5,255,27009340,1866220,132380,45140,655540,267290,24874260,104780
[E2ST-CSV] 5,256,21450350,1399670,107190,31270,847540,239340,19930700,143620
[E2ST-CSV] 5,257,19746140,1375680,96930,26920,533720,214200,18255180,84980
[E2ST-CSV] 5,258,21065820,1209220,101000,28190,854760,310220,19745210,98350
[E2ST-CSV] 5,259,19782290,1265890,93240,26410,640520,213620,18420440,83860
[E2ST-CSV] 5,260,21196130,1109480,91470,26130,559820,221490,19987250,89760
[E2ST-CSV] 5,261,14765090,1261540,163650,24630,497610,185970,13400580,74860
[E2ST-CSV] 5,262,17705150,2028580,114740,32080,475240,183950,15537130,74420
[E2ST-CSV] 5,263,20195580,1357470,93750,26080,648420,216920,18733650,88340
[E2ST-CSV] 5,264,21423840,1143290,95100,27580,780110,224720,20180630,153430
[E2ST-CSV] 5,265,19822220,1282970,93490,26470,625030,299430,18435960,86950
[E2ST-CSV] 5,266,14372610,1225990,156220,23330,474300,178220,13046200,72880
[E2ST-CSV] 5,267,17054340,1850720,610620,36940,482540,212410,14796460,73780
[E2ST-CSV] 5,268,21369540,1400910,281040,28660,882390,229140,19859260,96720
[E2ST-CSV] 5,269,20940140,1527220,101080,27430,572780,246010,19311190,85870
[E2ST-CSV] 5,270,18868050,1057430,89270,24870,491800,190120,17712630,77100
[E2ST-CSV] 5,271,20640030,1438440,93920,27410,1337190,1025440,19089210,84350
[E2ST-CSV] 5,272,20286540,1314250,93640,26530,531600,207300,18869190,89690
[E2ST-CSV] 5,273,21201440,1363200,315650,28710,574560,225150,19739030,108400
[E2ST-CSV] 5,274,19853450,1507610,95850,26960,578460,212360,18224320,98680
[E2ST-CSV] 5,275,20852770,1546490,98710,28360,560240,218280,19193250,90760
[E2ST-CSV] 5,276,19906560,1414620,94860,27560,516840,208340,18371100,87140
[E2ST-CSV] 5,277,20560920,1539060,99790,27680,641560,269530,18904400,91280
[E2ST-CSV] 5,278,21026060,1351400,97770,27880,572550,226830,19555360,292980
[E2ST-CSV] 5,279,20613960,1403270,92530,26510,590460,255920,19107540,90350
[E2ST-CSV] 5,280,21095450,1346780,299350,34930,556160,212920,19652040,87440
[E2ST-CSV] 5,281,15470660,1330480,83240,23820,451710,182570,14025580,75180
[E2ST-CSV] 5,282,20716190,1582660,99960,28400,561010,229290,19021990,89040
[E2ST-CSV] 5,283,21015060,1313250,96030,27500,556190,219070,19605060,86840
[E2ST-CSV] 5,284,20902520,1333720,93630,26910,554840,214400,19472250,85830
[E2ST-CSV] 5,285,21860500,1651790,104040,29530,697540,295750,20100170,99310
[E2ST-CSV] 5,286,20726390,1359880,98650,27620,748560,217570,19248800,98810
[E2ST-CSV] 5,287,11156690,867690,73230,19940,313930,126170,10192040,52720
[E2ST-CSV] 5,288,22296350,1686420,271850,29140,550040,212570,20488260,203820
[E2ST-CSV] 5,289,21050390,1637730,96670,28410,607160,255400,19307120,97030
[E2ST-CSV] 5,290,11946960,882400,68470,20830,344090,157400,10780310,50250
[E2ST-CSV] 5,291,8737190,515290,45430,10960,354880,140510,8181080,61340
[E2ST-CSV] 5,292,20647440,1577260,96680,29360,548080,225140,18955390,89010
[E2ST-CSV] 5,293,20949540,1624960,99860,28450,572770,231130,19212760,90950
[E2ST-CSV] 5,294,20648110,1300010,91990,199790,584230,212740,19247920,88380
[E2ST-CSV] 5,295,21069710,1335110,99580,209180,572480,224850,19625260,92740
[E2ST-CSV] 5,296,19775640,1376870,93880,27510,526010,208710,18278020,86400
[E2ST-CSV] 5,297,20341220,1525530,99030,29480,578990,260920,18709690,84070
[E2ST-CSV] 5,298,19342830,1296500,91650,26120,542180,236080,17918660,86760
[E2ST-CSV] 5,299,19111130,1350180,272040,27280,509790,200050,17654320,79970
[E2ST-CSV] 5,300,20513590,1281290,89760,26000,541140,212050,19130790,129590
[E2ST-CSV] 5,301,20270590,1193320,109510,27470,737470,223840,18966960,91790
[E2ST-CSV] 5,302,20349610,1453540,93260,27120,544570,205200,18785820,90850
[E2ST-CSV] 5,303,20707880,1333120,99610,27720,552300,214020,19262970,289970
[E2ST-CSV] 5,304,20609440,1261800,96590,25820,707730,214160,19255880,82190
[E2ST-CSV] 5,305,20876310,1330890,95320,26900,553780,221870,19444630,87770
[E2ST-CSV] 5,306,20492950,1310590,95490,26670,745780,223380,19072780,89450
[E2ST-CSV] 5,307,17536900,1264680,86220,24750,474070,176540,16169810,111080
[E2ST-CSV] 5,308,21118880,1412220,98770,27990,769270,416660,19591970,94210
[E2ST-CSV] 5,309,12162710,1108010,74770,21470,318540,125510,10956420,51940
[E2ST-CSV] 5,310,19591750,1238330,90230,25660,537850,197600,18251120,81480
[E2ST-CSV] 5,311,20608430,1363340,101000,28050,750550,219670,19110870,99840
[E2ST-CSV] 5,312,17780460,1303050,106260,26500,570080,221720,16358240,91440
[E2ST-CSV] 5,313,21014260,1653770,98490,28940,561650,214630,19252360,90720
[E2ST-CSV] 5,314,19866280,1380900,93870,26340,538320,211910,18383940,194950
[E2ST-CSV] 5,315,21125740,1388780,98840,26580,562130,220800,19632950,94910
[E2ST-CSV] 5,316,20599800,1466910,96080,27350,733810,216350,19018110,99110
[E2ST-CSV] 5,317,20804960,1445520,298190,28580,545550,214070,19252480,286170
[E2ST-CSV] 5,318,20821080,1550240,287790,28140,551270,223530,19166120,97700
[E2ST-CSV] 5,319,18986630,1367690,91430,25260,574090,207440,17513510,80370
[E2ST-CSV] 5,320,21631240,1456120,108820,28000,617990,261880,20079210,100830
[E2ST-CSV] 5,321,20102300,1357140,96440,27980,583680,207140,18632140,143800
[E2ST-CSV] 5,322,13485740,1099400,74960,22070,331980,133740,12271770,57300
[E2ST-CSV] 5,323,21161120,1172970,107410,27810,592410,232080,19883160,94590
[E2ST-CSV] 5,324,14210090,1234650,379240,23040,307800,119360,12875390,49720
[E2ST-CSV] 5,325,21361410,1451130,108140,27960,577780,228430,19809650,103370
[E2ST-CSV] 5,326,23854130,1620670,108100,31520,807670,384920,22116800,119000
[E2ST-CSV] 5,327,10544750,1246400,404000,23500,402140,131010,9195680,55510
[E2ST-CSV] 5,328,13748100,723860,56160,16370,548670,247850,12973420,76650
[E2ST-CSV] 5,329,11572750,1021260,70650,26880,311900,121360,10433100,52220
[E2ST-CSV] 5,330,11497520,1025630,70090,20780,316490,123960,10378620,49550
[E2ST-CSV] 5,331,34170480,1718770,131630,37130,1094200,500310,32321460,144150
[E2ST-CSV] 5,332,10866870,896840,83780,24730,474690,138740,9869530,56880
[E2ST-CSV] 5,333,21508690,1506770,116100,29100,602810,245550,19898610,102710
[E2ST-CSV] 5,334,20447660,1570870,93150,27540,577890,235340,18771330,90970
[E2ST-CSV] 5,335,11656700,1153950,71650,21190,308370,120160,10408850,50380
[E2ST-CSV] 5,336,20221360,1409790,108260,37490,552530,224410,18696300,91880
[E2ST-CSV] 5,337,19627510,1258050,96700,25800,569070,277380,18241800,254440
[E2ST-CSV] 5,338,21310800,1638560,277760,29310,587760,237760,19562520,92120
[E2ST-CSV] 5,339,21277800,1191200,97390,27800,597670,232050,19983010,95950
[E2ST-CSV] 5,340,22101580,1402160,94580,28130,638700,253380,20601900,101340
[E2ST-CSV] 5,341,19186320,1392320,268970,28230,529110,215440,17677530,87480
[E2ST-CSV] 5,342,21114440,1326870,94580,26580,570610,228490,19680010,98750
[E2ST-CSV] 5,343,11313420,1052390,72280,20150,304390,118610,10168240,49580
[E2ST-CSV] 5,344,21263090,1675980,105580,249180,584660,235070,19480750,101140
[E2ST-CSV] 5,345,10277910,1097200,75810,21620,399990,168820,9074670,58610
[E2ST-CSV] 5,346,10518030,1346320,78930,21600,333560,131690,9055210,58960
[E2ST-CSV] 5,347,21017080,1473670,115730,28070,558140,227710,19431020,87450
[E2ST-CSV] 5,348,11065380,1109310,74430,21530,327570,132240,9851940,132960
[E2ST-CSV] 5,349,16746910,1084620,72050,20660,319570,126420,15563340,53640
[E2ST-CSV] 5,350,33779960,2218980,311230,40220,1397510,782760,31433720,171660
[E2ST-CSV] 5,351,32833210,1766230,134220,37900,1295160,666560,30937300,160450
[E2ST-CSV] 5,352,18120710,1726660,119110,34300,795300,267390,15985490,91300
[E2ST-CSV] 5,353,10271190,1075360,72540,21080,355970,125950,9090150,83940
[E2ST-CSV] 5,354,15257670,1111410,253320,30430,318410,126540,14041900,54100
[E2ST-CSV] 5,355,18026140,843430,69100,19730,314390,121800,17090530,49880
[E2ST-CSV] 5,356,20118980,1648590,113130,33150,493760,197320,18303570,82020
[E2ST-CSV] 5,357,11493650,886940,74510,21570,319360,127160,10339170,53550
[E2ST-CSV] 5,358,21493940,1159640,98510,28130,809810,231800,20073140,93530
[E2ST-CSV] 5,359,21945450,1431470,322140,31090,726170,245460,20414360,101160
[E2ST-CSV] 5,360,19297270,1880650,158820,31720,460860,169880,17243770,73680
[E2ST-CSV] 5,361,22283040,1213170,99700,28620,716260,238190,20797970,111910
[E2ST-CSV] 5,362,21560600,1690840,293870,30430,673420,252360,19758070,99500
[E2ST-CSV] 5,363,21482200,1653630,118450,27710,651660,296230,19723600,109060
[E2ST-CSV] 5,364,23017690,1684940,102300,30190,691950,273760,21234090,114600
[E2ST-CSV] 5,365,20976900,1549240,99510,193250,577330,225170,19320790,94050
[E2ST-CSV] 5,366,34004330,2147560,146590,41830,1188000,407640,31716710,162990
[E2ST-CSV] 5,367,11912340,1098400,74190,21680,337950,137080,10711420,59570
[E2ST-CSV] 5,368,20741240,1365830,263190,29740,619410,229100,19265680,95690
[E2ST-CSV] 5,369,21855780,1402170,99700,28120,786950,307730,20350480,102530
[E2ST-CSV] 5,370,21310160,1333300,108020,26070,603980,219170,19869760,90670
[E2ST-CSV] 5,371,21077460,1373640,100110,28240,850840,289130,19581780,97100
[E2ST-CSV] 5,372,21325490,1690760,99760,194500,590320,234270,19518680,102950
[E2ST-CSV] 5,373,30511600,1705480,130540,37420,997270,452330,28681600,306100
[E2ST-CSV] 5,374,22193410,1397310,110700,28900,880040,257160,20686700,101380
[E2ST-CSV] 5,375,23136390,1376220,101110,28660,938530,264490,21648120,109460
[E2ST-CSV] 5,376,10936860,939360,75790,21910,456300,243110,9886770,58380
[E2ST-CSV] 5,377,21570510,1417460,108810,28170,599790,237120,20033120,343900
[E2ST-CSV] 5,378,18910300,1281730,93480,27200,605160,297920,17512240,84050
[E2ST-CSV] 5,379,20736120,1608320,97720,28270,542570,218670,19028440,92010
[E2ST-CSV] 5,380,10686790,1100820,78890,21470,343510,132180,9473790,55660
[E2ST-CSV] 5,381,22800900,1432070,101080,29220,806060,405760,21244270,110940
[E2ST-CSV] 5,382,21473500,1427070,101360,28600,891930,485300,19934080,103960
[E2ST-CSV] 5,383,20094690,1324480,98310,27490,597260,275330,18659470,90960
[E2ST-CSV] 5,384,21765940,1385700,101040,29070,851990,487420,20261170,100950
[E2ST-CSV] 5,385,21838090,1152910,98370,27490,906060,481360,20577540,98340
[E2ST-CSV] 5,386,10630400,1058540,71940,21870,345080,137560,9463700,60640
[E2ST-CSV] 5,387,25015750,1485170,285750,32790,973960,359750,23412260,107940
[E2ST-CSV] 5,388,22124270,1507130,110100,29590,851800,252390,20505000,103570
[E2ST-CSV] 5,389,21787320,1386170,101070,28460,854700,491990,20287340,97650
[E2ST-CSV] 5,390,21864820,1627270,99880,28610,669740,249140,20120010,104830
[E2ST-CSV] 5,391,20128510,1517690,108840,27710,538390,217150,18492770,91210
[E2ST-CSV] 5,392,16862390,836810,66350,19370,821210,420070,15960110,105280
[E2ST-CSV] 5,393,20632950,1334740,272600,29180,656170,268130,19191410,95490
[E2ST-CSV] 5,394,21150860,1564820,98080,28240,716270,245520,19482950,99950
[E2ST-CSV] 5,395,20743580,1296170,94440,27330,549880,217910,19346510,85640
[E2ST-CSV] 5,396,24154500,1525470,116280,32120,708260,281880,22503550,119480
[E2ST-CSV] 5,397,34191780,2738400,159870,47200,1155900,563090,31278710,160530
[E2ST-CSV] 5,398,21248110,1710880,101240,41030,562360,226220,19428740,93480
[E2ST-CSV] 5,399,21906890,1406500,101940,28270,855750,491520,20385660,105710
[E2ST-CSV] 5,400,25534550,2000040,138340,40760,1265670,464690,23409000,163310
[E2ST-CSV] 5,401,11022680,993240,106600,20020,405690,169280,9931770,58350
[E2ST-CSV] 5,402,10833410,939320,75140,25450,318510,126060,9631930,95880
[E2ST-CSV] 5,403,24076230,1532860,103190,200770,675480,269930,22432570,106910
[E2ST-CSV] 5,404,31397350,2255680,130240,37130,967140,378410,29022800,155140
[E2ST-CSV] 5,405,21389780,1721950,105920,29000,594130,236410,19556680,98600
[E2ST-CSV] 5,406,24451230,1543850,110950,30520,912550,432590,22815750,133830
[E2ST-CSV] 5,407,22080630,1393920,318570,29420,995720,237460,20574350,93470
[E2ST-CSV] 5,408,22406550,1378670,100710,28820,821040,240180,20918040,96060
[E2ST-CSV] 5,409,21287200,1329490,291710,27620,830890,296790,19854480,97600
[E2ST-CSV] 5,410,21730020,1671240,103770,28330,593660,236250,19950810,221330
[E2ST-CSV] 5,411,21431980,1475380,103630,29710,825630,462730,19840210,103280
[E2ST-CSV] 5,412,21517530,1466240,104540,28580,584120,232180,19939940,101120
[E2ST-CSV] 5,413,21877270,1432020,103140,27840,648500,238070,20339750,101440
[E2ST-CSV] 5,414,21401880,1373120,99920,28900,653640,237680,19915840,345180
[E2ST-CSV] 5,415,21858670,1406200,102470,28410,733800,301020,20351130,93880
[E2ST-CSV] 5,416,20154410,1278820,99260,28390,798340,403340,18778110,110740
[E2ST-CSV] 5,417,21557280,1460910,161880,234330,650440,234450,19982470,344680
[E2ST-CSV] 5,418,21854670,1397770,105220,28110,860090,486140,20336200,101030
[E2ST-CSV] 5,419,22081570,1418920,96930,27260,574970,223170,20554510,94900
[E2ST-CSV] 5,420,21691920,1393510,304080,32280,953440,545980,20184600,97360
[E2ST-CSV] 5,421,18596440,1348880,87130,24780,634530,258270,17171850,102660
[E2ST-CSV] 5,422,21583300,1392780,105750,28230,749330,235340,20080570,223090
[E2ST-CSV] 5,423,21753210,1524120,97950,27570,581690,231690,20131680,92080
[E2ST-CSV] 5,424,21281510,1379250,88530,24810,479690,191170,19805890,79020
[E2ST-CSV] 5,425,21449340,1452450,98120,27640,572300,222540,19901270,90470
[E2ST-CSV] 5,426,19718370,1275230,85860,24430,686380,269210,18374650,110320
[E2ST-CSV] 5,427,21429900,1657450,104850,28510,587520,237990,19660310,167430
[E2ST-CSV] 5,428,21747090,1633000,102000,28770,714630,344760,20009300,98890
[E2ST-CSV] 5,429,22862020,1585260,108070,29570,614080,237710,21162220,102310
[E2ST-CSV] 5,430,21797640,1622260,104390,28990,708260,233280,20065940,95870
[E2ST-CSV] 5,431,22127310,1376620,96810,27850,738730,371630,20654780,112250
[E2ST-CSV] 5,432,20507530,1370240,96530,30510,553510,222700,19030010,90440
[E2ST-CSV] 5,433,21481930,1603490,103690,29000,639150,292700,19774030,93230
[E2ST-CSV] 5,434,21314660,1377950,118160,28080,855060,442940,19827620,93600
[E2ST-CSV] 5,435,21602930,1479060,104840,29140,650810,236620,20016710,98000
[E2ST-CSV] 5,436,8419370,493260,41640,11860,329430,132520,7882040,59770
[E2ST-CSV] 5,437,21492290,1418570,106600,28750,887660,502530,19957670,100310
[E2ST-CSV] 5,438,21546760,1449260,314440,29580,826980,474430,19984120,94620
[E2ST-CSV] 5,439,20480400,1555900,99370,26720,512140,202720,18814270,87240
[E2ST-CSV] 5,440,21424990,1366320,296680,29670,865880,517520,19948600,107470
[E2ST-CSV] 5,441,21752340,1370760,98100,27810,696590,359980,20255590,95040
[E2ST-CSV] 5,442,21134780,1474440,106480,109850,550190,217930,19544770,302270
[E2ST-CSV] 5,443,20611000,1304920,94920,26990,543490,217570,19201410,316060
[E2ST-CSV] 5,444,21356880,1440180,103130,33110,851190,504440,19794740,102340
[E2ST-CSV] 5,445,22120970,1421260,285710,30570,866890,251360,20586810,99330
[E2ST-CSV] 5,446,9862930,534850,45170,12190,406330,160800,9232880,67540
[E2ST-CSV] 5,447,22177620,1412860,291790,29690,637100,254700,20648710,339370
[E2ST-CSV] 5,448,21483360,1685060,103530,28680,599530,236440,19692500,105680
[E2ST-CSV] 5,449,10261730,1025930,79360,21100,419770,167540,9129380,54950
[E2ST-CSV] 5,450,21745310,1459660,98840,28080,656920,235340,20181760,165950
[E2ST-CSV] 5,451,19163280,1209990,83080,23030,659000,263210,17888870,117700
[E2ST-CSV] 5,452,20785010,1592010,100140,28110,596260,241960,19076150,98800
[E2ST-CSV] 5,453,22200480,1563280,107560,29670,629130,252220,20524030,101300
[E2ST-CSV] 5,454,20468010,1361870,282350,28270,576150,232930,19002890,95600
[E2ST-CSV] 5,455,22021890,1384140,286470,30040,873280,267480,20524900,98230
[E2ST-CSV] 5,456,22251100,1122660,90800,25600,646690,259670,20882090,193970
[E2ST-CSV] 5,457,19810610,1297780,283520,28310,654040,324340,18404250,94220
[E2ST-CSV] 5,458,21644530,1460320,106880,29270,593600,236610,20068700,432050
[E2ST-CSV] 5,459,21690130,1352650,291730,29430,976010,612300,20226760,97810
[E2ST-CSV] 5,460,21875280,1462250,103020,29230,682470,253900,20306590,112050
[E2ST-CSV] 5,461,21066540,1090100,95760,25750,876400,475450,19896580,112060
[E2ST-CSV] 5,462,13182530,1180480,78410,21980,316510,125960,11873700,53790
[E2ST-CSV] 5,463,10025240,1068910,72220,20240,318150,127860,8854150,69730
[E2ST-CSV] 5,464,21144440,1654610,164260,28410,556830,222530,19383730,94390
[E2ST-CSV] 5,465,21410410,1346710,96100,26750,876410,289430,19955720,93710
[E2ST-CSV] 5,466,11036040,944290,65760,18610,344480,141190,10006880,62990
[E2ST-CSV] 5,467,21318340,1384480,100620,28660,954410,259250,19819530,96400
[E2ST-CSV] 5,468,21218940,1708350,303390,30900,568000,226690,19401590,94070
[E2ST-CSV] 5,469,20024510,1294880,291520,27240,652160,215240,18625020,144740
[E2ST-CSV] 5,470,21350530,1424760,94880,27340,594460,234330,19825100,93270
[E2ST-CSV] 5,471,16347590,895780,70080,19270,570020,226410,15402820,93430
[E2ST-CSV] 5,472,22877070,1414340,108340,232960,648950,256410,21351960,147110
[E2ST-CSV] 5,473,21310660,1670440,102180,29030,577410,229830,19535400,98190
[E2ST-CSV] 5,474,21082900,1156440,93890,26910,587170,229470,19827430,94720
[E2ST-CSV] 5,475,9682860,1020330,72100,20820,313510,120560,8565480,50510
[E2ST-CSV] 5,476,10666780,723100,53530,14060,415040,163780,9894230,70770
[E2ST-CSV] 5,477,20564380,1328980,97680,27030,579380,253150,19118450,131390
[E2ST-CSV] 5,478,9785750,1035080,72390,20700,318620,122820,8651860,52230
[E2ST-CSV] 5,479,21845530,1086430,92230,26610,618170,222020,20662260,91810
[E2ST-CSV] 5,480,9595950,824290,69980,20060,310310,121610,8679260,87660
[E2ST-CSV] 5,481,21421090,1317440,98560,26840,924710,516840,20007900,99820
[E2ST-CSV] 5,482,12292530,1141450,79000,26020,461050,255540,11043520,60420
[E2ST-CSV] 5,483,19592270,1450160,98230,26900,534860,210490,18033950,90200
[E2ST-CSV] 5,484,20516380,1519690,97060,27530,618850,254850,18898430,89120
[E2ST-CSV] 5,485,24407750,1602830,120940,34070,996510,527030,22683540,127290
[E2ST-CSV] 5,486,11583220,730740,62400,16760,668840,386310,10801420,83130
[E2ST-CSV] 5,487,21619560,1452810,103770,29310,883630,245030,20050400,100180
[E2ST-CSV] 5,488,21622110,1437140,101480,29460,884140,309620,20057280,104560
[E2ST-CSV] 5,489,21484680,1637590,101830,223760,648960,289710,19740740,96200
[E2ST-CSV] 5,490,21000540,1537640,274130,30110,558540,219050,19356270,99940
[E2ST-CSV] 5,491,14305110,953450,68920,20040,571260,180610,13276790,75750
[E2ST-CSV] 5,492,17610400,1385850,261440,27230,526170,239740,16117580,84340
[E2ST-CSV] 5,493,21418020,1692950,285720,30790,586410,235980,19612160,102820
[E2ST-CSV] 5,494,21514150,1214470,95930,27540,599520,235610,20204260,97500
[E2ST-CSV] 5,495,21769590,1458360,299440,30020,684180,254900,20191830,338740
[E2ST-CSV] 5,496,18099350,977920,73060,21000,588560,243560,17062770,99620
[E2ST-CSV] 5,497,21712410,1349670,269960,29260,815580,237410,20246250,97070
[E2ST-CSV] 5,498,20523640,1335800,276830,29910,560290,223590,19080570,135940
[E2ST-CSV] 5,499,20809810,1619500,94180,27030,555750,220060,19081860,90370
[E2ST-CSV] 5,500,21416330,1587970,103010,28120,591630,232070,19723010,97150
[E2ST-CSV] 5,501,17601310,1132150,88680,31050,634930,233750,16407990,98910
[E2ST-CSV] 5,502,20475620,1351770,101300,27160,580300,225840,19015830,96720
[E2ST-CSV] 5,503,9742490,1044340,74720,199950,314120,123710,8599810,51570
[E2ST-CSV] 5,504,21543400,1615530,99380,28070,661930,303020,19824350,94860
[E2ST-CSV] 5,505,24863820,1673790,119870,33040,761290,299200,23078860,120100
[E2ST-CSV] 5,506,17704620,1045340,80390,26350,690000,321480,16593050,102830
[E2ST-CSV] 5,507,21221810,1632090,285780,29910,571980,224140,19466590,90300
[E2ST-CSV] 5,508,28872270,1942900,325480,44220,1169920,606400,26803620,146890
[E2ST-CSV] 5,509,21110380,1612670,102970,28150,569770,222260,19387250,94090
[E2ST-SUMMARY] chain_len=5 e2e_avg=20242570 publish_avg=1427026 gc_trigger_avg=130794 invoke_cb_avg=38370 getnext_avg=646160 take_data_avg=263126 sched_avg=18688731 dispatch_avg=108234
